  0.500000000    
  0.511005700    
  0.503927767    
  0.500000000    
  0.500000000    
  0.495277882    
  0.489788651    
  0.500000000    
  0.550322890    
  0.511005700    
  0.503927767    
  0.514143229    
  0.477913260    
  0.495277882    
  0.489788651    
  0.457620621    
  0.550322890    
  0.734358191    
  0.524560332    
  0.514143229    
  0.477913260    
  0.396798491    
  0.262280166    
  0.203357399    
  0.121685803    
  0.198399246    
  0.172141492    
  0.344282985    
  0.457620621    
  0.104420424    
  0.104420424    
   2.05675960E-02
   2.05675960E-02
  -2.05675960E-02
  0.121685803    
  0.367179096    
  0.203357399    
  -2.05675960E-02
