 -0.500000000    
 -0.508649051    
 -0.502976239    
 -0.500000000    
 -0.500000000    
 -0.496293664    
 -0.492081046    
 -0.500000000    
 -0.539989412    
 -0.508649051    
 -0.502976239    
 -0.509991467    
 -0.482705951    
 -0.496293664    
 -0.492081046    
 -0.467313170    
 -0.539989412    
 -0.691320717    
 -0.506157339    
 -0.509991467    
 -0.482705951    
 -0.421547294    
 -0.253078669    
 -0.176705360    
 -0.162455857    
 -0.210773647    
 -0.190487325    
 -0.380974650    
 -0.467313170    
 -0.138473094    
 -0.138473094    
  -7.17656612E-02
  -7.17656612E-02
 -0.114581704    
 -0.162455857    
 -0.345660359    
 -0.176705360    
 -0.114581704    
