  -0.00000000    
  -5.50282001E-03
  -5.50282001E-03
  -7.46667385E-03
  -7.46667385E-03
  -5.10561466E-03
  -5.10561466E-03
  -0.00000000    
  -0.00000000    
  -1.96586251E-02
  -1.96586251E-02
  -2.47663856E-02
  -2.47663856E-02
  -1.60840750E-02
  -1.60840750E-02
  -0.00000000    
  -0.00000000    
  -9.20177102E-02
  -9.20177102E-02
  -9.72262621E-02
  -9.72262621E-02
  -5.66688180E-02
 -0.203357339    
 -0.144434571    
 -0.144434571    
  -6.77211881E-02
  -6.77211881E-02
  -5.66688180E-02
  -0.00000000    
  -1.04420185E-02
  -2.61050463E-02
  -5.45042157E-02
  -1.33689642E-02
  -8.38526487E-02
 -0.226106107    
 -0.203357339    
 -0.226106107    
  -2.05676556E-02
