  -0.00000000    
  -1.01912618E-02
  -1.01912618E-02
  -1.33641958E-02
  -1.33641958E-02
  -8.92955065E-03
  -8.92955065E-03
  -0.00000000    
  -0.00000000    
  -3.82646918E-02
  -3.82646918E-02
  -4.37945724E-02
  -4.37945724E-02
  -2.69086361E-02
  -2.69086361E-02
  -0.00000000    
  -0.00000000    
 -0.197276980    
 -0.197276980    
 -0.163888156    
 -0.163888156    
  -8.49781036E-02
 -0.504267097    
 -0.195260763    
 -0.195260763    
  -7.33677745E-02
  -7.33677745E-02
  -8.49781036E-02
  -0.00000000    
  -5.58161736E-03
  -1.39539838E-02
  -2.91341543E-02
  -7.14617968E-03
  -4.48218584E-02
  -8.36923122E-02
 -0.504267097    
  -8.36923122E-02
  -1.09940767E-02
