  -0.00000000    
  -4.32452559E-03
  -4.32452559E-03
  -5.81264496E-03
  -5.81264496E-03
  -3.95947695E-03
  -3.95947695E-03
  -0.00000000    
  -0.00000000    
  -1.56701803E-02
  -1.56701803E-02
  -1.91777945E-02
  -1.91777945E-02
  -1.23839378E-02
  -1.23839378E-02
  -0.00000000    
  -0.00000000    
  -7.56656528E-02
  -7.56656528E-02
  -7.37485886E-02
  -7.37485886E-02
  -4.31692600E-02
 -0.176705331    
 -0.100332022    
 -0.100332022    
  -5.20142317E-02
  -5.20142317E-02
  -4.31692600E-02
  -0.00000000    
  -1.38472915E-02
  -3.46182585E-02
  -4.33598757E-02
  -4.66476679E-02
  -6.67074323E-02
 -0.114581585    
 -0.176705331    
 -0.114581585    
  -7.17656612E-02
