 -0.500000000    
 -0.520382524    
 -0.506345868    
 -0.500000000    
 -0.500000000    
 -0.491130710    
 -0.482140899    
 -0.500000000    
 -0.596911907    
 -0.520382524    
 -0.506345868    
 -0.517405629    
 -0.457358837    
 -0.491130710    
 -0.482140899    
 -0.428323627    
 -0.596911907    
 -0.991465867    
 -0.450627983    
 -0.517405629    
 -0.457358837    
 -0.299538732    
 -0.225313991    
   8.36923122E-02
  -2.78763771E-02
 -0.149769366    
 -0.129183710    
 -0.258367419    
 -0.428323627    
  -5.58159351E-02
  -5.58159351E-02
  -1.09940767E-02
  -1.09940767E-02
   1.09940767E-02
  -2.78763771E-02
 -0.495732933    
   8.36923122E-02
   1.09940767E-02
