   4.93213702E-06
  -6.38538855E-04
  -8.38228327E-04
  -7.26005179E-04
  -1.18933944E-03
  -9.43147286E-04
  -1.22558977E-03
  -9.89293680E-04
  -4.65518067E-04
  -3.10709176E-04
  -8.40114837E-04
  -9.60078265E-04
  -7.61750096E-04
  -8.85816233E-04
  -6.97611016E-04
  -8.06437864E-04
  -5.20151807E-04
  -6.27746282E-04
  -1.85930738E-04
  -2.22341157E-04
  -4.67006903E-04
  -7.47028040E-04
  -1.35864597E-03
  -7.55948946E-04
  -1.49145932E-03
  -1.50872651E-03
  -1.41304336E-03
  -1.23326248E-03
  -2.01461627E-03
  -1.28502643E-03
  -1.41464116E-03
  -1.20539300E-03
  -1.31659047E-03
  -8.23065348E-04
  -1.14507426E-03
  -1.22958329E-03
  -9.96358460E-04
  -9.02158790E-04
  -9.76569136E-04
  -8.06437864E-04
  -8.89627147E-04
  -7.04440637E-04
  -7.98322319E-04
  -5.96859958E-04
  -6.99932221E-04
  -4.07086423E-04
  -4.74167260E-04
  -5.83375455E-04
  -1.12776738E-03
  -1.41975249E-03
  -1.59969029E-03
  -1.71858526E-03
  -1.58251449E-03
  -1.72751572E-03
  -1.54836266E-03
  -1.70801487E-03
  -1.49505329E-03
  -1.63998362E-03
  -1.41464279E-03
  -1.54495903E-03
  -1.31659198E-03
  -1.43706508E-03
  -1.22958457E-03
  -1.32992247E-03
  -7.36849674E-04
  -1.27472240E-03
  -1.23219006E-03
  -9.76570183E-04
  -1.05517660E-03
  -8.89628136E-04
  -9.68690030E-04
  -7.98323192E-04
  -8.86852155E-04
  -6.99932978E-04
  -8.04205716E-04
  -5.83376095E-04
  -7.14057591E-04
  -4.66289028E-04
  -4.92306077E-04
  -6.07568363E-04
  -7.86439574E-04
  -1.92695961E-03
  -1.08781829E-03
  -1.64815155E-03
  -1.69506564E-03
  -1.72754622E-03
  -1.89298461E-03
  -1.70804502E-03
  -1.91740505E-03
  -1.64001249E-03
  -1.83577579E-03
  -1.54498627E-03
  -1.71079079E-03
  -1.43709045E-03
  -1.57497893E-03
  -1.32994598E-03
  -1.44351320E-03
  -1.00778008E-03
  -1.23221183E-03
  -1.00052159E-03
  -1.32257026E-03
  -2.35252912E-04
  -3.51631927E-04
  -1.05519511E-03
  -1.12304953E-03
  -9.68707085E-04
  -1.04029477E-03
  -8.86867754E-04
  -9.65018058E-04
  -8.04219861E-04
  -8.96624406E-04
  -7.14070164E-04
  -8.31173675E-04
  -6.07579073E-04
  -7.60222087E-04
  -4.84438933E-04
  -5.75593091E-04
  -6.67550310E-04
  -5.58784057E-04
  -9.78024327E-04
  -1.37287285E-03
  -9.91673907E-04
  -1.69503398E-03
  -1.69011962E-03
  -1.89294922E-03
  -2.14191643E-03
  -1.91736920E-03
  -2.23163958E-03
  -1.83574145E-03
  -2.11304170E-03
  -1.71075878E-03
  -1.92951795E-03
  -1.57494948E-03
  -1.74285332E-03
  -1.44348620E-03
  -1.57316786E-03
  -1.48617802E-03
  -1.32254558E-03
  -1.32746727E-03
  -1.42545975E-03
  -1.12302846E-03
  -1.04027533E-03
  -1.10194518E-03
  -9.65000014E-04
  -1.02897221E-03
  -8.96607642E-04
  -9.69742192E-04
  -8.31158133E-04
  -9.24162334E-04
  -7.60207826E-04
  -8.89438088E-04
  -6.67537795E-04
  -8.53965001E-04
  -4.52258682E-04
  -6.17484038E-04
  -5.72975376E-04
  -7.77119712E-04
   8.45763541E-04
  -4.52188076E-04
  -9.91675071E-04
   3.56126329E-05
  -1.69012148E-03
  -1.38039899E-03
  -2.14191875E-03
  -2.55781342E-03
  -2.23164214E-03
  -2.79048528E-03
  -2.11304403E-03
  -2.54183542E-03
  -1.92952005E-03
  -2.22840300E-03
  -1.74285518E-03
  -1.95082184E-03
  -1.57316960E-03
  -1.72134547E-03
  -1.47377956E-03
  -1.64311705E-03
  -1.42546138E-03
  -1.53321505E-03
  -1.10194634E-03
  -1.15756609E-03
  -1.02897338E-03
  -1.07781577E-03
  -9.69743240E-04
  -1.02007459E-03
  -9.24163323E-04
  -9.84628452E-04
  -8.89439078E-04
  -9.74777678E-04
  -8.53965932E-04
  -9.94321308E-04
  -7.77120586E-04
  -1.03811536E-03
  -5.95219317E-04
  -4.07774613E-04
  -1.03423907E-03
   3.05279566E-04
   8.15877982E-04
   9.93219204E-04
   3.56125929E-05
   2.35068263E-03
  -1.38039747E-03
   2.62125308E-04
  -2.55781063E-03
  -3.32940975E-03
  -2.79048225E-03
  -4.02644929E-03
  -2.54183263E-03
  -3.25817172E-03
  -2.22840044E-03
  -2.63938680E-03
  -1.95081963E-03
  -2.20215856E-03
  -1.72134349E-03
  -1.88479736E-03
  -1.69208541E-03
  -1.79497246E-03
  -1.53321330E-03
  -1.64582231E-03
  -1.15756481E-03
  -1.19950087E-03
  -1.07781461E-03
  -1.11106434E-03
  -1.02007354E-03
  -1.04801718E-03
  -9.84627404E-04
  -1.01184996E-03
  -9.74776573E-04
  -1.00797520E-03
  -9.94320144E-04
  -1.04910263E-03
  -1.03811419E-03
  -1.16240943E-03
  -1.03423791E-03
  -1.41040294E-03
  -9.38141660E-04
  -2.67231575E-04
  -1.96151133E-03
   1.92514935E-03
   5.19863272E-04
   1.43212173E-03
   2.35068519E-03
   3.40753444E-03
   2.62125599E-04
   8.41651857E-03
  -3.32941348E-03
  -4.45847958E-03
  -4.02645394E-03
  -7.83797167E-03
  -3.25817522E-03
  -4.42351354E-03
  -2.63938960E-03
  -3.14429798E-03
  -2.20216112E-03
  -2.46991357E-03
  -1.88479945E-03
  -2.04423070E-03
  -1.58053578E-03
  -1.64582417E-03
  -1.48143980E-03
  -1.74740027E-03
  -1.19950215E-03
  -1.22596661E-03
  -1.11106550E-03
  -1.12779404E-03
  -1.04801834E-03
  -1.05600571E-03
  -1.01185101E-03
  -1.01163343E-03
  -1.00797624E-03
  -9.98912263E-04
  -1.04910380E-03
  -1.02882378E-03
  -1.16241071E-03
  -1.12665701E-03
  -1.41040445E-03
  -1.35652116E-03
  -3.49709741E-03
  -3.33176926E-03
  -1.96151342E-03
  -1.91229465E-03
   1.92872144E-03
   2.18192558E-03
   3.40753072E-03
   2.48825084E-03
   8.41650926E-03
   3.83633771E-03
  -4.45847446E-03
   4.69173631E-03
  -7.83796236E-03
  -7.19001284E-03
  -4.42350842E-03
  -4.85597225E-03
  -3.14429449E-03
  -3.43928835E-03
  -2.46991101E-03
  -2.64398498E-03
  -2.04422860E-03
  -2.14962172E-03
  -1.32727646E-03
  -1.74739840E-03
  -1.05116132E-03
  -1.81387295E-03
  -1.22596521E-03
  -1.23715703E-03
  -1.12779276E-03
  -1.12783071E-03
  -1.05600455E-03
  -1.04637991E-03
  -1.01163227E-03
  -9.91109293E-04
  -9.98911215E-04
  -9.63589235E-04
  -1.02882262E-03
  -9.69221815E-04
  -1.12665573E-03
  -1.02021359E-03
  -1.35651964E-03
  -1.14155852E-03
  -1.91229256E-03
  -1.38282229E-03
  -1.16065831E-03
  -3.51138320E-03
  -1.82035053E-03
   4.60320880E-04
   5.15511667E-04
   2.24591559E-03
   1.96764735E-03
   2.48829741E-03
   1.88096473E-03
   3.83640965E-03
   2.11015181E-03
   4.69182432E-03
   1.85147987E-03
  -7.19014741E-03
  -8.31898826E-04
  -4.85606305E-03
  -3.20349704E-03
  -3.43935285E-03
  -3.02785728E-03
  -2.64403457E-03
  -2.53914087E-03
  -2.02759728E-03
  -2.14966200E-03
  -2.12225225E-03
  -6.79129909E-04
  -9.07905749E-04
  -1.81390683E-03
  -1.80394668E-03
  -1.28087879E-03
  -1.23718020E-03
  -1.22844463E-03
  -1.12785178E-03
  -1.10948738E-03
  -1.04639947E-03
  -1.02002535E-03
  -9.91127803E-04
  -9.55056224E-04
  -9.63607279E-04
  -9.13493044E-04
  -9.69239976E-04
  -8.96300713E-04
  -1.02023268E-03
  -9.06335714E-04
  -1.14157994E-03
  -9.46748478E-04
  -1.38284813E-03
  -1.01263088E-03
  -1.82038464E-03
  -1.04569423E-03
  -1.07020285E-04
  -4.52586246E-04
  -7.05277314E-04
   5.50539466E-04
   6.99893280E-04
   1.81518553E-03
   1.60362839E-03
   1.88093050E-03
   1.53687084E-03
   2.11011339E-03
   1.45094784E-03
   1.85144623E-03
   1.13296253E-03
  -8.31883692E-04
   1.42142497E-04
  -3.20343883E-03
  -1.24146906E-03
  -3.02780233E-03
  -2.02545593E-03
  -2.53909477E-03
  -2.08627223E-03
  -1.68490037E-03
  -2.12221360E-03
  -1.37760420E-03
  -1.90865411E-03
  -1.36778352E-03
  -1.31824461E-03
  -1.22842228E-03
  -1.18010386E-03
  -1.10946712E-03
  -1.06717157E-03
  -1.02000672E-03
  -9.75563948E-04
  -9.55038879E-04
  -9.04915913E-04
  -9.13476455E-04
  -8.53506732E-04
  -8.96284473E-04
  -8.20197340E-04
  -9.06319241E-04
  -8.03542382E-04
  -9.46731307E-04
  -7.99854868E-04
  -1.01261237E-03
  -7.96859269E-04
  -1.04567525E-03
  -7.57011177E-04
  -2.21246199E-04
  -2.09902082E-05
  -7.05264509E-04
  -5.88093128E-04
   7.15168950E-04
   7.44640827E-04
   1.60362839E-03
   1.39936863E-03
   1.53687084E-03
   1.30877958E-03
   1.45094784E-03
   1.15624897E-03
   1.13296253E-03
   8.80265783E-04
   1.42142497E-04
   3.54349351E-04
  -1.24146906E-03
  -4.05482017E-04
  -2.02545593E-03
  -1.10054063E-03
  -2.08627223E-03
  -1.47178373E-03
  -9.39209422E-04
  -1.90865411E-03
  -6.81992737E-04
  -1.35604409E-03
  -1.53281435E-03
  -1.31824461E-03
  -1.22065900E-03
  -1.18010386E-03
  -1.10027054E-03
  -1.06717157E-03
  -9.97386873E-04
  -9.75563948E-04
  -9.10761766E-04
  -9.04915913E-04
  -8.39945627E-04
  -8.53506732E-04
  -7.84175994E-04
  -8.20197340E-04
  -7.41994416E-04
  -8.03542382E-04
  -7.10830791E-04
  -7.99854868E-04
  -6.85967621E-04
  -7.96859269E-04
  -6.57370430E-04
  -7.57011177E-04
  -6.04399771E-04
  -5.88093128E-04
  -4.90720035E-04
  -6.00425992E-05
  -1.47835526E-04
  -2.79180647E-04
   7.51426793E-04
   6.50895236E-04
   1.39936781E-03
   1.31059508E-03
   1.30877888E-03
   1.15970115E-03
   1.15624839E-03
   9.93226655E-04
   8.80265317E-04
   7.63078162E-04
   3.54349148E-04
   4.20597149E-04
  -4.05481784E-04
  -4.26035476E-05
  -1.10054004E-03
  -5.34572580E-04
  -8.81413347E-04
  -1.44498132E-03
  -1.47178292E-03
  -7.12769397E-04
  -9.10094532E-04
  -1.22065831E-03
  -1.06601487E-03
  -1.10026996E-03
  -9.83249629E-04
  -9.97386407E-04
  -8.99895502E-04
  -9.10761242E-04
  -8.24231247E-04
  -8.39945162E-04
  -7.58698734E-04
  -7.84175529E-04
  -7.03972240E-04
  -7.41994008E-04
  -6.59245707E-04
  -7.10830383E-04
  -6.22354972E-04
  -6.85967214E-04
  -5.89222065E-04
  -6.57370081E-04
  -5.52935759E-04
  -6.04399422E-04
  -5.01996896E-04
  -4.90719802E-04
  -4.20079159E-04
  -2.79180502E-04
  -2.93949153E-04
  -3.77682845E-05
  -1.94085114E-05
  -1.42926452E-04
   7.80860253E-04
   8.02005117E-04
   1.31059589E-03
   1.30365649E-03
   1.15970173E-03
   1.06198480E-03
   9.93227120E-04
   8.82024004E-04
   7.63078569E-04
   6.86826999E-04
   4.20597382E-04
   4.39467811E-04
  -4.26035695E-05
   1.29598760E-04
  -5.34572930E-04
  -2.15390362E-04
  -2.98709812E-04
  -9.10095056E-04
  -2.18083922E-04
  -4.13361500E-04
  -5.24912786E-04
  -1.14849466E-03
  -9.00011684E-04
  -1.06601557E-03
  -8.82218301E-04
  -9.83250211E-04
  -8.33920436E-04
  -8.99896026E-04
  -7.75759749E-04
  -8.24231713E-04
  -7.16146780E-04
  -7.58699141E-04
  -6.60359743E-04
  -7.03972648E-04
  -6.11074793E-04
  -6.59246056E-04
  -5.68858581E-04
  -6.22355321E-04
  -5.32406557E-04
  -5.89222414E-04
  -4.98617068E-04
  -5.52936050E-04
  -4.62826487E-04
  -5.01997187E-04
  -4.18391253E-04
  -4.20079392E-04
  -3.56989709E-04
  -2.93949299E-04
  -2.71094177E-04
  -1.96040073E-05
  -1.42926525E-04
  -1.59291129E-04
   1.09936297E-03
   1.39806245E-03
   1.30365649E-03
   1.12329749E-03
   1.06198480E-03
   9.39126243E-04
   8.82024004E-04
   7.74794375E-04
   6.86826999E-04
   6.13573473E-04
   4.39467811E-04
   4.28092200E-04
   1.29598760E-04
   2.08683967E-04
  -1.98247959E-04
  -3.30128940E-04
  -2.15390362E-04
  -3.07958471E-05
  -8.59067193E-04
  -5.96146041E-04
  -9.00011684E-04
  -6.59321842E-04
  -8.82218301E-04
  -6.77717035E-04
  -8.33920436E-04
  -6.62929378E-04
  -7.75759749E-04
  -6.29824295E-04
  -7.16146780E-04
  -5.88637544E-04
  -6.60359743E-04
  -5.45418879E-04
  -6.11074793E-04
  -5.04357275E-04
  -5.68858581E-04
  -4.68068698E-04
  -5.32406557E-04
  -4.36447561E-04
  -4.98617068E-04
  -4.06989333E-04
  -4.62826487E-04
  -3.76106706E-04
  -4.18391253E-04
  -3.39894119E-04
  -3.56989709E-04
  -2.94127211E-04
  -2.71094177E-04
  -2.34949490E-04
  -1.59291129E-04
  -1.60634037E-04
  -1.74466584E-06
  -4.43927820E-05
  -9.05869092E-06
  -7.45297439E-05
   6.90612593E-04
   1.53406104E-03
   9.73308983E-04
   1.12331822E-03
   8.22059403E-04
   9.39143589E-04
   7.36998220E-04
   7.74808694E-04
   6.30462717E-04
   6.13584765E-04
   5.19132183E-04
   4.28100087E-04
   3.88890912E-04
   2.08687823E-04
   2.30656296E-04
  -2.73779333E-05
  -9.79305478E-05
  -3.07964146E-05
   5.60488152E-05
  -5.96157042E-04
  -3.66141670E-04
  -6.59334008E-04
  -4.42068558E-04
  -6.77729549E-04
  -4.76016285E-04
  -6.62941602E-04
  -4.81358758E-04
  -6.29835937E-04
  -4.68743441E-04
  -5.88648429E-04
  -4.45590296E-04
  -5.45428949E-04
  -4.16204275E-04
  -5.04366588E-04
  -3.84158106E-04
  -4.68077342E-04
  -3.54689459E-04
  -4.36455623E-04
  -3.30733368E-04
  -4.06996842E-04
  -3.09586991E-04
  -3.76113661E-04
  -2.86821509E-04
  -3.39900405E-04
  -2.59734865E-04
  -2.94132653E-04
  -2.26593256E-04
  -2.34953826E-04
  -1.86599485E-04
  -1.60636991E-04
  -1.39366050E-04
  -2.25006461E-05
  -7.45311190E-05
  -8.42474328E-05
   1.49188141E-04
   4.18534823E-04
   2.06279263E-04
   9.83276870E-04
   5.73545170E-04
   4.76130284E-04
   8.96480982E-04
   5.03560412E-04
   8.22039437E-04
   5.15186402E-04
   7.36980350E-04
   4.75535577E-04
   6.30447466E-04
   4.26321028E-04
   5.19119552E-04
   3.82654398E-04
   3.88881483E-04
   3.22097330E-04
   2.30650709E-04
   2.18700763E-04
  -1.33986159E-05
   5.60474582E-05
   8.36362669E-05
  -2.01668104E-06
  -1.71578858E-06
  -2.57674808E-04
  -1.27361345E-04
  -3.66132794E-04
  -1.92970940E-04
  -4.42057848E-04
  -2.59091612E-04
  -4.76004760E-04
  -2.91239412E-04
  -4.81347088E-04
  -3.00104817E-04
  -4.68732091E-04
  -2.98646075E-04
  -4.45579499E-04
  -2.90426804E-04
  -4.16194205E-04
  -2.76457868E-04
  -3.84148792E-04
  -2.53991515E-04
  -3.54680844E-04
  -2.27578974E-04
  -3.30725336E-04
  -2.10650978E-04
  -3.09579482E-04
  -2.02612064E-04
  -2.86814553E-04
  -1.91769373E-04
  -2.59728578E-04
  -1.74842571E-04
  -2.26587770E-04
  -1.52413661E-04
  -1.86594960E-04
  -1.25331921E-04
  -1.39362674E-04
  -9.80654659E-05
  -8.42453883E-05
  -7.10201493E-05
  -1.05043646E-05
  -2.87754392E-05
  -3.82672297E-05
   7.39313473E-05
   7.22269469E-05
   2.21808819E-04
   8.04722549E-06
  -6.93720312E-06
   2.98830913E-04
   1.07185457E-04
   8.68750940E-05
  -1.12161933E-05
   4.56208101E-04
   1.57418646E-04
   1.23310630E-04
  -1.65094061E-05
   5.03565127E-04
   1.94724416E-04
   1.47240222E-04
  -2.20112797E-05
   5.15191176E-04
   2.02403404E-04
   1.47544808E-04
  -2.70109667E-05
   4.75540030E-04
   1.83935728E-04
   1.29082662E-04
  -3.14320423E-05
   4.26325016E-04
   1.62636396E-04
   1.09714318E-04
   1.07714848E-04
   3.82657978E-04
   1.64552519E-04
   1.06533946E-04
   1.26464089E-04
   3.22100357E-04
   2.29916739E-04
   1.67601043E-04
   4.73659238E-05
   2.18702815E-04
   1.91707586E-04
   1.55381291E-04
   4.99453454E-05
  -1.38552423E-05
   8.36370527E-05
   9.48919987E-05
   7.94905209E-05
  -2.49261984E-06
  -5.22361688E-06
   9.04682602E-05
  -1.27362538E-04
  -1.26803978E-04
  -8.89886651E-05
  -1.92972744E-04
  -2.64860482E-05
  -2.00273371E-05
  -4.13199596E-05
  -2.59094057E-04
  -4.13199596E-05
  -8.88539653E-05
  -1.17508898E-04
   0.00000000    
  -2.91242119E-04
  -1.40991920E-04
  -9.89455002E-05
   0.00000000    
  -3.00107611E-04
  -1.25346953E-04
  -8.79661529E-05
   0.00000000    
  -2.98648898E-04
  -1.24060927E-04
  -8.70636504E-05
   0.00000000    
  -2.90429511E-04
  -1.23409962E-04
  -8.66068076E-05
  -2.39228502E-05
  -2.76460458E-04
  -1.26190687E-04
  -8.85582776E-05
  -2.05732940E-05
  -2.53993901E-04
  -1.23229634E-04
  -8.31305661E-05
   3.60667473E-05
  -2.27581113E-04
  -9.34389027E-05
  -6.04938468E-05
   3.24937355E-05
  -2.10652943E-04
  -6.57201890E-05
  -4.61212112E-05
  -1.40768798E-05
  -2.02613955E-04
  -7.98317487E-05
  -6.03645130E-05
  -1.16099591E-05
  -1.91771163E-04
  -9.07532958E-05
  -6.61558879E-05
  -9.32793500E-06
  -1.74844216E-04
  -8.39489876E-05
  -5.89138326E-05
  -7.35552157E-06
  -1.52415087E-04
  -7.25636201E-05
  -4.89513332E-05
   2.35695352E-05
  -1.25333099E-04
  -5.38257118E-05
  -3.48476315E-05
   1.99707720E-05
  -9.80663826E-05
  -3.30979601E-05
  -2.50269150E-05
  -2.06263285E-05
  -7.10208187E-05
  -3.19111095E-05
  -2.75991988E-05
  -2.68323856E-05
  -1.60431300E-05
  -2.76999026E-06
  -3.82675862E-05
  -3.37214587E-05
  -2.45817319E-05
  -5.50481433E-04
  -8.78132356E-04
  -3.67417844E-04
  -9.70800698E-04
  -9.94396396E-04
  -1.33705535E-03
  -2.87760718E-04
  -4.41639946E-04
  -2.23704585E-04
  -5.97462291E-04
  -1.36445125E-03
  -1.08464691E-03
  -1.01220747E-03
  -1.06813945E-03
  -9.85407853E-04
  -1.04279746E-03
  -1.15305476E-03
  -1.35571999E-03
  -1.45503739E-03
  -1.65525021E-03
  -2.92085693E-04
  -3.50040536E-05
  -1.67033304E-05
  -3.18584207E-05
  -2.44639541E-05
  -2.87541206E-05
  -7.85558441E-05
  -5.87885042E-05
  -1.16316340E-04
  -3.09548050E-04
  -4.80848073E-04
  -3.40665545E-04
  -4.28527535E-04
  -2.11706734E-04
  -3.97679687E-04
  -8.99999111E-04
  -8.95625097E-04
  -6.52009039E-04
  -8.81708227E-04
  -1.85714546E-03
  -1.30244310E-03
  -1.46346027E-03
  -9.71895235E-04
  -9.12402989E-04
  -6.44477666E-04
  -5.18513727E-04
  -1.11086213E-03
