   1.08504093E-04
  -1.05780848E-04
  -9.37915320E-05
  -1.40838674E-04
  -6.17504847E-05
  -1.07627668E-04
  -1.79658582E-05
  -5.29853933E-05
  -6.91244941E-06
   1.09457615E-05
   3.28403949E-05
   1.84983287E-06
   6.23051965E-05
   1.97327499E-05
   1.00736441E-04
   5.94140183E-05
   1.32953646E-04
   8.33235827E-05
   7.55569054E-05
   9.17576835E-05
   1.15627074E-04
  -2.70976452E-04
  -3.78757686E-04
  -2.80152395E-04
  -3.08807852E-04
  -3.11047479E-04
  -3.86062573E-04
  -2.10168611E-04
  -3.48498812E-04
  -1.26204366E-04
  -2.01038216E-04
  -4.37681992E-05
  -1.07966946E-04
   8.75596652E-06
   1.89785369E-05
  -2.98132727E-05
   9.87433450E-05
   1.30284883E-04
   8.73252793E-05
   1.71073116E-04
   1.23043137E-04
   2.20593909E-04
   1.66392347E-04
   2.77488056E-04
   2.17988098E-04
   3.22094100E-04
   3.69205634E-04
   2.69702898E-04
  -6.10976771E-04
  -7.73932843E-04
  -6.34820433E-04
  -6.85834559E-04
  -4.94865468E-04
  -5.78581356E-04
  -3.30234354E-04
  -4.22409998E-04
  -1.93673637E-04
  -2.77342770E-04
  -8.96090714E-05
  -1.64859666E-04
  -7.11908888E-06
  -7.66631711E-05
   5.85196067E-05
   5.76963600E-07
   6.53629904E-05
   1.09018139E-04
   6.00239000E-05
   1.82296673E-04
   1.36924500E-04
   2.23406503E-04
   1.77747337E-04
   2.72904581E-04
   2.21803755E-04
   3.36514553E-04
   2.76300765E-04
   4.20117954E-04
   3.44670494E-04
   5.57741092E-04
   5.94429788E-04
   4.34086833E-04
  -7.40724441E-04
  -1.38088618E-03
  -7.49958039E-04
  -8.42670328E-04
  -8.69755517E-04
  -6.05827256E-04
  -7.01338751E-04
  -3.75338393E-04
  -4.96211462E-04
  -1.88568258E-04
  -3.01593973E-04
  -5.19694477E-05
  -1.47691753E-04
   4.49407999E-05
  -3.46683846E-05
   1.14227048E-04
   4.86612989E-05
   1.42745776E-04
   1.62126715E-04
   2.33397994E-04
   1.09958622E-04
   4.05701903E-05
   5.85114576E-05
   2.38151260E-04
   1.98975846E-04
   2.70883553E-04
   2.29554411E-04
   3.13868717E-04
   2.68748903E-04
   3.72852635E-04
   3.19504907E-04
   4.56008886E-04
   3.88412911E-04
   5.70796372E-04
   4.82653646E-04
   7.11931789E-04
   8.35795130E-04
   6.05420617E-04
  -1.07833429E-03
  -1.11803866E-03
  -1.41234428E-03
  -1.19226344E-03
  -1.23204768E-03
  -1.22921437E-03
  -8.30305275E-04
  -9.74052527E-04
  -4.53302258E-04
  -6.34745753E-04
  -1.80232659E-04
  -3.40332917E-04
   1.94801885E-07
  -1.26096580E-04
   1.15682487E-04
   1.87256283E-05
   1.89510582E-04
   1.14654060E-04
   2.74583581E-04
   2.38536915E-04
   3.88235174E-04
   1.79103110E-04
   2.95585196E-04
   3.19003680E-04
   2.83412606E-04
   3.49428039E-04
   3.12478107E-04
   3.94375907E-04
   3.52165982E-04
   4.63995297E-04
   4.10284323E-04
   5.72253542E-04
   4.97643894E-04
   7.34022236E-04
   6.26387016E-04
   8.52093508E-04
   1.03526597E-03
   1.12410600E-03
   7.97284418E-04
  -3.53160460E-04
  -1.38422439E-03
  -2.06205738E-03
  -1.46897009E-03
  -2.01646867E-03
  -1.83763215E-03
  -1.27534242E-03
  -1.51545391E-03
  -5.78273961E-04
  -9.00917861E-04
  -1.51615968E-04
  -3.99180746E-04
   8.75528785E-05
  -8.50131837E-05
   2.19928450E-04
   9.98632167E-05
   2.93047022E-04
   2.07497069E-04
   5.28772711E-04
   3.77734978E-04
   3.32199270E-04
   2.69988668E-04
   3.73314368E-04
   3.41201987E-04
   3.87584674E-04
   3.59386555E-04
   4.11502668E-04
   3.82443483E-04
   4.55007976E-04
   4.20099153E-04
   5.33484039E-04
   4.84229269E-04
   6.75090472E-04
   5.94036537E-04
   9.32074909E-04
   7.81410432E-04
   1.25606998E-03
   1.04650413E-03
   1.08051929E-03
   2.19207868E-04
  -5.79047017E-04
   6.07882161E-04
  -2.77571846E-03
  -1.43909547E-03
  -3.85474507E-03
  -2.90645310E-03
  -2.28404161E-03
  -2.72954255E-03
  -7.22542114E-04
  -1.43615238E-03
  -3.89241868E-05
  -4.52501350E-04
   2.54680635E-04
   1.73964017E-05
   3.84620711E-04
   2.39524947E-04
   4.40898759E-04
   3.46504559E-04
   7.45038269E-04
   5.22398623E-04
   4.62290598E-04
   3.97296215E-04
   4.44722129E-04
   4.20492521E-04
   4.37055074E-04
   4.17874777E-04
   4.36002563E-04
   4.19851975E-04
   4.46955266E-04
   4.31254623E-04
   4.79618175E-04
   4.60434851E-04
   5.54160157E-04
   5.22532093E-04
   7.22970057E-04
   6.51207287E-04
   1.15508609E-03
   9.37911449E-04
   1.38229213E-03
   1.18126289E-03
   1.69046200E-03
   2.00241525E-03
   4.91090992E-04
   1.24913279E-03
  -5.01556322E-04
   1.08651242E-04
  -8.71155225E-03
  -4.00370453E-03
  -5.33434795E-03
  -5.98616758E-03
  -5.30649151E-04
  -2.73118867E-03
   3.71353846E-04
  -3.01439053E-04
   5.97121776E-04
   3.05609079E-04
   6.53870695E-04
   4.99274349E-04
   6.54738513E-04
   5.62695321E-04
   5.90605196E-04
   6.34048542E-04
   8.08725774E-04
   5.75403334E-04
   5.36212581E-04
   5.20933711E-04
   5.04467287E-04
   4.94809006E-04
   4.77291149E-04
   4.72680258E-04
   4.56156296E-04
   4.56281967E-04
   4.43455094E-04
   4.48688108E-04
   4.43764642E-04
   4.55489440E-04
   4.67914913E-04
   4.88539052E-04
   5.48853946E-04
   5.79985965E-04
  -3.63286061E-04
   1.68547698E-03
   8.10227357E-04
   8.38614418E-04
   2.73265783E-03
   3.15285916E-03
   2.67212023E-03
   2.14138418E-03
   5.06901368E-03
   2.42461869E-03
   1.93660695E-03
   7.21937791E-03
   3.13944928E-03
   3.51366913E-03
   1.66756776E-03
   1.41782663E-03
   1.26964250E-03
   1.09933224E-03
   1.08128949E-03
   9.80787212E-04
   9.57193901E-04
   8.96368350E-04
   6.46210508E-04
   8.62610526E-04
   6.92631525E-04
   8.24201095E-04
   6.49350928E-04
   6.42910600E-04
   5.92735538E-04
   5.92694036E-04
   5.40156267E-04
   5.45731222E-04
   4.90858569E-04
   5.02689742E-04
   4.42710647E-04
   4.63120552E-04
   3.91173904E-04
   4.25569800E-04
   3.24753259E-04
   3.86206462E-04
   2.09242804E-04
   3.33352218E-04
  -8.12457001E-05
   2.24438118E-04
  -2.93359580E-03
  -1.16068008E-03
  -1.34347123E-04
   6.88116939E-04
   7.23944977E-04
   3.48253548E-03
   3.11722630E-03
   3.27853765E-03
   2.92792567E-03
   4.49353550E-03
   3.49685177E-03
   7.27931783E-03
   5.63952886E-03
   6.79757958E-03
   1.04683172E-02
   3.54180974E-03
   4.49586101E-03
   2.24869675E-03
   2.48630461E-03
   1.66841317E-03
   1.72896741E-03
   1.99358445E-03
   1.35135371E-03
   1.36716606E-03
   5.48727752E-04
   5.80077118E-04
   1.14600104E-03
   1.15175440E-03
   9.41554841E-04
   7.87075027E-04
   7.92118488E-04
   7.02748483E-04
   7.13350833E-04
   6.25269022E-04
   6.40496088E-04
   5.51706413E-04
   5.72532066E-04
   4.77950671E-04
   5.06883953E-04
   3.96982941E-04
   4.39092808E-04
   2.94891535E-04
   3.60662962E-04
   1.39994867E-04
   2.52467027E-04
  -1.48207488E-04
   6.55464901E-05
  -7.90116203E-04
  -3.42855958E-04
  -6.88085216E-04
  -9.54659248E-04
  -1.43392046E-03
   8.72923760E-04
   9.82092228E-04
   2.84777815E-03
   2.72563752E-03
   3.20717250E-03
   3.00852838E-03
   3.83591978E-03
   3.45535809E-03
   4.81498614E-03
   4.40016342E-03
   5.23942709E-03
   5.80176990E-03
   4.34312411E-03
   5.47597883E-03
   3.08438414E-03
   3.66303790E-03
   2.27933493E-03
   2.54077837E-03
   1.51792669E-03
   1.79205136E-03
   1.75858568E-03
   1.91535056E-03
   1.08737068E-03
   1.11600186E-03
   9.51144844E-04
   9.79016069E-04
   8.33602855E-04
   8.58045707E-04
   7.30656844E-04
   7.56295398E-04
   6.35250879E-04
   6.64208434E-04
   5.42026479E-04
   5.76632505E-04
   4.44226054E-04
   4.88171034E-04
   3.31356685E-04
   3.90682486E-04
   1.85094294E-04
   2.69891723E-04
  -2.60077741E-05
   9.85588922E-05
  -3.40227765E-04
  -1.73570836E-04
  -8.72359436E-04
  -6.63446554E-04
  -6.72079972E-04
  -6.04430097E-04
   1.23860000E-03
   1.16621866E-03
   2.67680758E-03
   2.55890610E-03
   2.97876075E-03
   2.84703681E-03
   3.36862006E-03
   3.19851353E-03
   3.84404301E-03
   3.69809684E-03
   4.17099753E-03
   4.29358194E-03
   4.00457392E-03
   4.48716199E-03
   3.38918180E-03
   3.92315583E-03
   2.71473336E-03
   3.06954165E-03
   1.20157551E-03
   2.17820518E-03
   1.12010376E-03
   2.06356635E-03
   2.39519146E-03
   1.29792746E-03
   1.35426968E-03
   1.12597982E-03
   1.17207028E-03
   9.80203273E-04
   1.02049380E-03
   8.52480473E-04
   8.89893214E-04
   7.36673828E-04
   7.74184824E-04
   6.26932597E-04
   6.66960434E-04
   5.17401495E-04
   5.62552537E-04
   4.00731340E-04
   4.54257330E-04
   2.67083175E-04
   3.32847820E-04
   1.04295825E-04
   1.84821431E-04
  -9.49388414E-05
  -6.82211430E-06
  -3.04897461E-04
  -2.48679018E-04
  -3.27301910E-04
  -4.18229494E-04
  -4.83250624E-04
   1.26275106E-03
   1.14684412E-03
   2.52157124E-03
   2.47031753E-03
   2.74595805E-03
   2.65988871E-03
   3.02232173E-03
   2.92820111E-03
   3.31691978E-03
   3.24926316E-03
   3.54412454E-03
   3.58237256E-03
   3.56374448E-03
   3.77324806E-03
   3.31150042E-03
   3.63832829E-03
   1.92804297E-03
   3.33338534E-03
   2.87730852E-03
   2.12682807E-03
   3.20155802E-03
   1.51199126E-03
   1.60124036E-03
   1.30732846E-03
   1.37492153E-03
   1.13538420E-03
   1.19164470E-03
   9.85429506E-04
   1.03541196E-03
   8.50750774E-04
   8.97637918E-04
   7.25921360E-04
   7.72245869E-04
   6.06036396E-04
   6.53794443E-04
   4.85865457E-04
   5.36961888E-04
   3.59811325E-04
   4.15656221E-04
   2.22711256E-04
   2.83005269E-04
   7.38800809E-05
   1.33002963E-04
  -7.33175693E-05
  -3.25339824E-05
  -1.78403090E-04
  -1.86929843E-04
  -7.98495166E-05
  -1.26753468E-04
  -2.57064909E-04
   1.00601371E-03
   9.80151119E-04
   2.32423376E-03
   2.32020044E-03
   2.52415775E-03
   2.46777129E-03
   2.74871243E-03
   2.68447329E-03
   2.96959770E-03
   2.92561320E-03
   3.14558134E-03
   3.15643055E-03
   3.21411830E-03
   3.31359217E-03
   3.12964688E-03
   3.31387483E-03
   1.20705261E-03
   2.90165562E-03
   9.80435754E-04
   2.22083018E-03
   3.12402472E-03
   1.96394278E-03
   2.10739230E-03
   1.70407479E-03
   1.81019132E-03
   1.48387358E-03
   1.57009054E-03
   1.29239494E-03
   1.36406312E-03
   1.12391450E-03
   1.18631800E-03
   9.72516602E-04
   1.02929166E-03
   8.33657978E-04
   8.87293136E-04
   7.03457568E-04
   7.55642250E-04
   5.78298816E-04
   6.30231400E-04
   4.54544264E-04
   5.06854209E-04
   3.29535309E-04
   3.81570513E-04
   2.03594973E-04
   2.51857389E-04
   8.34433376E-05
   1.19873846E-04
  -1.57648028E-05
  -2.57159400E-06
  -1.10226123E-04
  -8.40624780E-05
  -9.35107237E-05
   1.19765964E-03
   1.39296020E-03
   2.00512819E-03
   1.90100144E-03
   2.28657271E-03
   2.21563946E-03
   2.51424429E-03
   2.45233555E-03
   2.71157734E-03
   2.66928505E-03
   2.86747818E-03
   2.86091049E-03
   2.95511214E-03
   3.00077186E-03
   1.92306587E-03
   3.05870315E-03
   2.94109504E-03
   3.04766861E-03
   2.37243273E-03
   2.52423505E-03
   2.11814954E-03
   2.25711241E-03
   1.87171774E-03
   1.98981515E-03
   1.64642301E-03
   1.74511189E-03
   1.44429994E-03
   1.52858649E-03
   1.26267504E-03
   1.33626733E-03
   1.09771895E-03
   1.16410421E-03
   9.46059183E-04
   1.00765284E-03
   8.05284129E-04
   8.63493711E-04
   6.73451810E-04
   7.28837971E-04
   5.48125827E-04
   6.01041247E-04
   4.27338266E-04
   4.77395864E-04
   3.11040611E-04
   3.56360048E-04
   2.03002986E-04
   2.39297122E-04
   1.11674635E-04
   1.32542351E-04
   4.86745666E-05
   4.78990987E-05
  -2.50743255E-07
   1.14221302E-05
   2.59144235E-05
  -2.62345480E-07
   5.89506468E-04
   1.63156318E-03
   1.14258856E-03
   1.70307944E-03
   1.52916578E-03
   2.04284373E-03
   1.92611024E-03
   2.30436609E-03
   2.22105952E-03
   2.50654318E-03
   2.45197653E-03
   2.65886728E-03
   2.63626804E-03
   2.76021543E-03
   2.77285720E-03
   8.78150458E-04
   1.85119756E-03
   2.79815681E-03
   2.84834160E-03
   2.44627241E-03
   2.57909228E-03
   2.23187567E-03
   2.35730759E-03
   2.00959272E-03
   2.12603854E-03
   1.79136440E-03
   1.89620024E-03
   1.58626074E-03
   1.67926727E-03
   1.39727700E-03
   1.47986808E-03
   1.22312619E-03
   1.29773351E-03
   1.06060307E-03
   1.13000278E-03
   9.08735674E-04
   9.74199676E-04
   7.68393744E-04
   8.29430588E-04
   6.38916041E-04
   6.95155293E-04
   5.17975946E-04
   5.69526805E-04
   4.04497347E-04
   4.50789754E-04
   3.00096028E-04
   3.39081977E-04
   2.10089318E-04
   2.38012100E-04
   1.42626741E-04
   1.54903828E-04
   6.24610257E-05
   1.04130901E-04
   9.85236038E-05
   1.48233477E-04
   3.24189576E-04
   9.79887482E-05
   8.29603116E-04
   4.11790388E-04
   3.56471573E-04
   1.07983535E-03
   8.52985773E-04
   1.47716934E-03
   1.30000385E-03
   1.82813685E-03
   1.67719543E-03
   2.12539220E-03
   2.00753775E-03
   2.34720437E-03
   2.26841634E-03
   2.49955757E-03
   2.46100011E-03
   2.60466943E-03
   2.59777019E-03
   7.45673082E-04
   2.67366460E-03
   2.68959277E-03
   8.16766580E-04
   6.76997297E-04
   2.62502139E-03
   2.70030298E-03
   2.48773023E-03
   2.58767325E-03
   2.32027075E-03
   2.42591091E-03
   2.12652283E-03
   2.23319838E-03
   1.92030787E-03
   2.02497514E-03
   1.71665556E-03
   1.81482465E-03
   1.52410194E-03
   1.61370891E-03
   1.34580757E-03
   1.42646115E-03
   1.17698871E-03
   1.25215831E-03
   1.01323007E-03
   1.08659442E-03
   8.60730303E-04
   9.30073031E-04
   7.25021295E-04
   7.86764896E-04
   6.02114655E-04
   6.57002383E-04
   4.88468562E-04
   5.37468528E-04
   3.83680250E-04
   4.26504062E-04
   2.89852440E-04
   3.25223315E-04
   2.14893516E-04
   2.38736131E-04
   1.67801831E-04
   1.75437337E-04
   6.80847807E-05
   1.27215419E-04
   1.41253913E-04
   1.20087374E-04
   1.57268776E-04
   2.40590613E-04
   1.77033624E-04
   2.84424634E-04
   3.44676781E-04
   2.34032079E-04
   2.41659247E-04
   4.59865405E-04
   5.98832034E-04
   4.26319253E-04
   3.92243179E-04
   8.08962330E-04
   9.28101188E-04
   7.49801053E-04
   5.89311938E-04
   1.07855373E-03
   1.28257729E-03
   1.10197288E-03
   8.54476064E-04
   1.16147241E-03
   1.64216768E-03
   1.47383055E-03
   1.10683357E-03
   1.35157048E-03
   1.97508768E-03
   1.82281621E-03
   1.30161142E-03
   1.47210178E-03
   2.25211354E-03
   2.12622341E-03
   1.49357587E-03
   1.72834110E-03
   2.39355629E-03
   2.34029768E-03
   1.73721660E-03
   1.70516537E-03
   2.48438655E-03
   2.46883789E-03
   1.95978675E-03
   1.79805851E-03
   1.51967735E-03
   2.54940847E-03
   2.55586719E-03
   2.07902421E-03
   7.25550926E-04
   1.44337816E-03
   2.71403277E-03
   2.67282035E-03
   2.67309952E-03
   1.95414503E-03
   2.51842756E-03
   2.61453749E-03
   1.88511692E-03
   1.44619716E-03
   2.39312369E-03
   1.44619704E-03
   1.86523353E-03
   2.47488846E-03
   1.49949151E-03
   2.23819097E-03
   2.32493412E-03
   1.61891745E-03
   1.36320351E-03
   2.04152404E-03
   2.14241142E-03
   1.47969101E-03
   1.16688909E-03
   1.83906243E-03
   1.93986122E-03
   1.34446111E-03
   1.03943294E-03
   1.64148409E-03
   1.73791405E-03
   1.21679553E-03
   1.05261349E-03
   1.45988108E-03
   1.54663692E-03
   1.08766358E-03
   9.05225636E-04
   1.29593536E-03
   1.37143268E-03
   9.38615645E-04
   7.21339951E-04
   1.12577493E-03
   1.20322010E-03
   8.11210950E-04
   6.49870140E-04
   9.48661880E-04
   1.03233941E-03
   7.26363680E-04
   6.19383063E-04
   8.02231603E-04
   8.73118639E-04
   6.47325302E-04
   5.10830723E-04
   6.79336605E-04
   7.37659808E-04
   5.45542571E-04
   4.19762859E-04
   5.64598653E-04
   6.17075770E-04
   4.41204291E-04
   3.30995739E-04
   4.59442643E-04
   5.05553617E-04
   3.46350542E-04
   2.59265362E-04
   3.61245329E-04
   4.02523408E-04
   2.71753815E-04
   2.19679103E-04
   2.70477787E-04
   3.07992887E-04
   2.23910625E-04
   1.89767714E-04
   2.09707607E-04
   2.32283928E-04
   1.85316254E-04
   2.23325362E-04
   1.47603161E-04
   8.32138976E-05
   1.85544734E-04
   1.88172824E-04
   1.43724290E-04
  -1.00021816E-05
   7.50275103E-06
   1.24526068E-05
   4.92282379E-05
   9.37192453E-05
   1.70456638E-04
   4.91887986E-05
   8.11257269E-05
   3.74010451E-05
   1.22835467E-04
   3.17190134E-04
   3.35509860E-04
   2.88247480E-04
   3.89058172E-04
   3.45581793E-04
   4.55399771E-04
   4.83425480E-04
   7.12662470E-04
   7.62327516E-04
   1.05335598E-03
   2.72613484E-03
   6.83285820E-04
   3.43224150E-04
   1.10532960E-03
   8.69017094E-04
   1.04822370E-03
   1.95575878E-03
   1.21583173E-03
   1.23436726E-03
   3.27777350E-03
   2.60214810E-03
   1.87791104E-03
   1.47829973E-03
   7.24800222E-04
   1.18739798E-03
   2.12973030E-03
   1.73557713E-03
   1.11363211E-03
   1.57041184E-03
   2.43987702E-03
   1.69574434E-03
   1.42365019E-03
   1.00862037E-03
   7.27815728E-04
   5.26091782E-04
   3.36241705E-04
   7.58071488E-04
