  -3.06080356E-02
  -1.04278233E-02
  -7.88793806E-03
  -4.47982177E-03
  -3.93484021E-04
   3.42376973E-03
   5.90927666E-03
   6.25582505E-03
   4.15658811E-03
   0.00000000    
  -3.15404087E-02
  -2.10103840E-02
  -1.59835089E-02
  -9.20859724E-03
  -1.01952848E-03
   6.69611339E-03
   1.17974393E-02
   1.26395430E-02
   8.56641028E-03
   0.00000000    
  -3.44234891E-02
  -3.04485112E-02
  -2.39325706E-02
  -1.36538539E-02
  -1.10340223E-03
   1.06774308E-02
   1.83856227E-02
   1.95237454E-02
   1.31387012E-02
   0.00000000    
  -4.03827056E-02
  -4.01038863E-02
  -3.21458206E-02
  -1.76787935E-02
   1.35479495E-04
   1.66657884E-02
   2.71792319E-02
   2.82307174E-02
   1.86704565E-02
   0.00000000    
  -5.15133031E-02
  -5.30002154E-02
  -4.21652459E-02
  -2.13684533E-02
   4.09254339E-03
   2.72342954E-02
   4.12890613E-02
   4.15913425E-02
   2.69224904E-02
   0.00000000    
  -7.25800470E-02
  -7.45683312E-02
  -5.73621467E-02
  -2.50873808E-02
   1.35171264E-02
   4.75556180E-02
   6.69653565E-02
   6.52590692E-02
   4.13388573E-02
   0.00000000    
 -0.114693545    
 -0.115794830    
  -8.45617875E-02
  -2.92703155E-02
   3.45874093E-02
   8.88035446E-02
  0.117415830    
  0.110945195    
   6.88931793E-02
   0.00000000    
 -0.205641702    
 -0.202071890    
 -0.138446763    
  -3.35362330E-02
   8.26375186E-02
  0.177099302    
  0.222592652    
  0.204567716    
  0.124682792    
   0.00000000    
 -0.421886981    
 -0.397242308    
 -0.252284318    
  -3.28218788E-02
  0.198681533    
  0.377914667    
  0.454948485    
  0.406859607    
  0.242882207    
   0.00000000    
  -1.00000000    
 -0.866025388    
 -0.499999970    
   4.37113883E-08
  0.500000060    
  0.866025388    
   1.00000000    
  0.866025269    
  0.499999911    
   0.00000000    
