  -1.35843479E-03
  -3.06592206E-04
  -1.19899909E-04
   1.28519256E-04
   4.76802554E-04
   9.29745671E-04
   1.47559692E-03
   2.08930904E-03
   2.73479731E-03
   3.36769270E-03
   3.93865118E-03
   4.39701369E-03
   4.69452189E-03
   4.78879130E-03
   4.64626029E-03
   4.24428470E-03
   3.57197458E-03
   2.62905587E-03
   1.42240478E-03
   0.00000000    
  -1.39981508E-03
  -6.24558365E-04
  -2.54934363E-04
   2.35819869E-04
   9.26010252E-04
   1.82623614E-03
   2.91380403E-03
   4.13929252E-03
   5.43103646E-03
   6.70060050E-03
   7.84937665E-03
   8.77590198E-03
   9.38330032E-03
   9.58626531E-03
   9.31701064E-03
   8.52952898E-03
   7.20139500E-03
   5.33162523E-03
   2.93146726E-03
   0.00000000    
  -1.47508131E-03
  -9.03517473E-04
  -3.88834625E-04
   3.42482643E-04
   1.37823238E-03
   2.73146760E-03
   4.36748005E-03
   6.21165615E-03
   8.15597549E-03
   1.00672115E-02
   1.17968703E-02
   1.31922113E-02
   1.41074499E-02
   1.44142760E-02
   1.40108094E-02
   1.28280474E-02
   1.08326478E-02
   8.02388415E-03
   4.41899244E-03
   0.00000000    
  -1.59964082E-03
  -1.16064446E-03
  -5.30254503E-04
   4.38804302E-04
   1.82734302E-03
   3.64603056E-03
   5.84600354E-03
   8.32567737E-03
   1.09389052E-02
   1.35059506E-02
   1.58268884E-02
   1.76964439E-02
   1.89190507E-02
   1.93229802E-02
   1.87723450E-02
   1.71757881E-02
   1.44903613E-02
   1.07180011E-02
   5.88782970E-03
   0.00000000    
  -1.79177802E-03
  -1.43326586E-03
  -7.04206468E-04
   5.01407369E-04
   2.25567049E-03
   4.56270808E-03
   7.35632516E-03
   1.05048092E-02
   1.38205644E-02
   1.70740094E-02
   2.00106967E-02
   2.23702006E-02
   2.39052381E-02
   2.43995581E-02
   2.36831270E-02
   2.16431543E-02
   1.82293504E-02
   1.34507315E-02
   7.35830236E-03
   0.00000000    
  -2.08117976E-03
  -1.77775777E-03
  -9.59396770E-04
   4.85780736E-04
   2.62771780E-03
   5.46170864E-03
   8.90016370E-03
   1.27762463E-02
   1.68553218E-02
   2.08521988E-02
   2.44524423E-02
   2.73357369E-02
   2.91994531E-02
   2.97805462E-02
   2.88741812E-02
   2.63472926E-02
   2.21456233E-02
   1.62917804E-02
   8.87098163E-03
   0.00000000    
  -2.51487247E-03
  -2.27296515E-03
  -1.37622340E-03
   3.16509017E-04
   2.88149831E-03
   6.30422309E-03
   1.04705039E-02
   1.51708573E-02
   2.01147534E-02
   2.49521080E-02
   2.92995591E-02
   3.27690430E-02
   3.49963978E-02
   3.56677473E-02
   3.45418975E-02
   3.14667672E-02
   2.63885651E-02
   1.93518139E-02
   1.04889609E-02
   0.00000000    
  -3.16619454E-03
  -3.03106918E-03
  -2.07920442E-03
  -1.26968866E-04
   2.91555608E-03
   7.02274591E-03
   1.20464657E-02
   1.77232865E-02
   2.36932226E-02
   2.95269080E-02
   3.47581431E-02
   3.89188081E-02
   4.15733717E-02
   4.23505045E-02
   4.09696884E-02
   3.72609608E-02
   3.11763920E-02
   2.27922704E-02
   1.23017337E-02
   0.00000000    
  -4.14993754E-03
  -4.21873108E-03
  -3.25935311E-03
  -1.03353639E-03
   2.56816391E-03
   7.50555564E-03
   1.35850543E-02
   2.04720590E-02
   2.77165323E-02
   3.47880572E-02
   4.11165915E-02
   4.61353175E-02
   4.93224189E-02
   5.02388366E-02
   4.85598184E-02
   4.40982245E-02
   3.68184410E-02
   2.68401708E-02
   1.44324685E-02
   0.00000000    
  -5.64870285E-03
  -6.09406922E-03
  -5.21438196E-03
  -2.70015700E-03
   1.58249890E-03
   7.57098757E-03
   1.50074381E-02
   2.34593488E-02
   3.23553719E-02
   4.10314165E-02
   4.87823859E-02
   5.49152754E-02
   5.87999374E-02
   5.99144325E-02
   5.78821301E-02
   5.24990372E-02
   4.37497683E-02
   3.18121538E-02
   1.70506015E-02
   0.00000000    
  -7.95973185E-03
  -9.07102134E-03
  -8.41978658E-03
  -5.60091948E-03
  -4.52562323E-04
   6.92437310E-03
   1.61762573E-02
   2.67306119E-02
   3.78470868E-02
   4.86791618E-02
   5.83407544E-02
   6.59726635E-02
   7.08047971E-02
   7.22104684E-02
   6.97503313E-02
   6.32036328E-02
   5.25859594E-02
   3.81532088E-02
   2.03923117E-02
   0.00000000    
  -1.15803629E-02
  -1.38340201E-02
  -1.36546977E-02
  -1.05073247E-02
  -4.20344248E-03
   5.08630602E-03
   1.68590825E-02
   3.03352773E-02
   4.45323549E-02
   5.83485961E-02
   7.06497282E-02
   8.03528279E-02
   8.65029246E-02
   8.83384272E-02
   8.53426829E-02
   7.72791058E-02
   6.42100796E-02
   4.64983955E-02
   2.47929879E-02
   0.00000000    
  -1.73694007E-02
  -2.15485431E-02
  -2.22278107E-02
  -1.86989345E-02
  -1.07638091E-02
   1.27460354E-03
   1.66718271E-02
   3.43328901E-02
   5.29202856E-02
   7.09684715E-02
   8.69971663E-02
   9.96178761E-02
  0.107628234    
  0.110090978    
  0.106393836    
   9.62887928E-02
   7.99098313E-02
   5.77698052E-02
   3.07379290E-02
   0.00000000    
  -2.68648881E-02
  -3.42606902E-02
  -3.63907479E-02
  -3.23345810E-02
  -2.19455063E-02
  -5.78534696E-03
   1.49977170E-02
   3.88178155E-02
   6.38088062E-02
   8.79801139E-02
  0.109364480    
  0.126152426    
  0.136808828    
  0.140167519    
  0.135500520    
  0.122560009    
  0.101592757    
   7.33277574E-02
   3.89408842E-02
   0.00000000    
  -4.29424271E-02
  -5.56831211E-02
  -6.01091497E-02
  -5.51081672E-02
  -4.07632142E-02
  -1.81525405E-02
   1.08870137E-02
   4.39959764E-02
   7.85154179E-02
  0.111693934    
  0.140876770    
  0.163673908    
  0.178102970    
  0.182702377    
  0.176610455    
  0.159607738    
  0.132122993    
   9.52047333E-02
   5.04646115E-02
   0.00000000    
  -7.12661445E-02
  -9.28019583E-02
 -0.100520559    
  -9.33938995E-02
  -7.22105876E-02
  -3.90815511E-02
   2.97848484E-03
   5.03953174E-02
   9.93283466E-02
  0.145930186    
  0.186580122    
  0.218090981    
  0.237883687    
  0.244122833    
  0.235805839    
  0.212802514    
  0.175843522    
  0.126462594    
   6.69023842E-02
   0.00000000    
 -0.123739496    
 -0.159282431    
 -0.170674846    
 -0.158154398    
 -0.124387667    
  -7.34864026E-02
  -1.04177669E-02
   5.93946390E-02
  0.130393118    
  0.197179675    
  0.254792333    
  0.298958212    
  0.326310009    
  0.334551364    
  0.322560072    
  0.290418983    
  0.239373997    
  0.171720713    
   9.06381980E-02
   0.00000000    
 -0.227534205    
 -0.282811999    
 -0.294370264    
 -0.267682523    
 -0.209738687    
 -0.128115565    
  -3.07085291E-02
   7.44500533E-02
  0.179428592    
  0.276695669    
  0.359450519    
  0.421948075    
  0.459783494    
  0.470108271    
  0.451757014    
  0.405268520    
  0.332792550    
  0.237880349    
  0.125168875    
   0.00000000    
 -0.451775312    
 -0.519846380    
 -0.512551963    
 -0.449709028    
 -0.345086128    
 -0.210453868    
  -5.71200810E-02
  0.103679158    
  0.260923445    
  0.404196292    
  0.524164438    
  0.613056242    
  0.665078223    
  0.676725864    
  0.646959424    
  0.577222347    
  0.471288174    
  0.334913135    
  0.175261155    
   0.00000000    
  -1.00000000    
 -0.969400287    
 -0.879473746    
 -0.735723913    
 -0.546948195    
 -0.324699551    
  -8.25793594E-02
  0.164594635    
  0.401695400    
  0.614212632    
  0.789140403    
  0.915773332    
  0.986361325    
  0.996584475    
  0.945817232    
  0.837166488    
  0.677281618    
  0.475947261    
  0.245485649    
   0.00000000    
