   4.25960374E-04
   1.27143110E-04
   1.51563130E-04
   1.93241955E-04
   2.42121649E-04
   2.96128244E-04
   3.54662945E-04
   4.17533767E-04
   4.84672404E-04
   5.56030951E-04
   6.31534087E-04
   7.11053202E-04
   7.94391206E-04
   8.81272077E-04
   9.71335277E-04
   1.06413302E-03
   1.15912873E-03
   1.25569943E-03
   1.35313929E-03
   1.45066308E-03
   1.54741516E-03
   1.64247700E-03
   1.73487491E-03
   1.82359130E-03
   1.90757657E-03
   1.98575901E-03
   2.05705850E-03
   2.12039729E-03
   2.17471411E-03
   2.21897452E-03
   2.25218455E-03
   2.27340125E-03
   2.28174240E-03
   2.27639754E-03
   2.25663651E-03
   2.22181622E-03
   2.17138766E-03
   2.10489938E-03
   2.02199793E-03
   1.92242838E-03
   1.80603180E-03
   1.67273392E-03
   1.52253138E-03
   1.35546748E-03
   1.17159390E-03
   9.70904017E-04
   7.53222033E-04
   5.18019428E-04
   2.64450064E-04
   0.00000000    
   4.38935851E-04
   2.52798432E-04
   3.00587009E-04
   3.83506005E-04
   4.80952993E-04
   5.88690338E-04
   7.05495593E-04
   8.30977166E-04
   9.64997336E-04
   1.10746198E-03
   1.25822355E-03
   1.41702918E-03
   1.58348924E-03
   1.75705715E-03
   1.93701696E-03
   2.12247856E-03
   2.31237407E-03
   2.50546262E-03
   2.70033698E-03
   2.89543159E-03
   3.08903889E-03
   3.27932462E-03
   3.46434466E-03
   3.64206592E-03
   3.81038967E-03
   3.96717386E-03
   4.11025807E-03
   4.23748512E-03
   4.34673158E-03
   4.43592574E-03
   4.50307643E-03
   4.54629445E-03
   4.56381030E-03
   4.55399882E-03
   4.51539410E-03
   4.44670441E-03
   4.34682611E-03
   4.21484886E-03
   4.05006157E-03
   3.85194784E-03
   3.62018449E-03
   3.35461856E-03
   3.05524073E-03
   2.72213714E-03
   2.35541468E-03
   1.95506983E-03
   1.52077351E-03
   1.05148717E-03
   5.45011309E-04
   0.00000000    
   4.52693261E-04
   3.68011824E-04
   4.48544364E-04
   5.73747209E-04
   7.20024575E-04
   8.81608867E-04
   1.05676008E-03
   1.24491530E-03
   1.44587725E-03
   1.65950984E-03
   1.88559457E-03
   2.12375540E-03
   2.37340969E-03
   2.63373973E-03
   2.90367380E-03
   3.18187755E-03
   3.46675096E-03
   3.75643373E-03
   4.04881593E-03
   4.34155017E-03
   4.63207485E-03
   4.91763931E-03
   5.19532664E-03
   5.46208723E-03
   5.71477134E-03
   5.95016638E-03
   6.16502902E-03
   6.35612290E-03
   6.52026152E-03
   6.65433472E-03
   6.75535528E-03
   6.82048546E-03
   6.84706960E-03
   6.83266809E-03
   6.77508023E-03
   6.67236513E-03
   6.52286643E-03
   6.32521603E-03
   6.07834524E-03
   5.78147965E-03
   5.43413265E-03
   5.03607513E-03
   4.58729453E-03
   4.08792403E-03
   3.53812985E-03
   2.93792062E-03
   2.28682603E-03
   1.58331101E-03
   8.23735318E-04
   0.00000000    
   4.68699494E-04
   4.73799941E-04
   5.94744633E-04
   7.63826596E-04
   9.59402008E-04
   1.17504282E-03
   1.40867359E-03
   1.65961252E-03
   1.92762143E-03
   2.21253047E-03
   2.51405383E-03
   2.83169304E-03
   3.16467299E-03
   3.51190381E-03
   3.87195637E-03
   4.24305070E-03
   4.62305173E-03
   5.00947796E-03
   5.39951306E-03
   5.79002546E-03
   6.17759721E-03
   6.55855704E-03
   6.92901434E-03
   7.28489691E-03
   7.62200542E-03
   7.93605112E-03
   8.22270662E-03
   8.47765524E-03
   8.69664457E-03
   8.87552556E-03
   9.01031401E-03
   9.09722317E-03
   9.13271029E-03
   9.11352225E-03
   9.03672352E-03
   8.89972597E-03
   8.70032143E-03
   8.43668636E-03
   8.10739677E-03
   7.71142310E-03
   7.24811805E-03
   6.71718130E-03
   6.11860259E-03
   5.45256957E-03
   4.71931789E-03
   3.91888339E-03
   3.05068260E-03
   2.11273110E-03
   1.10005704E-03
   0.00000000    
   4.86713834E-04
   5.71645913E-04
   7.38675764E-04
   9.53546900E-04
   1.19909341E-03
   1.46910804E-03
   1.76142156E-03
   2.07531080E-03
   2.41052685E-03
   2.76687834E-03
   3.14401882E-03
   3.54132988E-03
   3.95784387E-03
   4.39219782E-03
   4.84260311E-03
   5.30683063E-03
   5.78220794E-03
   6.26562722E-03
   6.75356295E-03
   7.24209333E-03
   7.72694079E-03
   8.20350647E-03
   8.66692234E-03
   9.11209080E-03
   9.53375548E-03
   9.92655009E-03
   1.02850590E-02
   1.06038805E-02
   1.08776940E-02
   1.11013111E-02
   1.12697445E-02
   1.13782613E-02
   1.14224292E-02
   1.13981832E-02
   1.13018518E-02
   1.11302026E-02
   1.08804759E-02
   1.05503965E-02
   1.01381885E-02
   9.64257307E-03
   9.06274654E-03
   8.39834474E-03
   7.64936861E-03
   6.81607053E-03
   5.89877460E-03
   4.89757257E-03
   3.81181412E-03
   2.63916305E-03
   1.37361512E-03
   0.00000000    
   5.06515440E-04
   6.63189217E-04
   8.80074804E-04
   1.14268973E-03
   1.43904402E-03
   1.76385825E-03
   2.11513368E-03
   2.49220431E-03
   2.89485091E-03
   3.32288002E-03
   3.77589348E-03
   4.25315602E-03
   4.75350907E-03
   5.27531421E-03
   5.81642147E-03
   6.37414819E-03
   6.94527989E-03
   7.52607733E-03
   8.11229739E-03
   8.69922247E-03
   9.28170793E-03
   9.85422358E-03
   1.04109114E-02
   1.09456461E-02
   1.14521049E-02
   1.19238375E-02
   1.23543357E-02
   1.27371075E-02
   1.30657582E-02
   1.33340582E-02
   1.35360118E-02
   1.36659378E-02
   1.37185175E-02
   1.36888651E-02
   1.35725830E-02
   1.33657902E-02
   1.30651826E-02
   1.26680322E-02
   1.21722212E-02
   1.15762232E-02
   1.08790891E-02
   1.00804018E-02
   9.18018445E-03
   8.17877613E-03
   7.07661221E-03
   5.87388454E-03
   4.56995098E-03
   3.16227833E-03
   1.64427189E-03
   0.00000000    
   5.27904194E-04
   7.49987375E-04
   1.01892068E-03
   1.33104995E-03
   1.67913770E-03
   2.05927063E-03
   2.46986351E-03
   2.91041564E-03
   3.38078802E-03
   3.88080976E-03
   4.41004289E-03
   4.96764062E-03
   5.55225555E-03
   6.16197241E-03
   6.79427432E-03
   7.44602224E-03
   8.11345130E-03
   8.79218336E-03
   9.47724935E-03
   1.01631274E-02
   1.08437929E-02
   1.15127768E-02
   1.21632218E-02
   1.27879605E-02
   1.33795999E-02
   1.39305927E-02
   1.44333309E-02
   1.48802232E-02
   1.52637959E-02
   1.55767668E-02
   1.58121381E-02
   1.59632675E-02
   1.60239488E-02
   1.59884784E-02
   1.58517286E-02
   1.56091750E-02
   1.52569693E-02
   1.47919403E-02
   1.42116286E-02
   1.35142719E-02
   1.26987919E-02
   1.17647247E-02
   1.07121402E-02
   9.54148825E-03
   8.25335644E-03
   6.84809033E-03
   5.32516511E-03
   3.68206110E-03
   1.91211246E-03
   0.00000000    
   5.50690689E-04
   8.33367114E-04
   1.15536922E-03
   1.51845277E-03
   1.91920064E-03
   2.35523377E-03
   2.82556703E-03
   3.32997064E-03
   3.86844249E-03
   4.44086222E-03
   5.04676718E-03
   5.68520790E-03
   6.35464862E-03
   7.05289654E-03
   7.77706364E-03
   8.52354616E-03
   9.28802136E-03
   1.00654596E-02
   1.08501576E-02
   1.16357729E-02
   1.24153923E-02
   1.31815886E-02
   1.39264949E-02
   1.46418894E-02
   1.53192906E-02
   1.59500465E-02
   1.65254325E-02
   1.70367509E-02
   1.74754374E-02
   1.78331528E-02
   1.81018803E-02
   1.82740241E-02
   1.83424763E-02
   1.83007196E-02
   1.81428902E-02
   1.78638287E-02
   1.74591411E-02
   1.69252232E-02
   1.62592810E-02
   1.54593298E-02
   1.45241730E-02
   1.34533225E-02
   1.22469189E-02
   1.09055592E-02
   9.43002943E-03
   7.82091543E-03
   6.07793825E-03
   4.19884594E-03
   2.17743544E-03
   0.00000000    
   5.74681966E-04
   9.14354750E-04
   1.28966093E-03
   1.70474569E-03
   2.15899874E-03
   2.65153428E-03
   3.18208104E-03
   3.75077291E-03
   4.35779849E-03
   5.00312075E-03
   5.68627147E-03
   6.40620664E-03
   7.16120377E-03
   7.94879161E-03
   8.76570679E-03
   9.60786920E-03
   1.04703894E-02
   1.13475714E-02
   1.22329621E-02
   1.31193846E-02
   1.39990160E-02
   1.48634538E-02
   1.57038048E-02
   1.65107716E-02
   1.72747727E-02
   1.79860257E-02
   1.86346788E-02
   1.92109141E-02
   1.97050609E-02
   2.01077107E-02
   2.04098187E-02
   2.06028223E-02
   2.06787158E-02
   2.06301585E-02
   2.04505567E-02
   2.01341063E-02
   1.96758825E-02
   1.90718472E-02
   1.83188897E-02
   1.74148157E-02
   1.63583234E-02
   1.51489340E-02
   1.37868868E-02
   1.22729726E-02
   1.06082410E-02
   8.79361108E-03
   6.82921428E-03
   4.71333973E-03
   2.44074059E-03
   0.00000000    
   5.99666906E-04
   9.93662514E-04
   1.42202363E-03
   1.88976887E-03
   2.39822664E-03
   2.94784200E-03
   3.53910378E-03
   4.17257706E-03
   4.84869163E-03
   5.56752924E-03
   6.32863445E-03
   7.13087991E-03
   7.97235966E-03
   8.85032210E-03
   9.76111926E-03
   1.07001867E-02
   1.16620511E-02
   1.26403347E-02
   1.36278132E-02
   1.46164568E-02
   1.55975083E-02
   1.65615696E-02
   1.74986925E-02
   1.83984879E-02
   1.92502402E-02
   2.00430267E-02
   2.07658373E-02
   2.14077197E-02
   2.19578743E-02
   2.24058088E-02
   2.27414425E-02
   2.29552295E-02
   2.30382569E-02
   2.29823645E-02
   2.27802116E-02
   2.24253666E-02
   2.19123662E-02
   2.12367568E-02
   2.03951206E-02
   1.93850659E-02
   1.82052199E-02
   1.68551356E-02
   1.53351948E-02
   1.36464369E-02
   1.17902560E-02
   9.76801943E-03
   7.58043816E-03
   5.22662932E-03
   2.70271767E-03
   0.00000000    
   6.25403598E-04
   1.07170560E-03
   1.55259308E-03
   2.07330822E-03
   2.63648271E-03
   3.24368756E-03
   3.89616564E-03
   4.59495513E-03
   5.34077594E-03
   6.13385579E-03
   6.97377557E-03
   7.85933528E-03
   8.78845155E-03
   9.75808501E-03
   1.07641947E-02
   1.18017197E-02
   1.28645841E-02
   1.39457108E-02
   1.50370728E-02
   1.61297675E-02
   1.72140710E-02
   1.82795636E-02
   1.93152092E-02
   2.03094948E-02
   2.12505478E-02
   2.21262649E-02
   2.29244679E-02
   2.36330256E-02
   2.42399983E-02
   2.47337874E-02
   2.51032542E-02
   2.53378637E-02
   2.54277755E-02
   2.53640004E-02
   2.51384601E-02
   2.47440860E-02
   2.41748840E-02
   2.34259944E-02
   2.24937033E-02
   2.13754587E-02
   2.00698301E-02
   1.85764506E-02
   1.68958809E-02
   1.50294835E-02
   1.29790884E-02
   1.07466327E-02
   8.33359826E-03
   5.74018713E-03
   2.96424143E-03
   0.00000000    
   6.51607465E-04
   1.14862889E-03
   1.68134866E-03
   2.25504092E-03
   2.87323305E-03
   3.53843183E-03
   4.25259862E-03
   5.01726987E-03
   5.83348749E-03
   6.70165988E-03
   7.62142334E-03
   8.59151687E-03
   9.60967969E-03
   1.06725842E-02
   1.17757861E-02
   1.29137086E-02
   1.40796537E-02
   1.52658150E-02
   1.64633375E-02
   1.76624078E-02
   1.88523047E-02
   2.00215448E-02
   2.11579725E-02
   2.22489089E-02
   2.32812837E-02
   2.42417883E-02
   2.51170285E-02
   2.58936696E-02
   2.65586004E-02
   2.70990916E-02
   2.75029186E-02
   2.77585369E-02
   2.78551728E-02
   2.77829915E-02
   2.75331717E-02
   2.70980075E-02
   2.64709871E-02
   2.56468449E-02
   2.46215947E-02
   2.33925469E-02
   2.19582487E-02
   2.03184560E-02
   1.84739772E-02
   1.64265539E-02
   1.41785666E-02
   1.17326509E-02
   9.09124501E-03
   6.25588000E-03
   3.22636939E-03
   0.00000000    
   6.77939854E-04
   1.22433261E-03
   1.80806674E-03
   2.43447837E-03
   3.10776499E-03
   3.83122428E-03
   4.60749352E-03
   5.43862069E-03
   6.32599369E-03
   7.27023277E-03
   8.27105250E-03
   9.32713971E-03
   1.04360599E-02
   1.15941893E-02
   1.27966693E-02
   1.40373828E-02
   1.53089836E-02
   1.66029036E-02
   1.79094300E-02
   1.92177892E-02
   2.05162205E-02
   2.17921324E-02
   2.30322033E-02
   2.42225435E-02
   2.53488403E-02
   2.63965279E-02
   2.73509547E-02
   2.81975437E-02
   2.89219823E-02
   2.95103583E-02
   2.99493503E-02
   3.02263685E-02
   3.03297006E-02
   3.02486382E-02
   2.99736131E-02
   2.94962842E-02
   2.88096145E-02
   2.79079620E-02
   2.67870817E-02
   2.54441742E-02
   2.38778088E-02
   2.20879000E-02
   2.00755894E-02
   1.78430732E-02
   1.53933838E-02
   1.27300108E-02
   9.85651929E-03
   6.77597243E-03
   3.49034299E-03
   0.00000000    
   7.03995931E-04
   1.29848882E-03
   1.93228584E-03
   2.61090719E-03
   3.33912717E-03
   4.12094407E-03
   4.95964056E-03
   5.85778430E-03
   6.81713596E-03
   7.83855096E-03
   8.92183743E-03
   1.00656450E-02
   1.12673705E-02
   1.25230858E-02
   1.38274943E-02
   1.51739158E-02
   1.65543295E-02
   1.79593582E-02
   1.93783883E-02
   2.07996350E-02
   2.22102497E-02
   2.35964786E-02
   2.49437708E-02
   2.62369681E-02
   2.74604652E-02
   2.85983756E-02
   2.96347477E-02
   3.05537041E-02
   3.13396789E-02
   3.19775529E-02
   3.24528553E-02
   3.27519327E-02
   3.28620896E-02
   3.27717513E-02
   3.24705765E-02
   3.19495834E-02
   3.12012359E-02
   3.02195083E-02
   2.89999284E-02
   2.75396071E-02
   2.58371923E-02
   2.38928180E-02
   2.17080116E-02
   1.92855410E-02
   1.66291911E-02
   1.37434518E-02
   1.06331762E-02
   7.30313733E-03
   3.75760091E-03
   0.00000000    
   7.29290477E-04
   1.37054501E-03
   2.05327198E-03
   2.78332969E-03
   3.56606301E-03
   4.40613599E-03
   5.30746579E-03
   6.27314998E-03
   7.30535295E-03
   8.40518530E-03
   9.57257114E-03
   1.08061358E-02
   1.21030984E-02
   1.34592224E-02
   1.48687484E-02
   1.63244158E-02
   1.78174656E-02
   1.93376821E-02
   2.08734889E-02
   2.24120319E-02
   2.39393134E-02
   2.54403390E-02
   2.68992689E-02
   2.82996129E-02
   2.96243839E-02
   3.08563244E-02
   3.19781080E-02
   3.29725072E-02
   3.38226408E-02
   3.45121212E-02
   3.50252986E-02
   3.53474133E-02
   3.54647599E-02
   3.53648588E-02
   3.50365937E-02
   3.44703384E-02
   3.36580537E-02
   3.25933471E-02
   3.12715434E-02
   2.96897106E-02
   2.78466064E-02
   2.57426482E-02
   2.33798549E-02
   2.07616407E-02
   1.78926717E-02
   1.47785638E-02
   1.14256237E-02
   7.84048159E-03
   4.02978435E-03
   0.00000000    
   7.53239961E-04
   1.43971515E-03
   2.16998346E-03
   2.95039988E-03
   3.78693291E-03
   4.68492555E-03
   5.64894127E-03
   6.68263249E-03
   7.78859481E-03
   8.96822382E-03
   1.02215810E-02
   1.15472758E-02
   1.29423495E-02
   1.44022387E-02
   1.59207061E-02
   1.74898561E-02
   1.91001557E-02
   2.07404904E-02
   2.23982502E-02
   2.40594465E-02
   2.57088430E-02
   2.73301378E-02
   2.89061163E-02
   3.04188542E-02
   3.18499245E-02
   3.31806056E-02
   3.43921147E-02
   3.54658142E-02
   3.63834128E-02
   3.71272229E-02
   3.76803465E-02
   3.80268656E-02
   3.81520241E-02
   3.80424261E-02
   3.76861542E-02
   3.70729268E-02
   3.61942053E-02
   3.50432470E-02
   3.36151943E-02
   3.19071151E-02
   2.99179349E-02
   2.76484322E-02
   2.51011755E-02
   2.22803485E-02
   1.91916171E-02
   1.58418622E-02
   1.22389747E-02
   8.39157216E-03
   4.30875691E-03
   0.00000000    
   7.75140943E-04
   1.50495849E-03
   2.28102435E-03
   3.11035290E-03
   3.99962487E-03
   4.95491503E-03
   5.98147418E-03
   7.08354916E-03
   8.26420169E-03
   9.52515006E-03
   1.08666122E-02
   1.22871920E-02
   1.37837538E-02
   1.53513802E-02
   1.69833302E-02
   1.86710246E-02
   2.04041004E-02
   2.21704673E-02
   2.39564087E-02
   2.57467106E-02
   2.75248103E-02
   2.92729959E-02
   3.09725758E-02
   3.26041020E-02
   3.41476016E-02
   3.55827957E-02
   3.68893370E-02
   3.80470902E-02
   3.90362926E-02
   3.98378707E-02
   4.04336043E-02
   4.08063568E-02
   4.09402996E-02
   4.08210568E-02
   4.04359065E-02
   3.97738963E-02
   3.88259701E-02
   3.75850834E-02
   3.60462070E-02
   3.42064351E-02
   3.20649371E-02
   2.96229273E-02
   2.68836189E-02
   2.38520633E-02
   2.05350444E-02
   1.69408508E-02
   1.30790900E-02
   8.96047335E-03
   4.59662685E-03
   0.00000000    
   7.94141903E-04
   1.56493962E-03
   2.38458463E-03
   3.26091470E-03
   4.20144340E-03
   5.21306088E-03
   6.30177604E-03
   7.47248530E-03
   8.72876681E-03
   1.00727025E-02
   1.15046948E-02
   1.30233457E-02
   1.46253388E-02
   1.63053870E-02
   1.80561915E-02
   1.98684447E-02
   2.17308775E-02
   2.36303378E-02
   2.55519133E-02
   2.74790525E-02
   2.93937717E-02
   3.12768184E-02
   3.31078954E-02
   3.48659344E-02
   3.65292840E-02
   3.80759761E-02
   3.94840315E-02
   4.07316685E-02
   4.17975746E-02
   4.26611863E-02
   4.33028936E-02
   4.37042899E-02
   4.38483804E-02
   4.37197872E-02
   4.33049500E-02
   4.25922349E-02
   4.15720716E-02
   4.02371027E-02
   3.85821797E-02
   3.66044752E-02
   3.43034528E-02
   3.16808410E-02
   2.87405923E-02
   2.54887473E-02
   2.19333172E-02
   1.80841368E-02
   1.39526594E-02
   9.55180172E-03
   4.89577325E-03
   0.00000000    
   8.09208257E-04
   1.61797600E-03
   2.47836020E-03
   3.39919701E-03
   4.38897684E-03
   5.45552187E-03
   6.60568941E-03
   7.84511305E-03
   9.17794928E-03
   1.06066875E-02
   1.21319471E-02
   1.37523413E-02
   1.54643664E-02
   1.72623359E-02
   1.91383436E-02
   2.10822728E-02
   2.30818745E-02
   2.51228418E-02
   2.71889288E-02
   2.92621460E-02
   3.13229375E-02
   3.33503745E-02
   3.53224427E-02
   3.72162610E-02
   3.90083827E-02
   4.06750292E-02
   4.21924144E-02
   4.35370207E-02
   4.46858630E-02
   4.56167646E-02
   4.63086404E-02
   4.67417277E-02
   4.68978100E-02
   4.67604622E-02
   4.63152342E-02
   4.55497615E-02
   4.44540046E-02
   4.30202782E-02
   4.12433632E-02
   3.91205586E-02
   3.66516747E-02
   3.38390544E-02
   3.06874812E-02
   2.72040907E-02
   2.33982727E-02
   1.92815289E-02
   1.48672890E-02
   1.01707801E-02
   5.20887598E-03
   0.00000000    
   8.19078065E-04
   1.66196493E-03
   2.55944836E-03
   3.52155464E-03
   4.55792155E-03
   5.67745138E-03
   6.88797655E-03
   8.19596369E-03
   9.60623380E-03
   1.11217406E-02
   1.27433622E-02
   1.44697335E-02
   1.62971467E-02
   1.82194766E-02
   2.02281550E-02
   2.23121736E-02
   2.44581942E-02
   2.66506374E-02
   2.88718008E-02
   3.11020855E-02
   3.33202071E-02
   3.55034135E-02
   3.76277827E-02
   3.96684743E-02
   4.16000560E-02
   4.33967747E-02
   4.50329110E-02
   4.64830250E-02
   4.77223285E-02
   4.87269349E-02
   4.94741499E-02
   4.99427505E-02
   5.01132272E-02
   4.99680489E-02
   4.94918115E-02
   4.86714356E-02
   4.74963672E-02
   4.59586307E-02
   4.40529622E-02
   4.17768098E-02
   3.91304418E-02
   3.61168869E-02
   3.27418670E-02
   2.90137492E-02
   2.49434244E-02
   2.05441955E-02
   1.58316065E-02
   1.08233197E-02
   5.53895719E-03
   0.00000000    
   8.22205329E-04
   1.69428834E-03
   2.62421160E-03
   3.62341176E-03
   4.70287772E-03
   5.87277068E-03
   7.14205159E-03
   8.51814635E-03
   1.00066448E-02
   1.16110407E-02
   1.33325057E-02
   1.51697155E-02
   1.71187427E-02
   1.91729721E-02
   2.13231016E-02
   2.35571451E-02
   2.58605219E-02
   2.82162447E-02
   3.06049883E-02
   3.30053754E-02
   3.53942066E-02
   3.77467014E-02
   4.00368161E-02
   4.22375835E-02
   4.43213806E-02
   4.62602675E-02
   4.80264015E-02
   4.95922677E-02
   5.09311147E-02
   5.20171672E-02
   5.28260134E-02
   5.33348545E-02
   5.35228141E-02
   5.33711128E-02
   5.28634042E-02
   5.19858599E-02
   5.07273711E-02
   4.90796790E-02
   4.70375046E-02
   4.45985608E-02
   4.17635962E-02
   3.85364331E-02
   3.49238552E-02
   3.09355855E-02
   2.65841577E-02
   2.18848269E-02
   1.68554001E-02
   1.15161054E-02
   5.88943111E-03
   0.00000000    
   8.16688582E-04
   1.71168929E-03
   2.66810646E-03
   3.69904260E-03
   4.81707975E-03
   6.03385549E-03
   7.35964673E-03
   8.80299788E-03
   1.03703896E-02
   1.20659405E-02
   1.38911745E-02
   1.58448145E-02
   1.79226901E-02
   2.01176498E-02
   2.24195495E-02
   2.48152949E-02
   2.72889454E-02
   2.98219044E-02
   3.23930345E-02
   3.49789672E-02
   3.75543647E-02
   4.00921740E-02
   4.25640270E-02
   4.49405424E-02
   4.71916944E-02
   4.92871478E-02
   5.11966906E-02
   5.28905615E-02
   5.43398038E-02
   5.55166267E-02
   5.63947260E-02
   5.69495931E-02
   5.71588390E-02
   5.70024550E-02
   5.64629585E-02
   5.55257984E-02
   5.41792884E-02
   5.24149314E-02
   5.02274446E-02
   4.76148315E-02
   4.45784479E-02
   4.11229841E-02
   3.72564308E-02
   3.29899974E-02
   2.83380225E-02
   2.33178828E-02
   1.79497991E-02
   1.22567257E-02
   6.26416039E-03
   0.00000000    
   8.00178328E-04
   1.71011128E-03
   2.68545281E-03
   3.74127878E-03
   4.89205215E-03
   6.15114626E-03
   7.53038330E-03
   9.03962273E-03
   1.06863743E-02
   1.24754990E-02
   1.44089172E-02
   1.64854228E-02
   1.87005717E-02
   2.10465994E-02
   2.35124063E-02
   2.60836352E-02
   2.87428088E-02
   3.14695053E-02
   3.42405476E-02
   3.70302983E-02
   3.98110338E-02
   4.25531566E-02
   4.52256799E-02
   4.77965325E-02
   5.02330028E-02
   5.25020920E-02
   5.45709878E-02
   5.64073958E-02
   5.79799898E-02
   5.92587143E-02
   6.02152161E-02
   6.08231053E-02
   6.10583760E-02
   6.08996339E-02
   6.03282824E-02
   5.93288951E-02
   5.78892455E-02
   5.60005940E-02
   5.36576957E-02
   5.08589111E-02
   4.76062931E-02
   4.39055115E-02
   3.97658907E-02
   3.52002978E-02
   3.02250646E-02
   2.48598419E-02
   1.91274676E-02
   1.30538018E-02
   6.66753156E-03
   0.00000000    
   7.69759528E-04
   1.68449094E-03
   2.66914489E-03
   3.74114024E-03
   4.91716573E-03
   6.21264847E-03
   7.64123397E-03
   9.21432022E-03
   1.09406309E-02
   1.28258765E-02
   1.48724616E-02
   1.70792583E-02
   1.94414984E-02
   2.19507143E-02
   2.45947111E-02
   2.73576919E-02
   3.02203931E-02
   3.31603363E-02
   3.61520089E-02
   3.91672216E-02
   4.21755053E-02
   4.51444276E-02
   4.80400361E-02
   5.08272238E-02
   5.34702837E-02
   5.59332483E-02
   5.81803918E-02
   6.01766147E-02
   6.18879125E-02
   6.32817969E-02
   6.43276051E-02
   6.49969578E-02
   6.52640238E-02
   6.51059002E-02
   6.45028129E-02
   6.34383857E-02
   6.18998967E-02
   5.98782524E-02
   5.73683418E-02
   5.43689877E-02
   5.08829951E-02
   4.69171703E-02
   4.24823128E-02
   3.75931412E-02
   3.22681554E-02
   2.65294928E-02
   2.04028301E-02
   1.39171435E-02
   7.10453093E-03
   0.00000000    
   7.21800025E-04
   1.62849284E-03
   2.61027715E-03
   3.68735963E-03
   4.87907836E-03
   6.20329520E-03
   7.67581025E-03
   9.30983946E-03
   1.11155277E-02
   1.30995829E-02
   1.52649591E-02
   1.76106300E-02
   2.01314427E-02
   2.28180904E-02
   2.56571136E-02
   2.86310446E-02
   3.17185894E-02
   3.48948501E-02
   3.81316803E-02
   4.13979553E-02
   4.46600765E-02
   4.78824079E-02
   5.10275848E-02
   5.40571585E-02
   5.69319725E-02
   5.96127473E-02
   6.20604865E-02
   6.42369688E-02
   6.61052242E-02
   6.76300153E-02
   6.87781423E-02
   6.95190132E-02
   6.98248595E-02
   6.96710795E-02
   6.90366179E-02
   6.79041147E-02
   6.62602484E-02
   6.40957206E-02
   6.14054836E-02
   5.81889264E-02
   5.44497445E-02
   5.01960143E-02
   4.54402119E-02
   4.01990749E-02
   3.44934948E-02
   2.83483528E-02
   2.17923801E-02
   1.48579478E-02
   7.58084329E-03
   0.00000000    
   6.51753740E-04
   1.53416349E-03
   2.49765581E-03
   3.56577081E-03
   4.76101274E-03
   6.10413542E-03
   7.61350105E-03
   9.30446107E-03
   1.11888442E-02
   1.32745234E-02
   1.55650815E-02
   1.80595797E-02
   2.07524113E-02
   2.36332901E-02
   2.66872589E-02
   2.98948828E-02
   3.32325026E-02
   3.66724469E-02
   4.01834659E-02
   4.37311344E-02
   4.72782515E-02
   5.07854559E-02
   5.42115718E-02
   5.75142875E-02
   6.06506206E-02
   6.35774881E-02
   6.62522465E-02
   6.86331540E-02
   7.06799552E-02
   7.23542869E-02
   7.36202076E-02
   7.44445845E-02
   7.47975335E-02
   7.46526644E-02
   7.39874765E-02
   7.27835745E-02
   7.10269585E-02
   6.87081292E-02
   6.58222660E-02
   6.23693205E-02
   5.83540313E-02
   5.37859015E-02
   4.86793183E-02
   4.30532247E-02
   3.69311906E-02
   3.03410850E-02
   2.33150143E-02
   1.58890579E-02
   8.10298696E-03
   0.00000000    
   5.53903752E-04
   1.39147940E-03
   2.31716409E-03
   3.35850613E-03
   4.54179849E-03
   5.89126023E-03
   7.42829032E-03
   9.17078555E-03
   1.11325365E-02
   1.33227836E-02
   1.57458186E-02
   1.84007771E-02
   2.12814827E-02
   2.43764501E-02
   2.76689809E-02
   3.11373062E-02
   3.47549617E-02
   3.84910591E-02
   4.23107855E-02
   4.61758077E-02
   5.00448495E-02
   5.38742281E-02
   5.76184019E-02
   6.12306483E-02
   6.46636635E-02
   6.78700581E-02
   7.08030164E-02
   7.34168738E-02
   7.56676346E-02
   7.75135309E-02
   7.89155141E-02
   7.98376501E-02
   8.02476853E-02
   8.01172778E-02
   7.94222802E-02
   7.81432539E-02
   7.62654766E-02
   7.37792701E-02
   7.06800595E-02
   6.69685304E-02
   6.26505911E-02
   5.77373803E-02
   5.22453673E-02
   4.61960584E-02
   3.96158732E-02
   3.25360782E-02
   2.49924790E-02
   1.70252156E-02
   8.67844000E-03
   0.00000000    
   4.21025790E-04
   1.18775829E-03
   2.05093808E-03
   3.04295355E-03
   4.19466058E-03
   5.53443795E-03
   7.08730891E-03
   8.87417514E-03
   1.09111527E-02
   1.32090431E-02
   1.57729555E-02
   1.86020471E-02
   2.16894075E-02
   2.50221081E-02
   2.85813045E-02
   3.23425084E-02
   3.62759121E-02
   4.03468534E-02
   4.45162989E-02
   4.87414300E-02
   5.29761575E-02
   5.71719073E-02
   6.12781160E-02
   6.52430281E-02
   6.90142736E-02
   7.25396574E-02
   7.57676736E-02
   7.86481500E-02
   8.11329111E-02
   8.31763595E-02
   8.47359374E-02
   8.57726559E-02
   8.62515643E-02
   8.61421824E-02
   8.54186788E-02
   8.40603411E-02
   8.20517540E-02
   7.93830752E-02
   7.60500506E-02
   7.20542222E-02
   6.74028024E-02
   6.21089078E-02
   5.61912805E-02
   4.96742539E-02
   4.25875299E-02
   3.49660702E-02
   2.68498398E-02
   1.82834230E-02
   9.31581855E-03
   0.00000000    
   2.43941598E-04
   9.06878035E-04
   1.67627365E-03
   2.59039365E-03
   3.68561782E-03
   4.99532418E-03
   6.54888200E-03
   8.37075990E-03
   1.04797920E-02
   1.28885889E-02
   1.56031465E-02
   1.86225642E-02
   2.19389908E-02
   2.55376827E-02
   2.93971971E-02
   3.34897302E-02
   3.77815552E-02
   4.22334895E-02
   4.68015894E-02
   5.14377244E-02
   5.60902469E-02
   6.07048757E-02
   6.52252883E-02
   6.95938841E-02
   7.37525895E-02
   7.76435956E-02
   8.12101364E-02
   8.43969509E-02
   8.71511400E-02
   8.94227475E-02
   9.11652967E-02
   9.23364088E-02
   9.28981975E-02
   9.28176492E-02
   9.20671895E-02
   9.06247571E-02
   8.84741768E-02
   8.56055394E-02
   8.20149630E-02
   7.77049661E-02
   7.26843700E-02
   6.69683665E-02
   6.05783835E-02
   5.35419472E-02
   4.58924398E-02
   3.76689769E-02
   2.89160665E-02
   1.96833238E-02
   1.00250831E-02
   0.00000000    
   1.09239154E-05
   5.28241857E-04
   1.16418325E-03
   1.96419563E-03
   2.97136744E-03
   4.22512414E-03
   5.76004293E-03
   7.60483323E-03
   9.78150871E-03
   1.23047438E-02
   1.51814595E-02
   1.84105765E-02
   2.19829716E-02
   2.58816276E-02
   3.00819185E-02
   3.45520079E-02
   3.92534211E-02
   4.41416502E-02
   4.91668843E-02
   5.42747714E-02
   5.94072081E-02
   6.45032153E-02
   6.94997460E-02
   7.43325427E-02
   7.89369270E-02
   8.32487866E-02
   8.72051716E-02
   9.07451436E-02
   9.38104540E-02
   9.63462070E-02
   9.83016118E-02
   9.96303782E-02
  0.100291386    
  0.100248955    
   9.94734094E-02
   9.79413688E-02
   9.56358910E-02
   9.25468951E-02
   8.86710882E-02
   8.40121508E-02
   7.85808042E-02
   7.23945722E-02
   6.54779449E-02
   5.78620322E-02
   4.95843627E-02
   4.06887345E-02
   3.12247891E-02
   2.12476980E-02
   1.08177783E-02
   0.00000000    
  -2.93107179E-04
   2.53880389E-05
   4.77468362E-04
   1.11740467E-03
   1.99648971E-03
   3.16148135E-03
   4.65321867E-03
   6.50544278E-03
   8.74387193E-03
   1.13855070E-02
   1.44381952E-02
   1.79004353E-02
   2.17614062E-02
   2.60011870E-02
   3.05911787E-02
   3.54946181E-02
   4.06672880E-02
   4.60582934E-02
   5.16108200E-02
   5.72632067E-02
   6.29497021E-02
   6.86015487E-02
   7.41478950E-02
   7.95167312E-02
   8.46358538E-02
   8.94338191E-02
   9.38407183E-02
   9.77890640E-02
  0.101214550    
  0.104056850    
  0.106260121    
  0.107773811    
  0.108553208    
  0.108559668    
  0.107761294    
  0.106133118    
  0.103657536    
  0.100324363    
   9.61310267E-02
   9.10826474E-02
   8.51920098E-02
   7.84794763E-02
   7.09729567E-02
   6.27076775E-02
   5.37258424E-02
   4.40765098E-02
   3.38150933E-02
   2.30030306E-02
   1.17073171E-02
   0.00000000    
  -6.87681488E-04
  -6.35897159E-04
  -4.31889901E-04
  -1.04750125E-05
   6.89718639E-04
   1.72438123E-03
   3.14188702E-03
   4.98194480E-03
   7.27455923E-03
   1.00392886E-02
   1.32848248E-02
   1.70088913E-02
   2.11983211E-02
   2.58294512E-02
   3.08686867E-02
   3.62731889E-02
   4.19917405E-02
   4.79656979E-02
   5.41299731E-02
   6.04141317E-02
   6.67434484E-02
   7.30400458E-02
   7.92239979E-02
   8.52143168E-02
   9.09300670E-02
   9.62914005E-02
  0.101220421    
  0.105642274    
  0.109485760    
  0.112684339    
  0.115176558    
  0.116907150    
  0.117827237    
  0.117895104    
  0.117076278    
  0.115344249    
  0.112680644    
  0.109075308    
  0.104526594    
   9.90413576E-02
   9.26347896E-02
   8.53305310E-02
   7.71604180E-02
   6.81643188E-02
   5.83898425E-02
   4.78919409E-02
   3.67325544E-02
   2.49801781E-02
   1.27093261E-02
   0.00000000    
  -1.19829492E-03
  -1.50016649E-03
  -1.62628281E-03
  -1.49786461E-03
  -1.04109035E-03
  -1.89353726E-04
   1.11480313E-03
   2.91813724E-03
   5.25555015E-03
   8.14934168E-03
   1.16088316E-02
   1.56303421E-02
   2.01975014E-02
   2.52817646E-02
   3.08431946E-02
   3.68313901E-02
   4.31865565E-02
   4.98406328E-02
   5.67185916E-02
   6.37395829E-02
   7.08182529E-02
   7.78660402E-02
   8.47923756E-02
   9.15058777E-02
   9.79155004E-02
  0.103931740    
  0.109467655    
  0.114439763    
  0.118769303    
  0.122382484    
  0.125211760    
  0.127196491    
  0.128283262    
  0.128426746    
  0.127589986    
  0.125744671    
  0.122871719    
  0.118961260    
  0.114012741    
  0.108034976    
  0.101046175    
   9.30736586E-02
   8.41538459E-02
   7.43319616E-02
   6.36616871E-02
   5.22047244E-02
   4.00304012E-02
   2.72151716E-02
   1.38420481E-02
   0.00000000    
  -1.85853778E-03
  -2.62590847E-03
  -3.18738096E-03
  -3.44711263E-03
  -3.31580988E-03
  -2.71348422E-03
  -1.57173723E-03
   1.64461962E-04
   2.53553130E-03
   5.56654530E-03
   9.26697627E-03
   1.36308642E-02
   1.86373238E-02
   2.42513847E-02
   3.04250196E-02
   3.70983407E-02
   4.42009605E-02
   5.16533852E-02
   5.93685806E-02
   6.72532469E-02
   7.52094314E-02
   8.31359774E-02
   9.09299180E-02
   9.84877199E-02
  0.105706818    
  0.112486497    
  0.118729323    
  0.124342434    
  0.129237875    
  0.133334100    
  0.136556640    
  0.138838738    
  0.140122131    
  0.140357494    
  0.139505088    
  0.137535006    
  0.134427249    
  0.130172551    
  0.124771722    
  0.118236095    
  0.110587180    
  0.101856738    
   9.20864642E-02
   8.13278183E-02
   6.96413368E-02
   5.70964515E-02
   4.37709019E-02
   2.97501553E-02
   1.51268197E-02
   0.00000000    
  -2.71313335E-03
  -4.09062859E-03
  -5.22300461E-03
  -5.99282188E-03
  -6.29145280E-03
  -6.02246402E-03
  -5.10431128E-03
  -3.47234891E-03
  -1.08012685E-03
   2.09998433E-03
   6.07674522E-03
   1.08405072E-02
   1.63641032E-02
   2.26039831E-02
   2.95016915E-02
   3.69853787E-02
   4.49715368E-02
   5.33667393E-02
   6.20693117E-02
   7.09711984E-02
   7.99594000E-02
   8.89179781E-02
   9.77294073E-02
  0.106276140    
  0.114442050    
  0.122113816    
  0.129182041    
  0.135542706    
  0.141098008    
  0.145757452    
  0.149438620    
  0.152068272    
  0.153582573    
  0.153928146    
  0.153062105    
  0.150952756    
  0.147579700    
  0.142934114    
  0.137018844    
  0.129847988    
  0.121447258    
  0.111853614    
  0.101114884    
   8.92895758E-02
   7.64461681E-02
   6.26629293E-02
   4.80271503E-02
   3.26345488E-02
   1.65886525E-02
   0.00000000    
  -3.82235856E-03
  -5.99814439E-03
  -7.87688326E-03
  -9.31356475E-03
  -1.01752738E-02
  -1.03453351E-02
  -9.72650852E-03
  -8.24317615E-03
  -5.84259443E-03
  -2.49527604E-03
   1.80533237E-03
   7.04378681E-03
   1.31840324E-02
   2.01710667E-02
   2.79329028E-02
   3.63825485E-02
   4.54201847E-02
   5.49352095E-02
   6.48083463E-02
   7.49136582E-02
   8.51205140E-02
   9.52954739E-02
  0.105303973    
  0.115012258    
  0.124288559    
  0.133004859    
  0.141038254    
  0.148272231    
  0.154597610    
  0.159913853    
  0.164129913    
  0.167165086    
  0.168949619    
  0.169425488    
  0.168546766    
  0.166279957    
  0.162604332    
  0.157512113    
  0.151008308    
  0.143110782    
  0.133850142    
  0.123269416    
  0.111423515    
   9.83791649E-02
   8.42140764E-02
   6.90165907E-02
   5.28848842E-02
   3.59263495E-02
   1.82568710E-02
   0.00000000    
  -5.26861986E-03
  -8.48925021E-03
  -1.13427555E-02
  -1.36486012E-02
  -1.52431941E-02
  -1.59850046E-02
  -1.57582536E-02
  -1.44751873E-02
  -1.20770652E-02
  -8.53407383E-03
  -3.84436082E-03
   1.96764525E-03
   8.85332376E-03
   1.67422686E-02
   2.55448390E-02
   3.51548120E-02
   4.54519875E-02
   5.63046969E-02
   6.75723404E-02
   7.91076422E-02
   9.07589048E-02
  0.102372222    
  0.113793209    
  0.124869101    
  0.135450274    
  0.145392001    
  0.154555753    
  0.162810817    
  0.170035392    
  0.176117748    
  0.180956990    
  0.184464291    
  0.186563492    
  0.187191561    
  0.186299413    
  0.183851913    
  0.179828212    
  0.174221978    
  0.167041317    
  0.158308476    
  0.148059994    
  0.136345893    
  0.123229623    
  0.108787328    
   9.31073651E-02
   7.62896538E-02
   5.84448278E-02
   3.96936089E-02
   2.01659054E-02
   0.00000000    
  -7.16650859E-03
  -1.17577417E-02
  -1.58852115E-02
  -1.93221644E-02
  -2.18661595E-02
  -2.33453102E-02
  -2.36224253E-02
  -2.25970484E-02
  -2.02058665E-02
  -1.64217036E-02
  -1.12514338E-02
  -4.73328261E-03
   3.06634931E-03
   1.20562324E-02
   2.21237019E-02
   3.31380107E-02
   4.49535511E-02
   5.74128479E-02
   7.03494400E-02
   8.35906193E-02
   9.69597921E-02
  0.110278971    
  0.123370789    
  0.136060491    
  0.148177907    
  0.159559116    
  0.170048073    
  0.179498047    
  0.187772930    
  0.194748387    
  0.200312749    
  0.204368398    
  0.206832126    
  0.207635701    
  0.206726596    
  0.204068303    
  0.199640438    
  0.193438768    
  0.185475141    
  0.175777495    
  0.164389148    
  0.151368722    
  0.136789516    
  0.120738767    
  0.103317067    
   8.46376494E-02
   6.48254305E-02
   4.40163128E-02
   2.23561805E-02
   0.00000000    
  -9.67859477E-03
  -1.60749815E-02
  -2.18710564E-02
  -2.67793685E-02
  -3.05482838E-02
  -3.29693742E-02
  -3.38816717E-02
  -3.31730060E-02
  -3.07789426E-02
  -2.66802330E-02
  -2.08990090E-02
  -1.34944236E-02
  -4.55802307E-03
   5.79083059E-03
   1.74094103E-02
   3.01357843E-02
   4.37927283E-02
   5.81912138E-02
   7.31336623E-02
   8.84170085E-02
  0.103835471    
  0.119182855    
  0.134255052    
  0.148852319    
  0.162780926    
  0.175855070    
  0.187898874    
  0.198747545    
  0.208249003    
  0.216264904    
  0.222671837    
  0.227362335    
  0.230245620    
  0.231248289    
  0.230314493    
  0.227406666    
  0.222505078    
  0.215608731    
  0.206734434    
  0.195916727    
  0.183207616    
  0.168675706    
  0.152405888    
  0.134498343    
  0.115068048    
   9.42434147E-02
   7.21658021E-02
   4.89883833E-02
   2.48751566E-02
   0.00000000    
  -1.30411284E-02
  -2.18288023E-02
  -2.98177674E-02
  -3.66403162E-02
  -4.19828743E-02
  -4.55943383E-02
  -4.72895838E-02
  -4.69487272E-02
  -4.45134528E-02
  -3.99816632E-02
  -3.34009603E-02
  -2.48619206E-02
  -1.44915134E-02
  -2.44697998E-03
   1.10898502E-02
   2.59176120E-02
   4.18199077E-02
   5.85694090E-02
   7.59313628E-02
   9.36668366E-02
  0.111535780    
  0.129299417    
  0.146723092    
  0.163578123    
  0.179643989    
  0.194710329    
  0.208578840    
  0.221064672    
  0.231997609    
  0.241224185    
  0.248607785    
  0.254030675    
  0.257393986    
  0.258618653    
  0.257645935    
  0.254437596    
  0.248975754    
  0.241263404    
  0.231323749    
  0.219199687    
  0.204953566    
  0.188666075    
  0.170435846    
  0.150378361    
  0.128624976    
  0.105321929    
   8.06292966E-02
   5.47199547E-02
   2.77784448E-02
   0.00000000    
  -1.76075064E-02
  -2.95870900E-02
  -4.04704921E-02
  -4.97834757E-02
  -5.71359955E-02
  -6.22303523E-02
  -6.48616701E-02
  -6.49125651E-02
  -6.23447038E-02
  -5.71885630E-02
  -4.95329909E-02
  -3.95151451E-02
  -2.73115076E-02
  -1.31298639E-02
   2.79755052E-03
   2.02199500E-02
   3.88730615E-02
   5.84834665E-02
   7.87723958E-02
   9.94589925E-02
  0.120263502    
  0.140909880    
  0.161128342    
  0.180657595    
  0.199246794    
  0.216658115    
  0.232667938    
  0.247068807    
  0.259670943    
  0.270303905    
  0.278816938    
  0.285080820    
  0.288988501    
  0.290455461    
  0.289420247    
  0.285844684    
  0.279713929    
  0.271036536    
  0.259843647    
  0.246188611    
  0.230146274    
  0.211812094    
  0.191300973    
  0.168746293    
  0.144298807    
  0.118125245    
   9.04071927E-02
   6.13398813E-02
   3.11310720E-02
   0.00000000    
  -2.39250492E-02
  -4.02057022E-02
  -5.49277812E-02
  -6.74765557E-02
  -7.73723051E-02
  -8.42742398E-02
  -8.79728571E-02
  -8.83754864E-02
  -8.54887590E-02
  -7.94009268E-02
  -7.02658072E-02
  -5.82884289E-02
  -4.37133349E-02
  -2.68147569E-02
  -7.88883772E-03
   1.27527453E-02
   3.47880535E-02
   5.78891896E-02
   8.17261264E-02
  0.105969645    
  0.130294710    
  0.154382855    
  0.177924633    
  0.200622112    
  0.222190499    
  0.242360815    
  0.260881603    
  0.277520716    
  0.292066336    
  0.304329693    
  0.314144343    
  0.321369112    
  0.325888664    
  0.327612668    
  0.326478124    
  0.322447777    
  0.315511316    
  0.305684537    
  0.293008953    
  0.277550817    
  0.259400547    
  0.238671318    
  0.215497538    
  0.190034032    
  0.162454039    
  0.132948205    
  0.101722762    
   6.89982995E-02
   3.50087136E-02
   0.00000000    
  -3.28776240E-02
  -5.50192371E-02
  -7.48536363E-02
  -9.15865973E-02
 -0.104646251    
 -0.113672204    
 -0.118488513    
 -0.119070962    
 -0.115514614    
 -0.108005159    
  -9.67954546E-02
  -8.21867511E-02
  -6.45147488E-02
  -4.41388451E-02
  -2.14341730E-02
   3.21450899E-03
   2.94175334E-02
   5.67841195E-02
   8.49256441E-02
  0.113458492    
  0.142006561    
  0.170203760    
  0.197696462    
  0.224145666    
  0.249229059    
  0.272643566    
  0.294106185    
  0.313357472    
  0.330161810    
  0.344309747    
  0.355618954    
  0.363935471    
  0.369134694    
  0.371121764    
  0.369832069    
  0.365231395    
  0.357315779    
  0.346110791    
  0.331671089    
  0.314079076    
  0.293444484    
  0.269901961    
  0.243609697    
  0.214747906    
  0.183516636    
  0.150134236    
  0.114835240    
   7.78691396E-02
   3.94988991E-02
   0.00000000    
  -4.59656678E-02
  -7.61932880E-02
 -0.102845274    
 -0.124920070    
 -0.141789779    
 -0.153145745    
 -0.158929929    
 -0.159268215    
 -0.154415384    
 -0.144712970    
 -0.130558521    
 -0.112384342    
  -9.06433836E-02
  -6.57997280E-02
  -3.83220762E-02
  -8.67959857E-03
   2.26613246E-02
   5.52396066E-02
   8.86017010E-02
  0.122303620    
  0.155913085    
  0.189011753    
  0.221197084    
  0.252084911    
  0.281311274    
  0.308534890    
  0.333438933    
  0.355733484    
  0.375156820    
  0.391477346    
  0.404494852    
  0.414042443    
  0.419986397    
  0.422227710    
  0.420701474    
  0.415378630    
  0.406263530    
  0.393394709    
  0.376843959    
  0.356714338    
  0.333138853    
  0.306278825    
  0.276321709    
  0.243478194    
  0.207980469    
  0.170079440    
  0.130042508    
   8.81515294E-02
   4.47016060E-02
   0.00000000    
  -6.58922419E-02
 -0.107407041    
 -0.143089220    
 -0.171776503    
 -0.192933410    
 -0.206484169    
 -0.212658435    
 -0.211873144    
 -0.204650268    
 -0.191564411    
 -0.173211440    
 -0.150190458    
 -0.123095445    
  -9.25107226E-02
  -5.90091832E-02
  -2.31519472E-02
   1.45119904E-02
   5.34462221E-02
   9.31276083E-02
  0.133047342    
  0.172712445    
  0.211647749    
  0.249397337    
  0.285527647    
  0.319628984    
  0.351318032    
  0.380240381    
  0.406073004    
  0.428524762    
  0.447340578    
  0.462301433    
  0.473226011    
  0.479972094    
  0.482437015    
  0.480558008    
  0.474312365    
  0.463717043    
  0.448826939    
  0.429735839    
  0.406572402    
  0.379499644    
  0.348711759    
  0.314431965    
  0.276908904    
  0.236413717    
  0.193236217    
  0.147682011    
  0.100069590    
   5.07288352E-02
   0.00000000    
  -9.78791490E-02
 -0.155235752    
 -0.202542335    
 -0.238818377    
 -0.264068931    
 -0.278856516    
 -0.284009069    
 -0.280448377    
 -0.269099385    
 -0.250850707    
 -0.226540893    
 -0.196958959    
 -0.162849844    
 -0.124921724    
  -8.38525668E-02
  -4.02955823E-02
   5.11725899E-03
   5.17730415E-02
   9.90769863E-02
  0.146452636    
  0.193342686    
  0.239210784    
  0.283543557    
  0.325852901    
  0.365679026    
  0.402592212    
  0.436196744    
  0.466132581    
  0.492076606    
  0.513747871    
  0.530906558    
  0.543356895    
  0.550948441    
  0.553575516    
  0.551179171    
  0.543747127    
  0.531311989    
  0.513951242    
  0.491785586    
  0.464976251    
  0.433724195    
  0.398264974    
  0.358866721    
  0.315825611    
  0.269460797    
  0.220110357    
  0.168125555    
  0.113866888    
   5.77010699E-02
   0.00000000    
 -0.152874559    
 -0.232058421    
 -0.293007582    
 -0.336287171    
 -0.363603741    
 -0.376941800    
 -0.378186941    
 -0.369003594    
 -0.350824505    
 -0.324884176    
 -0.292260855    
 -0.253915817    
 -0.210724026    
 -0.163498849    
 -0.113008156    
  -5.99862374E-02
  -5.14132343E-03
   5.08405194E-02
  0.107293382    
  0.163571462    
  0.219049901    
  0.273127049    
  0.325226635    
  0.374801278    
  0.421335161    
  0.464347243    
  0.503395200    
  0.538077533    
  0.568037033    
  0.592962444    
  0.612592101    
  0.626714885    
  0.635171652    
  0.637856007    
  0.634715557    
  0.625751257    
  0.611016691    
  0.590617359    
  0.564708829    
  0.533494115    
  0.497221261    
  0.456178695    
  0.410691708    
  0.361117035    
  0.307835817    
  0.251247615    
  0.191761836    
  0.129789576    
   6.57366216E-02
   0.00000000    
 -0.256150723    
 -0.362178773    
 -0.434284627    
 -0.479038090    
 -0.502231598    
 -0.508301497    
 -0.500518262    
 -0.481301606    
 -0.452492237    
 -0.415546000    
 -0.371667415    
 -0.321899265    
 -0.267178416    
 -0.208374396    
 -0.146311492    
  -8.17836598E-02
  -1.55625157E-02
   5.15989698E-02
  0.118965313    
  0.185819432    
  0.251464665    
  0.315228313    
  0.376464844    
  0.434560508    
  0.488936335    
  0.539053440    
  0.584416389    
  0.624577105    
  0.659138978    
  0.687758505    
  0.710148513    
  0.726081610    
  0.735389888    
  0.737968147    
  0.733773053    
  0.722823858    
  0.705200493    
  0.681044102    
  0.650554121    
  0.613986135    
  0.571647286    
  0.523893118    
  0.471122146    
  0.413769990    
  0.352300763    
  0.287197530    
  0.218950197    
  0.148039937    
   7.49205202E-02
   0.00000000    
 -0.473190337    
 -0.592980802    
 -0.656022370    
 -0.684559226    
 -0.690048277    
 -0.678772628    
 -0.654438198    
 -0.619420409    
 -0.575387955    
 -0.523623466    
 -0.465198159    
 -0.401065379    
 -0.332115144    
 -0.259204000    
 -0.183170363    
 -0.104843818    
  -2.50471570E-02
   5.54037020E-02
  0.135702029    
  0.215054452    
  0.292684942    
  0.367840767    
  0.439797252    
  0.507864356    
  0.571390808    
  0.629770398    
  0.682446659    
  0.728917718    
  0.768740892    
  0.801536322    
  0.826988518    
  0.844851911    
  0.854950488    
  0.857181549    
  0.851514399    
  0.837990284    
  0.816724122    
  0.787900865    
  0.751773894    
  0.708664000    
  0.658952296    
  0.603078306    
  0.541534424    
  0.474858582    
  0.403626680    
  0.328440934    
  0.249915645    
  0.168653473    
   8.52060840E-02
   0.00000000    
  -1.00000000    
 -0.995379090    
 -0.981559157    
 -0.958667874    
 -0.926916778    
 -0.886599302    
 -0.838088095    
 -0.781831443    
 -0.718349338    
 -0.648228347    
 -0.572116613    
 -0.490717530    
 -0.404783279    
 -0.315108210    
 -0.222520858    
 -0.127877146    
  -3.20515111E-02
   6.40703440E-02
  0.159599945    
  0.253654689    
  0.345365107    
  0.433883846    
  0.518392622    
  0.598110497    
  0.672300994    
  0.740278065    
  0.801413655    
  0.855142891    
  0.900968909    
  0.938468456    
  0.967294872    
  0.987181842    
  0.997945428    
  0.999486208    
  0.991789997    
  0.974927843    
  0.949055731    
  0.914412618    
  0.871318579    
  0.820172131    
  0.761445880    
  0.695682347    
  0.623489618    
  0.545534551    
  0.462538213    
  0.375266761    
  0.284527630    
  0.191158488    
   9.60227177E-02
   0.00000000    
