  -8.2013609426387607E-002
  -7.9849033049871759E-002
  -8.8843903810945937E-002
 -0.11618190425054271     
 -0.16808666036225389     
 -0.25049663932139810     
 -0.36921027313318794     
 -0.52993849031472928     
 -0.73833221695625451     
  -1.0000000000000000     
  -8.2089200959530942E-002
  -7.9073999519520655E-002
  -8.5507502606252533E-002
 -0.10778857244227165     
 -0.15136321541931472     
 -0.22140640987433691     
 -0.32296181578212430     
 -0.46098965514424955     
 -0.64039126893838150     
 -0.86602539649920685     
  -8.2357801052681534E-002
  -7.7052417354478639E-002
  -7.6522938037991164E-002
  -8.5013062464182859E-002
 -0.10583793040412356     
 -0.14208423290496389     
 -0.19673544528301945     
 -0.27270593296787771     
 -0.37285547912851258     
 -0.49999997476321700     
  -8.2958072166660221E-002
  -7.4634717006884607E-002
  -6.4709686529749164E-002
  -5.4447296209156344E-002
  -4.4229322192874267E-002
  -3.4278235423516622E-002
  -2.4765801834272929E-002
  -1.5827182414229660E-002
  -7.5560170809312738E-003
   4.3711390001864437E-008
  -8.4072792254375209E-002
  -7.2975106481439872E-002
  -5.3918212578806149E-002
  -2.5114243858982484E-002
   1.6040388426712619E-002
   7.2224698726621239E-002
  0.14608888992227215     
  0.24025319043789173     
  0.35733774282294778     
  0.50000005047356477     
  -8.5869712396052761E-002
  -7.3209720454725805E-002
  -4.7991582759618089E-002
  -6.0684426144004015E-003
   5.7446342930003953E-002
  0.14745036843692125     
  0.26872496105025662     
  0.42590706380330184     
  0.62351488963850021     
  0.86602544021059469     
  -8.8442604134904748E-002
  -7.6132869013395846E-002
  -4.9717059737082590E-002
  -3.9741675711790145E-003
   6.6984332329871721E-002
  0.16907262398733883     
  0.30807371368455694     
  0.48951702787834711     
  0.71856814413899894     
  0.99999999999999623     
  -9.1768627482901516E-002
  -8.1957557161387751E-002
  -6.0041405174258503E-002
  -2.1282621968186265E-002
   3.9634408412961800E-002
  0.12818081947392987     
  0.24990549308024260     
  0.41029431795502441     
  0.61440093714916866     
  0.86602535278781245     
  -9.5694010782107791E-002
  -9.0225325861447117E-002
  -7.7757366882635626E-002
  -5.5465097546397168E-002
  -2.0140515254198230E-002
   3.1687729269580099E-002
  0.10394706690632383     
  0.20142805840174247     
  0.33051750342374253     
  0.49999989905286546     
  -9.9952661294165190E-002
  -9.9892501390802330E-002
  -9.9755316543782710E-002
  -9.9510009070489472E-002
  -9.9121261688292356E-002
  -9.8550839927353098E-002
  -9.7755324599864982E-002
  -9.6667699026305828E-002
  -9.3959134941624445E-002
  -1.3113417000559298E-007
