 -0.24297329961890715     
 -0.22209922080381467     
 -0.20957717141443333     
 -0.21563733932977472     
 -0.24733837417556373     
 -0.31093869455396311     
 -0.41234896341655464     
 -0.55728236460438174     
 -0.75132867307732121     
  -1.0000000000000000     
 -0.24361895329796091     
 -0.22210803244557478     
 -0.20718580961465233     
 -0.20824595184151509     
 -0.23156971396294099     
 -0.28267271583645281     
 -0.36673910938533366     
 -0.48875904429838946     
 -0.65359517250337607     
 -0.86602539649920685     
 -0.24558457519568408     
 -0.22243284954476947     
 -0.20105488683404696     
 -0.18852631647958248     
 -0.18898574094428353     
 -0.20591257212361580     
 -0.24251198253282877     
 -0.30181408498584289     
 -0.38671383905060985     
 -0.49999997476321700     
 -0.24896925701477260     
 -0.22390618102767607     
 -0.19405507501103533     
 -0.16321941008142540     
 -0.13254416763286433     
 -0.10269371923579697     
  -7.4178456254281988E-002
  -4.7397650879872320E-002
  -2.2625704102478335E-002
   4.3711390001864437E-008
 -0.25388834669174687     
 -0.22764286319423449     
 -0.19010509898406058     
 -0.14158849927499459     
  -8.0090044748072201E-002
  -3.3499356684973517E-003
   9.0844191448757369E-002
  0.20465091828535245     
  0.34026019237918298     
  0.50000005047356477     
 -0.26041259683856766     
 -0.23470437984440162     
 -0.19310291515576844     
 -0.13299294144777660     
  -4.9775872897784956E-002
   6.1227846989378318E-002
  0.20441266021596555     
  0.38380142495293090     
  0.60311993743094683     
  0.86602544021059469     
 -0.26850785083666301     
 -0.24575742329983921     
 -0.20582696117006735     
 -0.14439593528167291     
  -5.5417405355085506E-002
   6.7282317368472164E-002
  0.22954771601605309     
  0.43652372564458142     
  0.69233047798580605     
  0.99999999999999623     
 -0.27799239221733418     
 -0.26081634935942843     
 -0.22908016593044259     
 -0.17839187926464131     
 -0.10286232951229189     
   3.9038747189849153E-003
  0.14857735985443557     
  0.33765796597524350     
  0.57633438343131549     
  0.86602535278781245     
 -0.28852504793255729     
 -0.27914103496130144     
 -0.26129715511442669     
 -0.23218659627344509     
 -0.18797972014182177     
 -0.12402404658547937     
  -3.4261056000608608E-002
   8.9980906700893509E-002
  0.26203732429041365     
  0.49999989905286546     
 -0.29962954209747900     
 -0.29932615887265751     
 -0.29874878632912794     
 -0.29780628907728007     
 -0.29637426068626765     
 -0.29430100947972837     
 -0.29138049147665140     
 -0.28701624051152891     
 -0.27108119647937040     
  -1.3113417000559298E-007
