  -2.3710413134102786     
  -2.0952062743852178     
  -1.7933699940321852     
  -1.5162998571839597     
  -1.2813270882605066     
  -1.0981546660020236     
 -0.97353411380342103     
 -0.91273285527079906     
 -0.92020908610793095     
  -1.0000000000000000     
  -2.3794533620774776     
  -2.1055976098163605     
  -1.8032089997820901     
  -1.5216459122547843     
  -1.2775310722919990     
  -1.0801191208838967     
 -0.93579342288480549     
 -0.84942885465742779     
 -0.82501400384585821     
 -0.86602539649920685     
  -2.4045589860960179     
  -2.1370278435978958     
  -1.8340293676464505     
  -1.5407743984177318     
  -1.2718004664355245     
  -1.0351042921205964     
 -0.83613888779098777     
 -0.67885200634532294     
 -0.56611184522304281     
 -0.49999997476321700     
  -2.4459720601898387     
  -2.1901670908027611     
  -1.8894306986600777     
  -1.5823290279664686     
  -1.2800048582049595     
 -0.98853212820621539     
 -0.71226090275937570     
 -0.45433395991168968     
 -0.21667630761630219     
   4.3711390001864437E-008
  -2.5029771649758303     
  -2.2657414644596074     
  -1.9743577476761425     
  -1.6586901627546682     
  -1.3251718154095153     
 -0.97717847551726700     
 -0.61796015239690372     
 -0.25068801559720266     
  0.12224879990758546     
  0.50000005047356477     
  -2.5744417994222593     
  -2.3640223077587250     
  -2.0936859924228299     
  -1.7833078811228824     
  -1.4332674883835890     
  -1.0427677428727911     
 -0.61313996626805045     
 -0.14828015141796264     
  0.34639156402311083     
  0.86602544021059469     
  -2.6587308931623319     
  -2.4842532718314079     
  -2.2505309717871813     
  -1.9674960679995053     
  -1.6285743600877405     
  -1.2262170170169753     
 -0.75627777533144258     
 -0.22090999246627510     
  0.36990344408331893     
  0.99999999999999623     
  -2.7536533136487193     
  -2.6241409351042426     
  -2.4445106795945790     
  -2.2168179230610132     
  -1.9286450423362078     
  -1.5634959892793594     
  -1.1042600454211282     
 -0.53885716315235721     
  0.12912811574739053     
  0.86602535278781245     
  -2.8564681411675488     
  -2.7795543710992905     
  -2.6702807272565221     
  -2.5270474849063445     
  -2.3370917735628636     
  -2.0792912288813850     
  -1.7199542493988123     
  -1.2070795342234493     
 -0.47425909540921457     
  0.49999989905286546     
  -2.9639693961338107     
  -2.9445829840511233     
  -2.9168994245029198     
  -2.8803488631660970     
  -2.8313047466217602     
  -2.7628317013355699     
  -2.6578152661117507     
  -2.4558820469472589     
  -1.9073749213461832     
  -1.3113417000559298E-007
