  -2.3708264497508651     
  -2.0950108476851335     
  -1.7931954531091414     
  -1.5161500530152003     
  -1.2812010711793922     
  -1.0980547412833661     
 -0.97345934102016873     
 -0.91268405425136157     
 -0.92018507765095603     
  -1.0000000000000000     
  -2.3792383565134498     
  -2.1053995307927096     
  -1.8030345717906664     
  -1.5214943432387136     
  -1.2774052835132514     
  -1.0800181787400358     
 -0.93571886360648504     
 -0.84937962683668033     
 -0.82499008652433581     
 -0.86602539649920685     
  -2.4043473482454685     
  -2.1368356026765096     
  -1.8338579755861524     
  -1.5406274685519499     
  -1.2716770627877489     
  -1.0350065422402148     
 -0.83606584653478322     
 -0.67880438050707703     
 -0.56608844508669942     
 -0.49999997476321700     
  -2.4457731229128385     
  -2.1899841393241832     
  -1.8892697803733161     
  -1.5821894198122075     
  -1.2798891176612965     
 -0.98843938202516479     
 -0.71219246233499844     
 -0.45428883041509183     
 -0.21665440038036723     
   4.3711390001864437E-008
  -2.5027947679427984     
  -2.2655759781105438     
  -1.9742104426247609     
  -1.6585640150610148     
  -1.3250660178028484     
 -0.97709475147637470     
 -0.61789767257233374     
 -0.25064731148170821     
  0.12226877563413290     
  0.50000005047356477     
  -2.5742843781101952     
  -2.3638777655740029     
  -2.0935589916206800     
  -1.7831978565144861     
  -1.4331763608862547     
  -1.0426948145983512     
 -0.61308619688313404     
 -0.14824473780639158     
  0.34640874126314614     
  0.86602544021059469     
  -2.6586020701686000     
  -2.4841365151952859     
  -2.2504271912712683     
  -1.9674072783322323     
  -1.6284999907803595     
  -1.2261582155652557     
 -0.75623394634092744     
 -0.22088146176516218     
  0.36991743051983972     
  0.99999999999999623     
  -2.7535595477202430     
  -2.6240549631369436     
  -2.4444352128583984     
  -2.2167526288067623     
  -1.9285910099422587     
  -1.5634527995151235     
  -1.1042282280698794     
 -0.53883623088347765     
  0.12913826117607793     
  0.86602535278781245     
  -2.8564122856866696     
  -2.7795037952454038     
  -2.6702358303261038     
  -2.5270091065194680     
  -2.3370596664637140     
  -2.0792658637078487     
  -1.7199353645658260     
  -1.2070672516201808     
 -0.47425308140608402     
  0.49999989905286546     
  -2.9639550548706475     
  -2.9445698517517971     
  -2.9168879067530677     
  -2.8803389096118317     
  -2.8312965163556068     
  -2.7628251298660262     
  -2.6578104290306546     
  -2.4558788693190179     
  -1.9073733853983357     
  -1.3113417000559298E-007
