 -0.24276891736952291     
 -0.22191219397609693     
 -0.20940918454780813     
 -0.21549244333995218     
 -0.24721598018518842     
 -0.31084129859521331     
 -0.41227587866928861     
 -0.55723455510512054     
 -0.75130511459059179     
  -1.0000000000000000     
 -0.24341432686810349     
 -0.22191839424540455     
 -0.20701787292859636     
 -0.20809932182010271     
 -0.23144751827540436     
 -0.28257432670771060     
 -0.36666622908132612     
 -0.48871082284524109     
 -0.65357170477272897     
 -0.86602539649920685     
 -0.24538349343966057     
 -0.22224911748366763     
 -0.20089018412557710     
 -0.18838444116137273     
 -0.18886610828664552     
 -0.20581748592069413     
 -0.24244074275574470     
 -0.30176753181795690     
 -0.38669093197196402     
 -0.49999997476321700     
 -0.24878103505287313     
 -0.22373208905583167     
 -0.19390110958340054     
 -0.16308521422516351     
 -0.13243246634509293     
 -0.10260392103185539     
  -7.4112010271568940E-002
  -4.7353748837722053E-002
  -2.2604359036112017E-002
   4.3711390001864437E-008
 -0.25371710163399636     
 -0.22748660045863223     
 -0.18996526592912513     
 -0.14146818922241047     
  -7.9988755638341610E-002
  -3.2695149184055416E-003
   9.0904358474819133E-002
  0.20469019785037254     
  0.34027949560704329     
  0.50000005047356477     
 -0.26026669496385824     
 -0.23456966710768742     
 -0.19298391718053484     
 -0.13288938581880635     
  -4.9689767450027199E-002
   6.1296970472548833E-002
  0.20446375873417641     
  0.38383514338209324     
  0.60313631686800362     
  0.86602544021059469     
 -0.26839111133655125     
 -0.24565102305368761     
 -0.20573189716320214     
 -0.14431423062432991     
  -5.5348715307044487E-002
   6.7336802928970832E-002
  0.22958842735741811     
  0.43655028044808047     
  0.69234351263844907     
  0.99999999999999623     
 -0.27791107877932197     
 -0.26074138924003470     
 -0.22901402033189361     
 -0.17833439851688868     
 -0.10281458068269128     
   3.9421573848022204E-003
  0.14860563500791421     
  0.33767660216074674     
  0.57634342909100855     
  0.86602535278781245     
 -0.28848205883163813     
 -0.27910189466926366     
 -0.26126223415482797     
 -0.23215661142366942     
 -0.18795454365877126     
 -0.12400409376163028     
  -3.4246164733836140E-002
   8.9990611969325132E-002
  0.26204208299299014     
  0.49999989905286546     
 -0.29962811454734739     
 -0.29932484471032500     
 -0.29874762780164488     
 -0.29780528359066905     
 -0.29637342615652279     
 -0.29430034116694570     
 -0.29137999825862443     
 -0.28701591578497265     
 -0.27108103910100917     
  -1.3113417000559298E-007
