  -8.1811902171596923E-002
  -7.9664386212002780E-002
  -8.8678007390203012E-002
 -0.11603876962083695     
 -0.16796573215360242     
 -0.25040039141649340     
 -0.36913804325114929     
 -0.52989123515216940     
 -0.73830893136521880     
  -1.0000000000000000     
  -8.1887266548886312E-002
  -7.8886798751695242E-002
  -8.5341667358442674E-002
 -0.10764374335012802     
 -0.15124249176243826     
 -0.22130919277271094     
 -0.32288979318528960     
 -0.46094199875290598     
 -0.64036807476290436     
 -0.86602539649920685     
  -8.2159422598994017E-002
  -7.6871088985984062E-002
  -7.6360343479807413E-002
  -8.4872962442129593E-002
 -0.10571977300047576     
 -0.14199030146187619     
 -0.19666506412069037     
 -0.27265993617502460     
 -0.37283284554361851     
 -0.49999997476321700     
  -8.2772460148469743E-002
  -7.4462986079682811E-002
  -6.4557757097485235E-002
  -5.4314843708250508E-002
  -4.4119045850066457E-002
  -3.4189570571041536E-002
  -2.4700185017368929E-002
  -1.5783825942887925E-002
  -7.5349359824681524E-003
   4.3711390001864437E-008
  -8.3904049001143954E-002
  -7.2821070472250032E-002
  -5.3780332382835673E-002
  -2.4995579678869992E-002
   1.6140310402598154E-002
   7.2304048976984572E-002
  0.14614826165265135     
  0.24029195472854165     
  0.35735679308150808     
  0.50000005047356477     
  -8.5726102860969683E-002
  -7.3077083119044914E-002
  -4.7874377998655224E-002
  -5.9664232719580067E-003
   5.7531191064808911E-002
  0.14751849205413253     
  0.26877532766172935     
  0.42594030105629849     
  0.62353103630568596     
  0.86602544021059469     
  -8.8327923735238442E-002
  -7.6028307453377464E-002
  -4.9623611412968290E-002
  -3.8938283364642460E-003
   6.7051887116167663E-002
  0.16912621916076387     
  0.30811376360187476     
  0.48954315390616621     
  0.71858096851396758     
  0.99999999999999623     
  -9.1689049969009909E-002
  -8.1884174450996550E-002
  -5.9976629385683648E-002
  -2.1226318108946433E-002
   3.9681190702874007E-002
  0.12821833254971604     
  0.24993320385671780     
  0.41031258322774011     
  0.61440980333588968     
  0.86602535278781245     
  -9.5652403225523139E-002
  -9.0187429666797922E-002
  -7.7723546041000693E-002
  -5.5436048925322154E-002
  -2.0116120226672158E-002
   3.1707066469754824E-002
  0.10396150022026843     
  0.20143746627185516     
  0.33052211649150604     
  0.49999989905286546     
  -9.9952190557375017E-002
  -9.9892067908012805E-002
  -9.9754934267674983E-002
  -9.9509677212872530E-002
  -9.9120986189104088E-002
  -9.8550619268504155E-002
  -9.7755161728162759E-002
  -9.6667591784524859E-002
  -9.3959082938727359E-002
  -1.3113417000559298E-007
