 -0.24276891736952280     
 -0.22191219397609663     
 -0.20940918454780791     
 -0.21549244333995204     
 -0.24721598018518817     
 -0.31084129859521309     
 -0.41227587866928833     
 -0.55723455510512043     
 -0.75130511459059190     
  -1.0000000000000000     
 -0.24341432686810333     
 -0.22191839424540444     
 -0.20701787292859616     
 -0.20809932182010255     
 -0.23144751827540419     
 -0.28257432670771032     
 -0.36666622908132590     
 -0.48871082284524103     
 -0.65357170477272886     
 -0.86602539649920685     
 -0.24538349343966046     
 -0.22224911748366741     
 -0.20089018412557691     
 -0.18838444116137260     
 -0.18886610828664532     
 -0.20581748592069396     
 -0.24244074275574454     
 -0.30176753181795685     
 -0.38669093197196408     
 -0.49999997476321700     
 -0.24878103505287297     
 -0.22373208905583153     
 -0.19390110958340034     
 -0.16308521422516334     
 -0.13243246634509276     
 -0.10260392103185523     
  -7.4112010271568801E-002
  -4.7353748837721990E-002
  -2.2604359036111993E-002
   4.3711390001864437E-008
 -0.25371710163399630     
 -0.22748660045863206     
 -0.18996526592912499     
 -0.14146818922241036     
  -7.9988755638341499E-002
  -3.2695149184054379E-003
   9.0904358474819189E-002
  0.20469019785037265     
  0.34027949560704329     
  0.50000005047356477     
 -0.26026669496385818     
 -0.23456966710768729     
 -0.19298391718053470     
 -0.13288938581880630     
  -4.9689767450027102E-002
   6.1296970472548881E-002
  0.20446375873417647     
  0.38383514338209329     
  0.60313631686800373     
  0.86602544021059469     
 -0.26839111133655114     
 -0.24565102305368750     
 -0.20573189716320203     
 -0.14431423062432985     
  -5.5348715307044459E-002
   6.7336802928970887E-002
  0.22958842735741811     
  0.43655028044808047     
  0.69234351263844907     
  0.99999999999999623     
 -0.27791107877932197     
 -0.26074138924003459     
 -0.22901402033189353     
 -0.17833439851688868     
 -0.10281458068269124     
   3.9421573848022352E-003
  0.14860563500791427     
  0.33767660216074680     
  0.57634342909100855     
  0.86602535278781245     
 -0.28848205883163808     
 -0.27910189466926361     
 -0.26126223415482791     
 -0.23215661142366939     
 -0.18795454365877126     
 -0.12400409376163027     
  -3.4246164733836133E-002
   8.9990611969325202E-002
  0.26204208299299014     
  0.49999989905286546     
 -0.29962811454734739     
 -0.29932484471032500     
 -0.29874762780164482     
 -0.29780528359066905     
 -0.29637342615652285     
 -0.29430034116694570     
 -0.29137999825862443     
 -0.28701591578497265     
 -0.27108103910100917     
  -1.3113417000559298E-007
