 -0.23013962092118101     
 -0.22429173071719422     
 -0.21631489718644847     
 -0.20935394184737746     
 -0.20502459717869048     
 -0.20443269459122770     
 -0.20847215649536907     
 -0.21793332904596105     
 -0.23354900070032691     
 -0.25601649967817669     
 -0.28600947882441835     
 -0.32418482391934372     
 -0.37118706401345408     
 -0.42765140182128403     
 -0.49420592181765904     
 -0.57147326955833022     
 -0.66007196547135949     
 -0.76061744970416034     
 -0.87372291934659940     
  -1.0000000000000000     
 -0.23032796253322591     
 -0.22444561439558297     
 -0.21637088341482152     
 -0.20922705151233587     
 -0.20460812921917160     
 -0.20359926460989619     
 -0.20707453689494343     
 -0.21580506370816524     
 -0.23050484177155564     
 -0.25185270086812345     
 -0.28050397086309947     
 -0.31709729469638959     
 -0.36225896467450602     
 -0.41660589874897369     
 -0.48074781237215786     
 -0.55528887675529215     
 -0.64082902373966943     
 -0.73796499082567257     
 -0.84729116489702194     
 -0.96940026424503900     
 -0.23088503160920848     
 -0.22490311110206807     
 -0.21654330080198517     
 -0.20886490399320443     
 -0.20339777043225896     
 -0.20116605003101606     
 -0.20298534715301272     
 -0.20957015464427228     
 -0.22157917195191901     
 -0.23963683786082768     
 -0.26434464851027656     
 -0.29628768411346645     
 -0.33603871902522719     
 -0.38416102930588897     
 -0.44121044868203169     
 -0.50773695679838815     
 -0.58428595161500008     
 -0.67139929072527238     
 -0.76961615181998655     
 -0.87947374463670303     
 -0.23181667973182274     
 -0.22568037244091904     
 -0.21687227833871117     
 -0.20834745156985593     
 -0.20153220530017998     
 -0.19735251619745123     
 -0.19653000260922268     
 -0.19968825884022337     
 -0.20739734530719670     
 -0.22019465429970239     
 -0.23859566517616923     
 -0.26309999599027356     
 -0.29419512496064160     
 -0.33235889657996487     
 -0.37806136045100869     
 -0.43176621935069798     
 -0.49393202729695806     
 -0.56501320926684229     
 -0.64546093928324189     
 -0.73572389664974880     
 -0.23313203080263370     
 -0.22680297250324463     
 -0.21742172662575734     
 -0.20780233411264387     
 -0.19923312281801203     
 -0.19250975546481702     
 -0.18822933554256044     
 -0.18689524821251810     
 -0.18896058423241027     
 -0.19484815283188972     
 -0.20496049831416110     
 -0.21968530045470935     
 -0.23939853497150387     
 -0.26446651885431438     
 -0.29524739516738174     
 -0.33209233299741087     
 -0.37534657497705459     
 -0.42535038995056201     
 -0.48243995020385982     
 -0.54694813501060957     
 -0.23484248129909321     
 -0.22830387989135631     
 -0.21827497295511702     
 -0.20739671187324754     
 -0.19679152781738685     
 -0.18709927833669890     
 -0.17876856167951785     
 -0.17215970853483042     
 -0.16758699594350987     
 -0.16533771630315527     
 -0.16568135130805564     
 -0.16887418305978164     
 -0.17516172413951195     
 -0.18478011601226216     
 -0.19795707565503706     
 -0.21491268268612329     
 -0.23586014377239781     
 -0.26100658427743545     
 -0.29055386972815189     
 -0.32469943656548367     
 -0.23696038890514978     
 -0.23022079139187229     
 -0.21952901188744856     
 -0.20732649662103161     
 -0.19454968591720345     
 -0.18166504889051552     
 -0.16895639760017314     
 -0.15662570271992532     
 -0.14483406812650426     
 -0.13371989942318707     
 -0.12340725191893517     
 -0.11400959993297186     
 -0.10563140581264055     
  -9.8368675897645613E-002
  -9.2309135121513120E-002
  -8.7532360493845496E-002
  -8.4110043475958587E-002
  -8.2106444818431712E-002
  -8.1579038659245817E-002
  -8.2579304202980597E-002
 -0.23949753204122814     
 -0.23259298878596882     
 -0.22128770882360466     
 -0.20780360077536936     
 -0.19287973082064097     
 -0.17680035904166252     
 -0.15967668553641201     
 -0.14154515917322194     
 -0.12240729764552591     
 -0.10224716643045947     
  -8.1039099102343234E-002
  -5.8750732929040601E-002
  -3.5343696741985550E-002
  -1.0773171716533355E-002
   1.5012967792039898E-002
   4.2075002055874063E-002
   7.0481948065519356E-002
  0.10031175128749271     
  0.13165106144088054     
  0.16459463793440174     
 -0.24246343791138195     
 -0.23545791030590146     
 -0.22365435735970496     
 -0.20904193930053519     
 -0.19216014849304680     
 -0.17311141272143490     
 -0.15183527428758134     
 -0.12820379033643259     
 -0.10206035722693939     
  -7.3236883013341234E-002
  -4.1561316199870593E-002
  -6.8603161695373928E-003
   3.1040728001086454E-002
   7.2319128188553503E-002
  0.11715700233753815     
  0.16574349490627630     
  0.21827670280483538     
  0.27496503407227896     
  0.33602786326203909     
  0.40169547521683197     
 -0.24586368605745959     
 -0.23884764741089765     
 -0.22672403246961559     
 -0.21124299400129645     
 -0.19275146971753182     
 -0.17117965386736719     
 -0.14630511548544534     
 -0.11784471339466453     
  -8.5492556479764503E-002
  -4.8937365288945385E-002
  -7.8704961971073784E-003
   3.8011025009512485E-002
   8.9004535642602314E-002
  0.14540378877235141     
  0.20750227696453596     
  0.27559716324044337     
  0.34999319569751924     
  0.43100605776826317     
  0.51896474594860875     
  0.61421276170806494     
 -0.24969829746562194     
 -0.24278558471020520     
 -0.23057619866183182     
 -0.21458178164886629     
 -0.19497254783517412     
 -0.17152491833983505     
 -0.14387255644236019     
 -0.11159391401714344     
  -7.4249256728672552E-002
  -3.1398654738355854E-002
   1.7388658963634781E-002
   7.2529775820810286E-002
  0.13442698710002576     
  0.20346939999170816     
  0.28003682543637082     
  0.36450536505323028     
  0.45725392715927193     
  0.55867074647424431     
  0.66915896982937717     
  0.78914055178811493     
 -0.25396031575978312     
 -0.24728339547015568     
 -0.23526802431592392     
 -0.21919405579462467     
 -0.19907877505302496     
 -0.17457142873402900     
 -0.14518765944922216     
 -0.11039137583390210     
  -6.9630337379012502E-002
  -2.2354851549798806E-002
   3.1970847763303452E-002
   9.3861291158977914E-002
  0.16380563855833002     
  0.24226673997508530     
  0.32968364564755731     
  0.42647761362662806     
  0.53306115517760522     
  0.64984900723292105     
  0.77726935039125999     
  0.91577335715168406     
 -0.25863467705407506     
 -0.25233858729707115     
 -0.24082882062846442     
 -0.22516551893128400     
 -0.20524350618424772     
 -0.18061850380699343     
 -0.15072109421220098     
 -0.11493114946499643     
  -7.2610824544934671E-002
  -2.3123262139024221E-002
   3.4154056260704835E-002
   9.9818299323421691E-002
  0.17443204478375651     
  0.25851650635592494     
  0.35254861928719783     
  0.45696354663993333     
  0.57216370188189780     
  0.69853419988882337     
  0.83646289159010834     
  0.98636131703470320     
 -0.26369744910249965     
 -0.25793276299749651     
 -0.24725596712086112     
 -0.23252372968775037     
 -0.21354382305231553     
 -0.18981765101215578     
 -0.16072980462079348     
 -0.12561297504289412     
  -8.3776521892958228E-002
  -3.4523362080906991E-002
   2.2836264898845392E-002
   8.8970793783740620E-002
  0.16451203655990648     
  0.25003915045934677     
  0.34606399077822952     
  0.45302147617871691     
  0.57126960094470225     
  0.70110342160784167     
  0.84278479988627819     
  0.99658448559736790     
 -0.26911549931053819     
 -0.26403072158793345     
 -0.25451260735270981     
 -0.24123326183493884     
 -0.22395159447846394     
 -0.20215748233822076     
 -0.17523333327502302     
 -0.14250749835486745     
 -0.10327624472320444     
  -5.6815960061535296E-002
  -2.3937281948377964E-003
   6.0719545860675010E-002
  0.13323073871963811     
  0.21579923597244743     
  0.30900500217430804     
  0.41331339958804347     
  0.52904489563839541     
  0.65636317801311916     
  0.79529834010381983     
  0.94581721032648636     
 -0.27484662611549798     
 -0.27058047584487593     
 -0.26252730088657494     
 -0.25119450992549280     
 -0.23633056776762298     
 -0.21745765732196146     
 -0.19400248165011352     
 -0.16533689375988408     
 -0.13079161900735181     
  -8.9660836966736560E-002
  -4.1204575669674594E-002
   1.5346638905679968E-002
   8.0780290779251293E-002
  0.15587784627911541     
  0.24137157940778192     
  0.33787666140760608     
  0.44579885631922306     
  0.56523312212589183     
  0.69589563502204754     
  0.83716642163863519     
 -0.28084016063292500     
 -0.27751420811024174     
 -0.27119570402842486     
 -0.26224634120667240     
 -0.25043995932577767     
 -0.23537279579326664     
 -0.21656191365642033     
 -0.19347306220334254     
 -0.16552617313563264     
 -0.13209132395301595     
  -9.2479484626179720E-002
  -4.5930502662432808E-002
   8.3982696438201672E-003
   7.1435843612118702E-002
  0.14418036902937367     
  0.22763656733844551     
  0.32267057131017574     
  0.42973878111910752     
  0.54847741149271534     
  0.67728149038064711     
 -0.28703801695447162     
 -0.28475012831308300     
 -0.28038422703203997     
 -0.27417256620681052     
 -0.26594467542403688     
 -0.25540694812887704     
 -0.24220825330534221     
 -0.22595649211236843     
 -0.20621831700844581     
 -0.18250953241119813     
 -0.15427698171916049     
 -0.12086997251265957     
  -8.1497751498726914E-002
  -3.5169375091762073E-002
   1.9383898199414763E-002
   8.3788610788901430E-002
  0.16005279741020348     
  0.25036290165204267     
  0.35622063830357603     
  0.47594728984791107     
 -0.29337614184972044     
 -0.29219514086313381     
 -0.28993548576700978     
 -0.28671194604641997     
 -0.28243186855239344     
 -0.27693864656123979     
 -0.27004484267446477     
 -0.26153971278171534     
 -0.25118731744261841     
 -0.23871832343962732     
 -0.22381431196083265     
 -0.20608012790182184     
 -0.18499479649141171     
 -0.15982189557497284     
 -0.12944067323000583     
  -9.2018859608543571E-002
  -4.4365360882960780E-002
   1.9362548213163053E-002
  0.11012012314393900     
  0.24548536670990370     
 -0.29978628967837739     
 -0.29974817412593519     
 -0.29967524011579044     
 -0.29957118654724790     
 -0.29943301843849207     
 -0.29925567637580042     
 -0.29903310476384926     
 -0.29875849361345452     
 -0.29842421580985484     
 -0.29802155919899553     
 -0.29754021364339617     
 -0.29696736534220214     
 -0.29628608467119777     
 -0.29547237246524599     
 -0.29448956333464543     
 -0.29327704167527496     
 -0.29171527947576897     
 -0.28920289847013819     
 -0.27483606558793788     
  -1.3113417000559298E-007
