  -2.2710804227179073     
  -2.1961185691299256     
  -2.0788658283347741     
  -1.9475183136519871     
  -1.8130711727789464     
  -1.6810127337209266     
  -1.5545979024055381     
  -1.4360105872638322     
  -1.3268502679985079     
  -1.2283631229528507     
  -1.1415641019786105     
  -1.0673077433567921     
  -1.0063328370040294     
 -0.95929268577350779     
 -0.92677682120140759     
 -0.90932726202086456     
 -0.90745103915843406     
 -0.92163001024755908     
 -0.95232861308723715     
  -1.0000000000000000     
  -2.2733740827154856     
  -2.1985492215870819     
  -2.0814359921676591     
  -1.9501257630766777     
  -1.8155583231760632     
  -1.6831869167604041     
  -1.5562420905687444     
  -1.4368899665154653     
  -1.3267164666065812     
  -1.2269568420788652     
  -1.1386165500420651     
  -1.0625411569404433     
 -0.99946032138910279     
 -0.95001757653620655     
 -0.91479173855325147     
 -0.89431299847257384     
 -0.88907538973923617     
 -0.89954662499730875     
 -0.92617592558161888     
 -0.96940026424503900     
  -2.2802366790054900     
  -2.2058283357597053     
  -2.0891465335472201     
  -1.9579689507251545     
  -1.8230698134765231     
  -1.6897973478680108     
  -1.5613091035781312     
  -1.4397179418952082     
  -1.3265693723062841     
  -1.2230663795497003     
  -1.1301867496186038     
  -1.0487502237711210     
 -0.97946039757025116     
 -0.92293300521426092     
 -0.87971633995513243     
 -0.85030678452679742     
 -0.83516105597851753     
 -0.83470607242089823     
 -0.84934698715320434     
 -0.87947374463670303     
  -2.2916426275811239     
  -2.2179457060200414     
  -2.1020238418414685     
  -1.9711340664424053     
  -1.8357765294101511     
  -1.7011252620264221     
  -1.5702164057195664     
  -1.4450742993419652     
  -1.3271778260120655     
  -1.2176777347196870     
  -1.1175082015824156     
  -1.0274493943494780     
 -0.94816577176380412     
 -0.88023167356607879     
 -0.82414987136205009     
 -0.78036595133056530     
 -0.74928000975392728     
 -0.73125643653801509     
 -0.72663220349976509     
 -0.73572389664974880     
  -2.3075483127567686     
  -2.2348822112599818     
  -2.1201074723097943     
  -1.9897570665930231     
  -1.8539515214764153     
  -1.7176228200673067     
  -1.5836375567245267     
  -1.4538963340181519     
  -1.3297857765218377     
  -1.2123861077480209     
  -1.1025750500373732     
  -1.0010840322768801     
 -0.90853124373826544     
 -0.82544306534837986     
 -0.75226953325711543     
 -0.68939664486952101     
 -0.63715687486983641     
 -0.59583852413245852     
 -0.56569414802402462     
 -0.54694813501060957     
  -2.3278905971900525     
  -2.2566066715821274     
  -2.1434436116835829     
  -2.0140123320211756     
  -1.8779526785605225     
  -1.7398887616170551     
  -1.6024697288238932     
  -1.4674367412670282     
  -1.3360583858116717     
  -1.2093271715583223     
  -1.0880544883758609     
 -0.97291897176511555     
 -0.86449262602389898     
 -0.76325633729839260     
 -0.66961057442778615     
 -0.58388416767309870     
 -0.50634251436989075     
 -0.43719572199456941     
 -0.37660675442373320     
 -0.32469943656548367     
  -2.3525848776351426     
  -2.2830716845674570     
  -2.1720763212604690     
  -2.0440973497761346     
  -1.9081992310374365     
  -1.7686354001774638     
  -1.6277899101515694     
  -1.4872073975848727     
  -1.3480109614931812     
  -1.2110875444660152     
  -1.0771737382638595     
 -0.94689551076628142     
 -0.82078595995258674     
 -0.69929296990519685     
 -0.58278295866115881     
 -0.47154396266804283     
 -0.36578962661789555     
 -0.26566465899882397     
 -0.17125171047453042     
  -8.2579304202980597E-002
  -2.3815228216250643     
  -2.3142086705633602     
  -2.2060369415705936     
  -2.0802139648090825     
  -1.9451427920549342     
  -1.8046478973080491     
  -1.6608011712587023     
  -1.5149112572341434     
  -1.3679243908161893     
  -1.2206003041101954     
  -1.0735903236927471     
 -0.92746903008186188     
 -0.78274305646988007     
 -0.63984917389544027     
 -0.49914850999959365     
 -0.36092090991738845     
 -0.22536167509325736     
  -9.2581678556869135E-002
   3.7389032986903874E-002
  0.16459463793440174     
  -2.4145699490289085     
  -2.3499224106624053     
  -2.2453321426079493     
  -2.1225468897312054     
  -1.9892337933124695     
  -1.8487368467352299     
  -1.7027703661596219     
  -1.5523645118670726     
  -1.3982507493203045     
  -1.2410317464087259     
  -1.0812554701742179     
 -0.91944165874773276     
 -0.75608300039058440     
 -0.59163309326321067     
 -0.42648874740607823     
 -0.26097182466338964     
  -9.5314192409308829E-002
   7.0352020573340890E-002
  0.23599794885728531     
  0.40169547521683197     
  -2.4515632438839283     
  -2.3900854065341850     
  -2.2899311974369261     
  -2.1712403025088642     
  -2.0408843105171717     
  -1.9016852231500743     
  -1.7549584072765756     
  -1.6014105851908789     
  -1.4415119136217307     
  -1.2756647979421329     
  -1.1042802607052820     
 -0.92780545840316841     
 -0.74672210520550375     
 -0.56152670691923579     
 -0.37270025636639814     
 -0.18067379803292632     
   1.4204528451827724E-002
  0.21169639810908997     
  0.41169107639518293     
  0.61421276170806494     
  -2.4923089945983916     
  -2.4345324256539125     
  -2.3397531433717131     
  -2.2263735119584842     
  -2.1004284348532134     
  -1.9641907622396462     
  -1.8185438507467393     
  -1.6638264387714832     
  -1.5001921082503011     
  -1.3277820490820869     
  -1.1468119431631447     
 -0.95761069718722269     
 -0.76062641297155942     
 -0.55640718346936846     
 -0.34556242333668691     
 -0.12871102635347176     
   9.3576129225586724E-002
  0.32083111815845772     
  0.55273373269855008     
  0.78914055178811493     
  -2.5365810632374157     
  -2.4830556159527442     
  -2.3946545709209577     
  -2.2879368371475288     
  -2.1680815741107873     
  -2.0368049435349773     
  -1.8945401106697493     
  -1.7412201578997575     
  -1.5766222242481913     
  -1.4005466719418531     
  -1.2129223110614524     
  -1.0138693744198777     
 -0.80372992181954228     
 -0.58306714407554960     
 -0.35263334642893879     
 -0.11330853739323807     
  0.13398405845291253     
  0.38837428103691823     
  0.64913825418201498     
  0.91577335715168406     
  -2.5841197760525567     
  -2.5354005772252934     
  -2.4544188402314435     
  -2.3558090318760385     
  -2.2439004086621548     
  -2.1198701001067515     
  -1.9837064873732349     
  -1.8349172325781351     
  -1.6728495910145074     
  -1.4968719021227879     
  -1.3064995213603314     
  -1.1014931769717053     
 -0.88193497418232525     
 -0.64827616943485145     
 -0.40134580601106734     
 -0.14230950441296653     
  0.12742648964588896     
  0.40635980073298356     
  0.69306474867907308     
  0.98636131703470320     
  -2.6346316069739464     
  -2.5912637591102725     
  -2.5187475572941080     
  -2.4297377788545833     
  -2.3277457169054627     
  -2.2134569622688804     
  -2.0864538186778607     
  -1.9458321440233113     
  -1.7904824485725412     
  -1.6192591547973285     
  -1.4311166523054395     
  -1.2252418591573513     
  -1.0011906347352286     
 -0.75902021606898595     
 -0.49939666656313964     
 -0.22364575217923671     
   6.6288109495134306E-002
  0.36800102512326804     
  0.67890620268152624     
  0.99658448559736790     
  -2.6877897932732346     
  -2.6502915134297811     
  -2.5872551319227597     
  -2.5093249479096484     
  -2.4192509103930293     
  -2.3173063095341733     
  -2.2027475592485173     
  -2.0743232179711613     
  -1.9304957718018620     
  -1.7695728098520864     
  -1.5898229319487527     
  -1.3896136915767443     
  -1.1675927775192592     
 -0.92292013047057564     
 -0.65553919025883334     
 -0.36644612944619093     
  -5.7878968660377339E-002
  0.26668340985231515     
  0.60282196791972509     
  0.94581721032648636     
  -2.7432359786065161     
  -2.7120810591628377     
  -2.6594671663868494     
  -2.5940183981654177     
  -2.5177997827107919     
  -2.4307803616707799     
  -2.3320150348582462     
  -2.2200342285878305     
  -2.0929886425516431     
  -1.9487121538375873     
  -1.7847698631226732     
  -1.5985344067178702     
  -1.3873323563544733     
  -1.1487070925525620     
 -0.88084271813869031     
 -0.58316872644519357     
 -0.25709438661042811     
   9.3315666572750561E-002
  0.46110676522465566     
  0.83716642163863519     
  -2.8005829247129874     
  -2.7761835202007075     
  -2.7348232666387529     
  -2.6831120178993069     
  -2.6225174568201557     
  -2.5528317668686951     
  -2.4730695887486589     
  -2.3817379625756003     
  -2.2768998695203018     
  -2.1561520361443760     
  -2.0165626278151807     
  -1.8545993286091622     
  -1.6660893915782404     
  -1.4462860587815904     
  -1.1901718460774409     
 -0.89320188238844433     
 -0.55274012941898232     
 -0.17034841464357023     
  0.24540969241989502     
  0.67728149038064711     
  -2.8594182718697896     
  -2.8421090713477346     
  -2.8126846121965721     
  -2.7757553379122042     
  -2.7322784635953843     
  -2.6819997192254212     
  -2.6240711681108464     
  -2.5572151086006412     
  -2.4797251781313578     
  -2.3893781257778430     
  -2.2832689466692053     
  -2.1575599672171615     
  -2.0071286184057886     
  -1.8251147930381468     
  -1.6024376153804460     
  -1.3275462879648563     
 -0.98713103994312568     
 -0.56943516337237510     
  -7.3089109278026282E-002
  0.47594728984791107     
  -2.9193092636555287     
  -2.9093340833396764     
  -2.8923462658261303     
  -2.8709733484085951     
  -2.8457348947130043     
  -2.8164425060733791     
  -2.7825473595955423     
  -2.7432214425492218     
  -2.6973353146104095     
  -2.6433655663409423     
  -2.5792207689892273     
  -2.5019417048942207     
  -2.4071842294861296     
  -2.2883075310930820     
  -2.1347341379312423     
  -1.9289983368410133     
  -1.6417029426026548     
  -1.2245574066310609     
 -0.60909429260144965     
  0.24548536670990370     
  -2.9798082885369235     
  -2.9773100046447625     
  -2.9730537743482812     
  -2.9676960946339279     
  -2.9613653700937688     
  -2.9540121557106427     
  -2.9454957239105291     
  -2.9356036594926564     
  -2.9240449672228688     
  -2.9104244253459730     
  -2.8941941422633715     
  -2.8745682392290073     
  -2.8503686822035128     
  -2.8197223450294913     
  -2.7793567583942691     
  -2.7224979210355689     
  -2.6309910840056236     
  -2.4421897561593275     
  -1.9071533429226262     
  -1.3113417000559298E-007
