   2.4599803350070287E-003
  -3.4144532681491162E-004
   1.5797628991930977E-004
  -9.6141537417479686E-005
   7.2374460218455788E-005
  -6.2437563523135557E-005
   5.7876163249774280E-005
  -5.5290237036656207E-005
   5.3239044574888380E-005
  -5.1485706669333523E-005
   5.2330701234304397E-005
  -6.8769049871560256E-005
   1.6016471352660214E-004
  -5.7231431298361470E-004
   2.2438124954648822E-003
  -8.5083515064878889E-003
   3.0455403254132946E-002
 -0.10284209721876697     
  0.32885374604631989     
  -1.0000000000000000     
  -2.5343602193666844E-003
   3.6405367563716750E-004
  -1.6215135659466712E-004
   9.7074884830483025E-005
  -7.2140987147490957E-005
   6.1576700701149441E-005
  -5.6602242581493072E-005
   5.3711352178408162E-005
  -5.1289770760321706E-005
   4.8166917051747656E-005
  -4.1475507592992376E-005
   1.8379892022651038E-005
   7.8677231509536021E-005
  -4.8784005109260987E-004
   2.1187603863850870E-003
  -8.2028399283248336E-003
   2.9489900933374145E-002
  -9.9673184406646437E-002
  0.31878023204187839     
 -0.96940026424503900     
   2.7506304620405772E-003
  -4.3116895812653856E-004
   1.7214160785074080E-004
  -9.8554619729244409E-005
   7.1027648222759781E-005
  -5.9267362580721280E-005
   5.3572707681957429E-005
  -5.0227295355487394E-005
   4.7688465587898389E-005
  -4.5629152308201831E-005
   4.6013686184658900E-005
  -6.0235768528973176E-005
   1.4047904917034916E-004
  -5.0289418574193435E-004
   1.9729322843700394E-003
  -7.4824725474606762E-003
   2.6784401706797144E-002
  -9.0446693135288789E-002
  0.28921811393579416     
 -0.87947374463670303     
  -3.1175462553911380E-003
   5.5140750513405694E-004
  -1.8694029420704341E-004
   1.0024082861590024E-004
  -6.8901300611507837E-005
   5.5462748184326056E-005
  -4.8757451911589158E-005
   4.4714169136013652E-005
  -4.1586092065818000E-005
   3.8270629356857724E-005
  -3.2493321280624807E-005
   1.4458906343420330E-005
   5.9552498475918286E-005
  -3.7031036405506213E-004
   1.6082197402931212E-003
  -6.2257683605019733E-003
   2.2381525821165840E-002
  -7.5646906352644261E-002
  0.24193756939785568     
 -0.73572389664974880     
   3.6497578894936294E-003
  -7.4063159862735803E-004
   2.0429392415227695E-004
  -1.0159985608051025E-004
   6.5557953956707352E-005
  -5.0103789163838706E-005
   4.2145186483288437E-005
  -3.7233627369609524E-005
   3.3632599910952423E-005
  -3.0833117760541872E-005
   2.9926015536869932E-005
  -3.7930795228519222E-005
   8.7255163606956830E-005
  -3.1228313845209880E-004
   1.2263256139343024E-003
  -4.6526910223540210E-003
   1.6656703412314317E-002
  -5.6248677211391207E-002
  0.17986560485065109     
 -0.54694813501060957     
  -4.3677374106950379E-003
   1.0244509720694105E-003
  -2.1959614861436004E-004
   1.0200633934727906E-004
  -6.0736752776818320E-005
   4.3139266024131287E-005
  -3.3723211694581050E-005
   2.7691894687246235E-005
  -2.3189599675321909E-005
   1.9327069519582805E-005
  -1.4944963616127880E-005
   5.6515348725373877E-006
   2.7895826154635357E-005
  -1.6552765689755171E-004
   7.1200260052425878E-004
  -2.7497506678286362E-003
   9.8794846632948713E-003
  -3.3386777429032906E-002
  0.10677577974664212     
 -0.32469943656548367     
   5.2974668795838413E-003
  -1.4423744937116115E-003
   2.2383281085827013E-004
  -1.0107751909158585E-004
   5.4119669555523907E-005
  -3.4568126007489448E-005
   2.3534820521875717E-005
  -1.6147920048525829E-005
   1.0571996338502251E-005
  -6.1933873510546254E-006
   2.9983969816495416E-006
  -1.9911018626124388E-006
   8.0277322635475493E-006
  -4.1339866544631405E-005
   1.7933925787969856E-004
  -6.9719920547863207E-004
   2.5105502186116247E-003
  -8.4894874784984080E-003
   2.7154876880369456E-002
  -8.2579304202980597E-002
  -6.4696164765502290E-003
   2.0544436263758275E-003
  -1.9986057187732552E-004
   9.9577962347769872E-005
  -4.5241743502973384E-005
   2.4509474309167333E-005
  -1.1689368834218256E-005
   2.6585908262965592E-006
   4.4297846107660560E-006
  -9.9697930644305723E-006
   1.3617490948315456E-005
  -1.3172881957506801E-005
  -1.1630497440325764E-006
   6.9794218163295090E-005
  -3.4706324086034447E-004
   1.3814551202963041E-003
  -4.9979653656216502E-003
   1.6917143890796699E-002
  -5.4122469430136835E-002
  0.16459463793440174     
   7.9177583349697035E-003
  -2.9517350044758321E-003
   1.1570177743562004E-004
  -1.0163619392563606E-004
   3.3077418440947204E-005
  -1.3368936471613632E-005
  -1.6115806778293088E-006
   1.2574506930037683E-005
  -2.1795408462400080E-005
   2.9552753825030173E-005
  -3.6780215544851766E-005
   4.8478245140543700E-005
  -8.8298510826820758E-005
   2.5489145751137962E-004
  -9.2535727347535176E-004
   3.4390489271682277E-003
  -1.2250899964815322E-002
   4.1323099587252894E-002
 -0.13210513360494999     
  0.40169547521683197     
  -9.6748674259730660E-003
   4.2730382461755537E-003
   8.7565186750001469E-005
   1.1988183010636895E-004
  -1.4631297098156435E-005
   2.3184252788156704E-006
   1.6148101357822213E-005
  -2.9085837917289627E-005
   4.1068226545253714E-005
  -5.0885303464219206E-005
   5.6655998559727051E-005
  -4.9657639687215479E-005
  -7.0737518716828470E-006
   2.6477501456458291E-004
  -1.2998745226984487E-003
   5.1595648366378529E-003
  -1.8654442817441424E-002
   6.3131883484151677E-002
 -0.20196864899072911     
  0.61421276170806494     
   1.1766880161569111E-002
  -6.2315693348665210E-003
  -5.1780539445581304E-004
  -1.8697932298699610E-004
  -1.9284092341206242E-005
   5.1630935244769943E-006
  -3.2165842009961010E-005
   4.6014688605458777E-005
  -6.2292170827902326E-005
   7.6773397750842711E-005
  -9.1851838711428757E-005
   1.1636401027640439E-004
  -1.9621625869320903E-004
   5.2444680012152353E-004
  -1.8412701160698383E-003
   6.7774747772181201E-003
  -2.4084822450820047E-002
   8.1192657085361650E-002
 -0.25953006652797234     
  0.78914055178811493     
  -1.4201290659015722E-002
   9.1582578588658078E-003
   1.3721226989870179E-003
   3.8107617435227198E-004
   9.5855675355144173E-005
   1.7337196802350551E-006
   5.2355902109569617E-005
  -6.0974756938276045E-005
   8.4444991673126544E-005
  -1.0215263066775669E-004
   1.1701290952569895E-004
  -1.1286027225332669E-004
   3.4328794744625843E-005
   3.4576387004480597E-004
  -1.8880069903433922E-003
   7.6457135788203373E-003
  -2.7773551079903543E-002
   9.4099330556999372E-002
 -0.30111469645019734     
  0.91577335715168406     
   1.6947452499077715E-002
  -1.3572839905323946E-002
  -3.0114139423491173E-003
  -8.8150071598826880E-004
  -2.9199484929187333E-004
  -5.7182667464893613E-005
  -8.9598008142624573E-005
   6.6663898493665233E-005
  -1.0940532662011087E-004
   1.2955007157636314E-004
  -1.6256600455742001E-004
   2.0487064138258998E-004
  -3.1807736336136291E-004
   7.3850990749004409E-004
  -2.3899142760999800E-003
   8.5575328436607243E-003
  -3.0179201073138429E-002
  0.10153948430379622     
 -0.32442041528772603     
  0.98636131703470320     
  -1.9903054433242879E-002
   2.0302355760122855E-002
   6.0999429222980892E-003
   2.0904854135186399E-003
   8.1762459247441065E-004
   2.6876119803520885E-004
   1.9525351899816378E-004
  -3.4995711336641371E-005
   1.4720305889650906E-004
  -1.4402662358112798E-004
   1.9527204535302789E-004
  -2.0430604790157910E-004
   1.4711496583088616E-004
   2.4608669905188828E-004
  -1.9069795619676721E-003
   8.1693110355365844E-003
  -3.0086030910904581E-002
  0.10229719724145325     
 -0.32762899872495294     
  0.99658448559736790     
   2.2837508087966536E-002
  -3.0681833234772395E-002
  -1.1870163593303144E-002
  -4.9001145387558408E-003
  -2.2317190097865089E-003
  -9.7068164797430023E-004
  -5.6062494359348700E-004
  -1.4662294526085191E-004
  -2.5915162032761875E-004
   1.1067025159538845E-004
  -2.6761342072633787E-004
   2.8673595351828970E-004
  -4.6763958798261594E-004
   8.9761332018352738E-004
  -2.5326910360040974E-003
   8.4654898427800520E-003
  -2.9197397317244172E-002
   9.7575035264604010E-002
 -0.31120527247284785     
  0.94581721032648636     
  -2.5296572086129482E-002
   4.6899995310914579E-002
   2.2632777128602607E-002
   1.1282163046307090E-002
   6.0004336691450869E-003
   3.1876057686262547E-003
   1.8739283535244955E-003
   9.3700883636897367E-004
   7.4100323513729999E-004
   1.7970705255578338E-004
   4.6682643065465472E-004
  -1.6609597730915250E-004
   4.0653276061043800E-004
  -1.2838262347170885E-005
  -1.1971160353189197E-003
   6.4383462518644600E-003
  -2.4765926180008186E-002
   8.5498584479742082E-002
 -0.27492992195011595     
  0.83716642163863519     
   2.6441340029889952E-002
  -7.2605702998044377E-002
  -4.2775550693640342E-002
  -2.5605654423105979E-002
  -1.5942114280349272E-002
  -1.0031427407641064E-002
  -6.5654864546087228E-003
  -4.1918185828100293E-003
  -2.9850417482335796E-003
  -1.7717260862369164E-003
  -1.5918755017555576E-003
  -5.8487753934432303E-004
  -1.2206649713166317E-003
   5.1878699617312275E-004
  -2.6914414179740036E-003
   6.5473286753331000E-003
  -2.2044613676840841E-002
   7.0752721788903836E-002
 -0.22375662379775921     
  0.67728149038064711     
  -2.4774836142523970E-002
  0.11399254548832358     
   8.0755223352206806E-002
   5.7621180895917688E-002
   4.1995435420958932E-002
   3.0911944899312486E-002
   2.3136538126685053E-002
   1.7363261210855456E-002
   1.3393938077777827E-002
   1.0114573385856966E-002
   8.1865214608736123E-003
   5.9871465228364534E-003
   5.3685758693710730E-003
   3.5669345934228620E-003
   3.1595044047147908E-003
   5.1593554284159364E-003
  -1.0233056328450009E-002
   4.7906678519742077E-002
 -0.15208303065824269     
  0.47594728984791107     
   1.7673484672307695E-002
 -0.18177892551323591     
 -0.15314979462685427     
 -0.12933430770502730     
 -0.11015936478006415     
  -9.4311039891731813E-002
  -8.1245831662210916E-002
  -7.0261386241940449E-002
  -6.1199181706943176E-002
  -5.3360868441150594E-002
  -4.7041045330154144E-002
  -4.1180816284912457E-002
  -3.6958558272729126E-002
  -3.1936733027980016E-002
  -3.0435092808687090E-002
  -2.2393641971799716E-002
  -3.3660464190799808E-002
   9.6817164026771745E-003
 -0.11026945715844143     
  0.24548536670990370     
  -5.7427473926399729E-004
  0.29490325582257515     
  0.29308319819315459     
  0.29114568327739848     
  0.28912023586518726     
  0.28697172322465875     
  0.28469080757773374     
  0.28226384017414891     
  0.27969552980929807     
  0.27697381767539297     
  0.27411937656633817     
  0.27110950710393211     
  0.26799454745513129     
  0.26470709902549605     
  0.26140224121537625     
  0.25775607825180802     
  0.25466832721776794     
  0.24921770570141150     
  0.25988264636024655     
  -1.3113417000559298E-007
