  -7.7143442159249676E-002
  -7.6401565219033823E-002
  -7.6516404433486437E-002
  -7.8788517045588785E-002
  -8.4140714998771030E-002
  -9.3352563040506500E-002
 -0.10714014733757371     
 -0.12618721945020911     
 -0.15115899251870504     
 -0.18270895981754931     
 -0.22148261375379627     
 -0.26811966769475182     
 -0.32325549801047532     
 -0.38752214911746174     
 -0.46154907464007272     
 -0.54596370674709993     
 -0.64139190533924217     
 -0.74845831794682538     
 -0.86778667012178279     
  -1.0000000000000000     
  -7.7176228216805920E-002
  -7.6386514425231797E-002
  -7.6384746649861709E-002
  -7.8456383538317007E-002
  -8.3505166623093041E-002
  -9.2291159930026165E-002
 -0.10551102608313848     
 -0.12382923823503902     
 -0.14789186053478742     
 -0.17833333390047104     
 -0.21578016124503066     
 -0.26085309947816410     
 -0.31416857738743276     
 -0.37633968257660083     
 -0.44797689025025395     
 -0.52968862516110793     
 -0.62208170745416258     
 -0.72576171228264963     
 -0.84133326206135872     
 -0.96940026424503900     
  -7.7267462635295353E-002
  -7.6337917585186446E-002
  -7.5994628631255529E-002
  -7.7478397327209875E-002
  -8.1636791267051145E-002
  -8.9172484639757577E-002
 -0.10072499964672664     
 -0.11690211198323093     
 -0.13829358418135804     
 -0.16547785477374868     
 -0.19902562319233871     
 -0.23950195198499374     
 -0.28746761077057376     
 -0.34348000671093043     
 -0.40809387376544182     
 -0.48186181019759167     
 -0.56533471248937450     
 -0.65906213270185887     
 -0.76359257540425396     
 -0.87947374463670303     
  -7.7425449610647512E-002
  -7.6274024914909311E-002
  -7.5387358558540257E-002
  -7.5934191878149315E-002
  -7.8671966447991862E-002
  -8.4211392186603160E-002
  -9.3100477825622960E-002
 -0.10585623738002341     
 -0.12297835049216599     
 -0.14495569932920005     
 -0.17226979153261232     
 -0.20539671312870980     
 -0.24480834531957224     
 -0.29097319406160344     
 -0.34435700543478120     
 -0.40542325456521844     
 -0.47463355291063225     
 -0.55244799672080058     
 -0.63932546834279957     
 -0.73572389664974880     
  -7.7663424812206325E-002
  -7.6223964927088356E-002
  -7.4628924436855856E-002
  -7.3951040518954070E-002
  -7.4828724810840616E-002
  -7.7751452442899494E-002
  -8.3146689010271183E-002
  -9.1411976033661815E-002
 -0.10292850273794332     
 -0.11806745097847510     
 -0.13719320596717452     
 -0.16066510418543684     
 -0.18883846634676360     
 -0.22206527279096044     
 -0.26069465871676006     
 -0.30507331777284580     
 -0.35554585653001980     
 -0.41245511817992142     
 -0.47614248144989207     
 -0.54694813501060957     
  -7.7998589601762758E-002
  -7.6225798932440275E-002
  -7.3805795969279706E-002
  -7.1695940417858442E-002
  -7.0393362015795644E-002
  -7.0244008822364298E-002
  -7.1532789430724081E-002
  -7.4516074909695626E-002
  -7.9435182034236593E-002
  -8.6522512929719519E-002
  -9.6004525493478071E-002
 -0.10810323286239423     
 -0.12303699686167628     
 -0.14102098705442306     
 -0.16226749388030809     
 -0.18698619121922322     
 -0.21538439300967385     
 -0.24766732006965822     
 -0.28403837764474232     
 -0.32469943656548367     
  -7.8450843060084471E-002
  -7.6323964936180724E-002
  -7.3019405533560497E-002
  -6.9365202380837723E-002
  -6.5702823373537847E-002
  -6.2220639719001200E-002
  -5.9047253247686414E-002
  -5.6284399273604881E-002
  -5.4020360601109180E-002
  -5.2335927138711699E-002
  -5.1307136218582163E-002
  -5.1006508278880758E-002
  -5.1503558166779310E-002
  -5.2864972805666856E-002
  -5.5154663872194053E-002
  -5.8433808275745923E-002
  -6.2760932988078347E-002
  -6.8192065410191349E-002
  -7.4780948156308077E-002
  -8.2579304202980597E-002
  -7.9041290275241996E-002
  -7.6566266900396751E-002
  -7.2379641335243897E-002
  -6.7172170504932169E-002
  -6.1123921732838253E-002
  -5.4260668931325494E-002
  -4.6549979945830024E-002
  -3.7934434952772177E-002
  -2.8345007834604113E-002
  -1.7706919916050629E-002
  -5.9422187494043866E-003
   7.0292120904407451E-003
   2.1289429204958740E-002
   3.6922583280176037E-002
   5.4015214082869238E-002
   7.2656541886924664E-002
   9.2938669661116441E-002
  0.11495665373140854     
  0.13880843388038153     
  0.16459463793440174     
  -7.9790619411493513E-002
  -7.7000593462717509E-002
  -7.1997746026315437E-002
  -6.5333808144355368E-002
  -5.7030626922373276E-002
  -4.6955661171509205E-002
  -3.4919978964658135E-002
  -2.0711612402591447E-002
  -4.1089460578833852E-003
   1.5113411060350291E-002
   3.7182062819355988E-002
   6.2323917579790236E-002
   9.0766179074056805E-002
  0.12273682875680536     
  0.15846533810237953     
  0.19818342235408171     
  0.24212569721747917     
  0.29053014579628306     
  0.34363834893432038     
  0.40169547521683197     
  -8.0717448563283736E-002
  -7.7671567342030887E-002
  -7.1979051058112684E-002
  -6.4056955582070432E-002
  -5.3780780795052351E-002
  -4.0873010450282729E-002
  -2.5001735482792383E-002
  -5.8138398329517071E-003
   1.7051594664099643E-002
   4.3957244263638368E-002
   7.5264770537096390E-002
  0.11133376946224936     
  0.15252176791552829     
  0.19918490751363285     
  0.25167906180018829     
  0.31036116311989231     
  0.37559052897223572     
  0.44773000231208876     
  0.52714676660165460     
  0.61421276170806494     
  -8.1836745778784858E-002
  -7.8617331780223884E-002
  -7.2415988653291269E-002
  -6.3525086615651413E-002
  -5.1693626120702989E-002
  -3.6520774520866751E-002
  -1.7553412915130396E-002
   5.6813152656607782E-003
   3.3662660714911509E-002
   6.6869924892721741E-002
  0.10577920416263661     
  0.15086182460924316     
  0.20258393754573523     
  0.26140704563348294     
  0.32778929954770986     
  0.40218737372571833     
  0.48505866368045719     
  0.57686349366917189     
  0.67806701717215601     
  0.78914055178811493     
  -8.3158421744541272E-002
  -7.9866673118138637E-002
  -7.3381808871797474E-002
  -6.3886365178722371E-002
  -5.1029492032040866E-002
  -3.4315828943579894E-002
  -1.3199909416776989E-002
   1.2882587505062841E-002
   4.4501794201895477E-002
   8.2227013186933345E-002
  0.12662276124866112     
  0.17824625481280831     
  0.23764598434505219     
  0.30536136838935368     
  0.38192356968909730     
  0.46785749343548944     
  0.56368481953176985     
  0.66992770083369779     
  0.78711256307736666     
  0.91577335715168406     
  -8.4686184661763364E-002
  -8.1436659347427873E-002
  -7.4925389596750699E-002
  -6.5243731060221785E-002
  -5.1972858301203136E-002
  -3.4557220440173238E-002
  -1.2393476870472674E-002
   1.5140395888712853E-002
   4.8672827924271252E-002
   8.8831983369273754E-002
  0.13624113852121891     
  0.19151492696282924     
  0.25525619881277833     
  0.32805370503987996     
  0.41048106758213104     
  0.50309756500431890     
  0.60645111576096211     
  0.72108344879622510     
  0.84753685861913663     
  0.98636131703470320     
  -8.6416731381970660E-002
  -8.3330944267543630E-002
  -7.7067464507967393E-002
  -6.7647630013577306E-002
  -5.4619834360123770E-002
  -3.7406309951179884E-002
  -1.5384167886917056E-002
   1.2088608795958663E-002
   4.5662354254207428E-002
   8.5989660765452114E-002
  0.13372063411994586     
  0.18949815664231648     
  0.25395273441709026     
  0.32769708225247546     
  0.41132113886310978     
  0.50538872424950798     
  0.61043740843655614     
  0.72698308344086815     
  0.85552989983589955     
  0.99658448559736790     
  -8.8339328803616904E-002
  -8.5538847388861694E-002
  -7.9798511550712270E-002
  -7.1091854079089647E-002
  -5.8970848076278934E-002
  -4.2874934983881112E-002
  -2.2201849395828213E-002
   3.6704397552351112E-003
   3.5375191317339981E-002
   7.3552435857018150E-002
  0.11884533319473319     
  0.17189577293989350     
  0.23333823662370404     
  0.30379134060336060     
  0.38384709078603696     
  0.47405894686114286     
  0.57493139267330184     
  0.68691556026928458     
  0.81041661328237924     
  0.94581721032648636     
  -9.0435816045312464E-002
  -8.8035273187932223E-002
  -8.3078446343904017E-002
  -7.5512779920025752E-002
  -6.4929055542346972E-002
  -5.0822411363067525E-002
  -3.2650964165660289E-002
  -9.8530126686662209E-003
   1.8147321653491429E-002
   5.1938241840923056E-002
   9.2119408993933824E-002
  0.13930043288757946     
  0.19409713376120855     
  0.25712363706803237     
  0.32897803743494652     
  0.41021966277924804     
  0.50133788389721823     
  0.60271736196453574     
  0.71461380574186983     
  0.83716642163863519     
  -9.2681032409520053E-002
  -9.0781482416026141E-002
  -8.6838156537089206E-002
  -8.0792094240952586E-002
  -7.2304666470979745E-002
  -6.0961750636195092E-002
  -4.6318671005024722E-002
  -2.7912443222552152E-002
  -5.2644700161049510E-003
   2.2120543862000852E-002
   5.4757637165123781E-002
   9.3185677927733357E-002
  0.13797134062618069     
  0.18971070446030169     
  0.24902395873857014     
  0.31653509180106221     
  0.39282392115111797     
  0.47833530419295761     
  0.57323931516364646     
  0.67728149038064711     
  -9.5043650180786782E-002
  -9.3726675894638581E-002
  -9.0982800181121440E-002
  -8.6762884487761996E-002
  -8.0825037686651849E-002
  -7.2874989748829985E-002
  -6.2596440639688347E-002
  -4.9658652017803215E-002
  -3.3716971858810695E-002
  -1.4409839820358095E-002
   8.6471937668954630E-003
   3.5871022010676164E-002
   6.7725288433680197E-002
  0.10474074939833587     
  0.14754183880222987     
  0.19687478729542485     
  0.25361846034451835     
  0.31872244144831924     
  0.39292966277194374     
  0.47594728984791107     
  -9.7487366466836492E-002
  -9.6810300800494686E-002
  -9.5396680254729471E-002
  -9.3218759972020643E-002
  -9.0150026898199023E-002
  -8.6036997421937947E-002
  -8.0714545026009984E-002
  -7.4009462939758047E-002
  -6.5740170548134108E-002
  -5.5714129519367675E-002
  -4.3722719839050142E-002
  -2.9532139523202539E-002
  -1.2867197269325349E-002
   6.6183564635027316E-003
   2.9397868804237386E-002
   5.6180616737278734E-002
   8.8127685958380095E-002
  0.12728591161847644     
  0.17745840306657842     
  0.24548536670990370     
  -9.9972386148539552E-002
  -9.9964944071731010E-002
  -9.9949405683307471E-002
  -9.9925465729529622E-002
  -9.9891733368466698E-002
  -9.9846521301938704E-002
  -9.9788014219523102E-002
  -9.9714307917932385E-002
  -9.9623406007524520E-002
  -9.9513191387963523E-002
  -9.9381369685151266E-002
  -9.9225368728368568E-002
  -9.9042159355897524E-002
  -9.8827927026603909E-002
  -9.8577450795488783E-002
  -9.8282893253569037E-002
  -9.7931169952936992E-002
  -9.7480413279296532E-002
  -9.5493899766586440E-002
  -1.3113417000559298E-007
