  -1.0000000000000000     
  -1.0000000000000000     
  -1.0000000000000000     
  -1.0000000000000000     
  -1.0000000000000000     
  -1.0000000000000000     
  -1.0000000000000000     
  -1.0000000000000000     
  -1.0000000000000000     
  -1.0000000000000000     
  -1.0000000000000000     
  -1.0000000000000000     
  -1.0000000000000000     
  -1.0000000000000000     
  -1.0000000000000000     
  -1.0000000000000000     
 -0.99999999999999989     
 -0.99999999999999989     
 -0.24647958754735719     
  -1.0000000000000000     
  -1.0000000000000000     
  -1.0000000000000000     
  -1.0000000000000000     
  -1.0000000000000000     
  -1.0000000000000000     
  -1.0000000000000000     
  -1.0000000000000000     
  -1.0000000000000000     
  -1.0000000000000000     
  -1.0000000000000000     
  -1.0000000000000000     
  -1.0000000000000000     
  -1.0000000000000000     
  -1.0000000000000000     
  -1.0000000000000000     
  -1.0000000000000000     
 -0.99999999999999989     
 -0.99999999999999989     
 -0.25800835030086727     
 -0.96940026424503900     
  -1.0000000000000000     
  -1.0000000000000000     
  -1.0000000000000000     
  -1.0000000000000000     
  -1.0000000000000000     
  -1.0000000000000000     
  -1.0000000000000000     
  -1.0000000000000000     
  -1.0000000000000000     
  -1.0000000000000000     
  -1.0000000000000000     
  -1.0000000000000000     
  -1.0000000000000000     
  -1.0000000000000000     
  -1.0000000000000000     
  -1.0000000000000000     
 -0.99999999999999989     
 -0.99999999999999989     
 -0.29188908437371924     
 -0.87947374463670303     
  -1.0000000000000000     
  -1.0000000000000000     
  -1.0000000000000000     
  -1.0000000000000000     
  -1.0000000000000000     
  -1.0000000000000000     
  -1.0000000000000000     
  -1.0000000000000000     
  -1.0000000000000000     
  -1.0000000000000000     
  -1.0000000000000000     
  -1.0000000000000000     
  -1.0000000000000000     
  -1.0000000000000000     
  -1.0000000000000000     
  -1.0000000000000000     
 -0.99999999999999989     
 -0.99999999999999989     
 -0.34604830674628650     
 -0.73572389664974880     
  -1.0000000000000000     
  -1.0000000000000000     
  -1.0000000000000000     
  -1.0000000000000000     
  -1.0000000000000000     
  -1.0000000000000000     
  -1.0000000000000000     
  -1.0000000000000000     
  -1.0000000000000000     
  -1.0000000000000000     
  -1.0000000000000000     
  -1.0000000000000000     
  -1.0000000000000000     
  -1.0000000000000000     
  -1.0000000000000000     
  -1.0000000000000000     
 -0.99999999999999989     
 -0.99999999999999989     
 -0.41717150163197947     
 -0.54694813501060957     
  -1.0000000000000000     
  -1.0000000000000000     
  -1.0000000000000000     
  -1.0000000000000000     
  -1.0000000000000000     
  -1.0000000000000000     
  -1.0000000000000000     
  -1.0000000000000000     
  -1.0000000000000000     
  -1.0000000000000000     
  -1.0000000000000000     
  -1.0000000000000000     
  -1.0000000000000000     
  -1.0000000000000000     
  -1.0000000000000000     
  -1.0000000000000000     
 -0.99999999999999989     
 -0.99999999999999989     
 -0.50090596709169666     
 -0.32469943656548367     
  -1.0000000000000000     
  -1.0000000000000000     
  -1.0000000000000000     
  -1.0000000000000000     
  -1.0000000000000000     
  -1.0000000000000000     
  -1.0000000000000000     
  -1.0000000000000000     
  -1.0000000000000000     
  -1.0000000000000000     
  -1.0000000000000000     
  -1.0000000000000000     
  -1.0000000000000000     
  -1.0000000000000000     
  -1.0000000000000000     
  -1.0000000000000000     
 -0.99999999999999989     
 -0.99999999999999989     
 -0.59212719809213754     
  -8.2579304202980597E-002
  -1.0000000000000000     
  -1.0000000000000000     
  -1.0000000000000000     
  -1.0000000000000000     
  -1.0000000000000000     
  -1.0000000000000000     
  -1.0000000000000000     
  -1.0000000000000000     
  -1.0000000000000000     
  -1.0000000000000000     
  -1.0000000000000000     
  -1.0000000000000000     
  -1.0000000000000000     
  -1.0000000000000000     
  -1.0000000000000000     
  -1.0000000000000000     
 -0.99999999999999989     
 -0.99999999999999989     
 -0.68525250350559053     
  0.16459463793440174     
  -1.0000000000000000     
  -1.0000000000000000     
  -1.0000000000000000     
  -1.0000000000000000     
  -1.0000000000000000     
  -1.0000000000000000     
  -1.0000000000000000     
  -1.0000000000000000     
  -1.0000000000000000     
  -1.0000000000000000     
  -1.0000000000000000     
  -1.0000000000000000     
  -1.0000000000000000     
  -1.0000000000000000     
  -1.0000000000000000     
  -1.0000000000000000     
 -0.99999999999999989     
 -0.99999999999999989     
 -0.77458266385655239     
  0.40169547521683197     
  -1.0000000000000000     
  -1.0000000000000000     
  -1.0000000000000000     
  -1.0000000000000000     
  -1.0000000000000000     
  -1.0000000000000000     
  -1.0000000000000000     
  -1.0000000000000000     
  -1.0000000000000000     
  -1.0000000000000000     
  -1.0000000000000000     
  -1.0000000000000000     
  -1.0000000000000000     
  -1.0000000000000000     
  -1.0000000000000000     
  -1.0000000000000000     
 -0.99999999999999989     
 -0.99999999999999989     
 -0.85465072054164748     
  0.61421276170806494     
  -1.0000000000000000     
  -1.0000000000000000     
  -1.0000000000000000     
  -1.0000000000000000     
  -1.0000000000000000     
  -1.0000000000000000     
  -1.0000000000000000     
  -1.0000000000000000     
  -1.0000000000000000     
  -1.0000000000000000     
  -1.0000000000000000     
  -1.0000000000000000     
  -1.0000000000000000     
  -1.0000000000000000     
  -1.0000000000000000     
  -1.0000000000000000     
 -0.99999999999999989     
 -0.99999999999999989     
 -0.92055655080692178     
  0.78914055178811493     
  -1.0000000000000000     
  -1.0000000000000000     
  -1.0000000000000000     
  -1.0000000000000000     
  -1.0000000000000000     
  -1.0000000000000000     
  -1.0000000000000000     
  -1.0000000000000000     
  -1.0000000000000000     
  -1.0000000000000000     
  -1.0000000000000000     
  -1.0000000000000000     
  -1.0000000000000000     
  -1.0000000000000000     
  -1.0000000000000000     
  -1.0000000000000000     
 -0.99999999999999989     
 -0.99999999999999989     
 -0.96826675267071782     
  0.91577335715168406     
  -1.0000000000000000     
  -1.0000000000000000     
  -1.0000000000000000     
  -1.0000000000000000     
  -1.0000000000000000     
  -1.0000000000000000     
  -1.0000000000000000     
  -1.0000000000000000     
  -1.0000000000000000     
  -1.0000000000000000     
  -1.0000000000000000     
  -1.0000000000000000     
  -1.0000000000000000     
  -1.0000000000000000     
  -1.0000000000000000     
  -1.0000000000000000     
 -0.99999999999999989     
 -0.99999999999999989     
 -0.99486148699333932     
  0.98636131703470320     
  -1.0000000000000000     
  -1.0000000000000000     
  -1.0000000000000000     
  -1.0000000000000000     
  -1.0000000000000000     
  -1.0000000000000000     
  -1.0000000000000000     
  -1.0000000000000000     
  -1.0000000000000000     
  -1.0000000000000000     
  -1.0000000000000000     
  -1.0000000000000000     
  -1.0000000000000000     
  -1.0000000000000000     
  -1.0000000000000000     
  -1.0000000000000000     
 -0.99999999999999989     
 -0.99999999999999989     
 -0.99871317008929528     
  0.99658448559736790     
  -1.0000000000000000     
  -1.0000000000000000     
  -1.0000000000000000     
  -1.0000000000000000     
  -1.0000000000000000     
  -1.0000000000000000     
  -1.0000000000000000     
  -1.0000000000000000     
  -1.0000000000000000     
  -1.0000000000000000     
  -1.0000000000000000     
  -1.0000000000000000     
  -1.0000000000000000     
  -1.0000000000000000     
  -1.0000000000000000     
  -1.0000000000000000     
 -0.99999999999999989     
 -0.99999999999999989     
 -0.97958608098868960     
  0.94581721032648636     
  -1.0000000000000000     
  -1.0000000000000000     
  -1.0000000000000000     
  -1.0000000000000000     
  -1.0000000000000000     
  -1.0000000000000000     
  -1.0000000000000000     
  -1.0000000000000000     
  -1.0000000000000000     
  -1.0000000000000000     
  -1.0000000000000000     
  -1.0000000000000000     
  -1.0000000000000000     
  -1.0000000000000000     
  -1.0000000000000000     
  -1.0000000000000000     
 -0.99999999999999989     
 -0.99999999999999989     
 -0.93865078743600228     
  0.83716642163863519     
  -1.0000000000000000     
  -1.0000000000000000     
  -1.0000000000000000     
  -1.0000000000000000     
  -1.0000000000000000     
  -1.0000000000000000     
  -1.0000000000000000     
  -1.0000000000000000     
  -1.0000000000000000     
  -1.0000000000000000     
  -1.0000000000000000     
  -1.0000000000000000     
  -1.0000000000000000     
  -1.0000000000000000     
  -1.0000000000000000     
  -1.0000000000000000     
 -0.99999999999999989     
 -0.99999999999999989     
 -0.87841250776276147     
  0.67728149038064711     
  -1.0000000000000000     
  -1.0000000000000000     
  -1.0000000000000000     
  -1.0000000000000000     
  -1.0000000000000000     
  -1.0000000000000000     
  -1.0000000000000000     
  -1.0000000000000000     
  -1.0000000000000000     
  -1.0000000000000000     
  -1.0000000000000000     
  -1.0000000000000000     
  -1.0000000000000000     
  -1.0000000000000000     
  -1.0000000000000000     
  -1.0000000000000000     
 -0.99999999999999989     
 -0.99999999999999989     
 -0.80255779284963635     
  0.47594728984791107     
 -0.52307539195461417     
 -0.68298385245517068     
 -0.69749292588225087     
 -0.71425091962247356     
 -0.73237013840056497     
 -0.75106401306421844     
 -0.76969452721876297     
 -0.78778504490481427     
 -0.80500925594900374     
 -0.82116739338226519     
 -0.83615836925350961     
 -0.84995323241070364     
 -0.86257260682057191     
 -0.87406891249462992     
 -0.88451312828537454     
 -0.89398539158512680     
 -0.90256861252992182     
 -0.91034433900919198     
 -0.63311914853036155     
  0.24548536670990370     
  -1.6431283452776491E-002
  0.25679298207585299     
  0.25589612946788165     
  0.25471278012336268     
  0.25327204005297121     
  0.25157345756954347     
  0.24961657313684965     
  0.24740095230857614     
  0.24492622152634252     
  0.24219210599898711     
  0.23919846885448137     
  0.23594535074553724     
  0.23243300909976947     
  0.22866195623405802     
  0.22463299559888500     
  0.22034725547979833     
  0.21580621955733625     
  0.21101175381104756     
  0.22206217739052075     
  -1.3113417000559298E-007
