  -7.6017146366091276E-002
  -7.5299672043642851E-002
  -7.5457029205119930E-002
  -7.7780933928323540E-002
  -8.3188967795777002E-002
  -9.2460384322069197E-002
 -0.10630910635280039     
 -0.12541953526273233     
 -0.15045538532608760     
 -0.18207083156489628     
 -0.22091014613903420     
 -0.26761357589271578     
 -0.32281547423564594     
 -0.38714823373912954     
 -0.46124046524839918     
 -0.54571976396324839     
 -0.64121132491148269     
 -0.74833978626269171     
 -0.86772838642009575     
  -1.0000000000000000     
  -7.6049236863415748E-002
  -7.5283202070954208E-002
  -7.5324791703603511E-002
  -7.7447578848291676E-002
  -8.2552963867121201E-002
  -9.1397965291211192E-002
 -0.10467964289951408     
 -0.12306073505947941     
 -0.14718800951971950     
 -0.17769456961613644     
 -0.21520753169462828     
 -0.26034653787662443     
 -0.31372845648254122     
 -0.37596544507257851     
 -0.44766823145828977     
 -0.52944448813281941     
 -0.62190110881883187     
 -0.72564309376641078     
 -0.84127497585634570     
 -0.96940026424503900     
  -7.6146758748901158E-002
  -7.5241572235653920E-002
  -7.4940666714513868E-002
  -7.6476031586612703E-002
  -8.0690042009533794E-002
  -8.8285050393572276E-002
  -9.9898437368168988E-002
 -0.11613861486565077     
 -0.13759386360245648     
 -0.16484329184261462     
 -0.19845639297450846     
 -0.23899875349134153     
 -0.28703013180879078     
 -0.34310827638076280     
 -0.40778708780117634     
 -0.48161932313416628     
 -0.56515522110541572     
 -0.65894432268375602     
 -0.76353465016271949     
 -0.87947374463670303     
  -7.6319618853642607E-002
  -7.5191510264394593E-002
  -7.4347455321298633E-002
  -7.4944544131404486E-002
  -7.7737908261061625E-002
  -8.3335280636056733E-002
  -9.2285048763362076E-002
 -0.10510253451156897     
 -0.12228809865464295     
 -0.14432931954847714     
 -0.17170829918492139     
 -0.20490003695773393     
 -0.24437683949329778     
 -0.29060630596788634     
 -0.34405442616149640     
 -0.40518394146845832     
 -0.47445653301874885     
 -0.55233173600183305     
 -0.63926834394322041     
 -0.73572389664974880     
  -7.6579457969029333E-002
  -7.5163630830444236E-002
  -7.3609656673635962E-002
  -7.2981735347578819E-002
  -7.3913267532368265E-002
  -7.6893405724513558E-002
  -8.2347554526010322E-002
  -9.0673861076427040E-002
 -0.10225209041716238     
 -0.11745406404059457     
 -0.13664300832757534     
 -0.16017876003801340     
 -0.18841566812467098     
 -0.22170603818886753     
 -0.26039820431059379     
 -0.30483901050619278     
 -0.35537243074729374     
 -0.41234129581853940     
 -0.47608652029299248     
 -0.54694813501060957     
  -7.6944916338820030E-002
  -7.5194417973668062E-002
  -7.2815079907734614E-002
  -7.0753170522494288E-002
  -6.9503606610427801E-002
  -6.9409510163323571E-002
  -7.0756140535362916E-002
  -7.3798265809829525E-002
  -7.8777843165564035E-002
  -8.5926040451737046E-002
  -9.5469874853720521E-002
 -0.10763033083725369     
 -0.12262617014462730     
 -0.14067170371495935     
 -0.16197945032362634     
 -0.18675838881462525     
 -0.21521589716616088     
 -0.24755666442893517     
 -0.28398401031465165     
 -0.32469943656548367     
  -7.7434263450163215E-002
  -7.5329615379628304E-002
  -7.2063635424593667E-002
  -6.8456341680021876E-002
  -6.4844512903897145E-002
  -6.1416207296535651E-002
  -5.8298103309648623E-002
  -5.5592495297278881E-002
  -5.3386338699445063E-002
  -5.1761015851265281E-002
  -5.0791484315041359E-002
  -5.0550727768307456E-002
  -5.1107355464266140E-002
  -5.2528354936917952E-002
  -5.4876891053302020E-002
  -5.8214278789541447E-002
  -6.2598455131889760E-002
  -6.8085434309303028E-002
  -7.4728525749940003E-002
  -8.2579304202980597E-002
  -7.8069838686363163E-002
  -7.5615436349555060E-002
  -7.1466359392684697E-002
  -6.6303148224043193E-002
  -6.0303819211182837E-002
  -5.3491550177162249E-002
  -4.5834223230334675E-002
  -3.7272949052781397E-002
  -2.7739284222502221E-002
  -1.7157319330146383E-002
  -5.4496112512407383E-003
   7.4648988083732574E-003
   2.1667903634118160E-002
   3.7244340692181244E-002
   5.4280542712334491E-002
   7.2866367093171708E-002
   9.3093859871956147E-002
  0.11505856510288140     
  0.13885850223981533     
  0.16459463793440174     
  -7.8870708749965324E-002
  -7.6100857641911254E-002
  -7.1132979398880233E-002
  -6.4511536872250808E-002
  -5.6254143022369474E-002
  -4.6227964210234666E-002
  -3.4242336401936350E-002
  -2.0085789695447862E-002
  -3.5355148296767887E-003
   1.5633349668088055E-002
   3.7648378562214986E-002
   6.2736066266843957E-002
   9.1124430914652138E-002
  0.12304118584674890     
  0.15871647435515676     
  0.19838188935282888     
  0.24227257752761783     
  0.29062653525963400     
  0.34368573352193887     
  0.40169547521683197     
  -7.9856486352259531E-002
  -7.6828939843946051E-002
  -7.1169750758576122E-002
  -6.3286928488863969E-002
  -5.3054145981107886E-002
  -4.0191594338700662E-002
  -2.4367635124660128E-002
  -5.2278571856550788E-003
   1.7588147909986317E-002
   4.4444052298326285E-002
   7.5701071622498201E-002
  0.11171963183395436     
  0.15285694160428120     
  0.19946983565886289     
  0.25191400706206146     
  0.31054694964216295     
  0.37572793226793494     
  0.44782022795156395     
  0.52719109146750776     
  0.61421276170806494     
  -8.1040569024517450E-002
  -7.7838665788505471E-002
  -7.1667637558509842E-002
  -6.2813554399202998E-002
  -5.1021759814659472E-002
  -3.5891160267826787E-002
  -1.6967144800552489E-002
   6.2227187995665019E-003
   3.4158708310393693E-002
   6.7319672448630255E-002
  0.10618254265252830     
  0.15121829116600152     
  0.20289376987247795     
  0.26167025268608252     
  0.32800646837884123     
  0.40235898771390394     
  0.48518566331727270     
  0.57694683208282405     
  0.67810798357122415     
  0.78914055178811493     
  -8.2433594034779054E-002
  -7.9157329554429334E-002
  -7.2700563289999659E-002
  -6.3238221969115868E-002
  -5.0417909926376882E-002
  -3.3742343246534794E-002
  -1.2666276786353096E-002
   1.3375694757099663E-002
   4.4953280124083728E-002
   8.2636615108792583E-002
  0.12698984557214379     
  0.17857088239630037     
  0.23792795163340086     
  0.30560105190405473     
  0.38212119648262755     
  0.46801376065301287     
  0.56380038487685702     
  0.67000358226080525     
  0.78714983915425929     
  0.91577335715168406     
  -8.4037791657700089E-002
  -8.0802566209495691E-002
  -7.4316023572341045E-002
  -6.4664381043581062E-002
  -5.1425841129318715E-002
  -3.4044634306245783E-002
  -1.1916210480692911E-002
   1.5581113529530318E-002
   4.9076599347196680E-002
   8.9198046810739590E-002
  0.13656940813162965     
  0.19180503224972231     
  0.25550833640874770     
  0.32826788791531691     
  0.41065777683191229     
  0.50323719904296305     
  0.60655444332185338     
  0.72115124981417877     
  0.84757018547563134     
  0.98636131703470320     
  -8.5850296471865623E-002
  -8.2776646825676217E-002
  -7.6535155790622422E-002
  -6.7141219728156787E-002
  -5.4142018526227888E-002
  -3.6958286597221411E-002
  -1.4967303078740956E-002
   1.2473791829375148E-002
   4.6015005410978645E-002
   8.6309577217418013E-002
  0.13400732659370718     
  0.18975167529852652     
  0.25417292543621822     
  0.32788424250832116     
  0.41147545030988114     
  0.50551073421693193     
  0.61052763457552972     
  0.72704232355119636     
  0.85555899952418846     
  0.99658448559736790     
  -8.7859029410279371E-002
  -8.5069169154944738E-002
  -7.9347178330614512E-002
  -7.0662777969769927E-002
  -5.8565744025294339E-002
  -4.2495351509601716E-002
  -2.1848443148793514E-002
   3.9967638720680146E-003
   3.5674140817157543E-002
   7.3823451590365310E-002
  0.11908835369161846     
  0.17211052842466010     
  0.23352487495669705     
  0.30394987549568242     
  0.38397788078525275     
  0.47416229053537878     
  0.57500786149874217     
  0.68696573467763766     
  0.81044127461487780     
  0.94581721032648636     
  -9.0045965773979192E-002
  -8.7653801412564875E-002
  -8.2712129084874769E-002
  -7.5164307302778510E-002
  -6.4600278476281997E-002
  -5.0514153201927980E-002
  -3.2364160593434284E-002
  -9.5880223445893240E-003
   1.8389917914534461E-002
   5.2158306080715915E-002
   9.2316608408688522E-002
  0.13947480374505555     
  0.19424857372143756     
  0.25725235222029214     
  0.32908415604361491     
  0.41030356324360806     
  0.50139992496038766     
  0.60275809425784055     
  0.71463381309398155     
  0.83716642163863519     
  -9.2384766904547666E-002
  -9.0491785566607599E-002
  -8.6559792584360154E-002
  -8.0527472886776405E-002
  -7.2054844796802811E-002
  -6.0727680373603432E-002
  -4.6100756198468353E-002
  -2.7711238744081133E-002
  -5.0801551149910638E-003
   2.2287627370136776E-002
   5.4907452639375680E-002
   9.3318061768681404E-002
  0.13808638536226700     
  0.18980842101564616     
  0.24910456958374191     
  0.31659878317402396     
  0.39287104678544188     
  0.47836622374721960     
  0.57325451168138275     
  0.67728149038064711     
  -9.4843935525183942E-002
  -9.3531265851645631E-002
  -9.0795163938327691E-002
  -8.6584399785642197E-002
  -8.0656650400819277E-002
  -7.2717121074641650E-002
  -6.2449567656176347E-002
  -4.9522957733733837E-002
  -3.3592751682063202E-002
  -1.4297163606614104E-002
   8.7481574957825360E-003
   3.5960292703627189E-002
   6.7802815423237850E-002
  0.10480663913837515     
  0.14759615851202443     
  0.19691773166729137     
  0.25365021439071062     
  0.31874328802936375     
  0.39293990191646094     
  0.47594728984791107     
  -9.7386190534110934E-002
  -9.6711373810982493E-002
  -9.5301629181238648E-002
  -9.3128406597626043E-002
  -9.0064731967323661E-002
  -8.5957084804413775E-002
  -8.0640152370936496E-002
  -7.3940778636492607E-002
  -6.5677255422230907E-002
  -5.5657099273197307E-002
  -4.3671586561096688E-002
  -2.9486958148557101E-002
  -1.2827935760501697E-002
   6.6517026556740478E-003
   2.9425376083577509E-002
   5.6202349386548882E-002
   8.8143765178159500E-002
  0.12729646077188314     
  0.17746358749849903     
  0.24548536670990370     
  -9.9971265922235361E-002
  -9.9963848058660099E-002
  -9.9948353331247908E-002
  -9.9924464764363646E-002
  -9.9890789083027731E-002
  -9.9845636055493805E-002
  -9.9787190675697454E-002
  -9.9713547099262695E-002
  -9.9622709559296502E-002
  -9.9512559697526981E-002
  -9.9380803686986680E-002
  -9.9224868308628367E-002
  -9.9041724789153074E-002
  -9.8827557710957081E-002
  -9.8577146345659644E-002
  -9.8282652572955431E-002
  -9.7930991997154201E-002
  -9.7480296458039822E-002
  -9.5493842406653026E-002
  -1.3113417000559298E-007
