 -0.22901196858165762     
 -0.22318855793991710     
 -0.21525435318219976     
 -0.20834531333709455     
 -0.20407191965361718     
 -0.20353969796824725     
 -0.20764039718926827     
 -0.21716502123248974     
 -0.23284485245047598     
 -0.25537790812512506     
 -0.28543661530782927     
 -0.32367839941439341     
 -0.37074676237052956     
 -0.42727725995671995     
 -0.49389713095836391     
 -0.57122918763698449     
 -0.65989128379891093     
 -0.76049885271161366     
 -0.87366460363687959     
  -1.0000000000000000     
 -0.22919960463692568     
 -0.22334100717354843     
 -0.21530975042092071     
 -0.20821718773412873     
 -0.20365498792556436     
 -0.20270524015198141     
 -0.20624242829652734     
 -0.21503592680827502     
 -0.22980044374571565     
 -0.25121346499463576     
 -0.27993094059890766     
 -0.31659039388642785     
 -0.36181856222105141     
 -0.41623142999305868     
 -0.48043896954075405     
 -0.55504459750178081     
 -0.64064832235897540     
 -0.73784630550899566     
 -0.84723284620072647     
 -0.96940026424503900     
 -0.22976293675245332     
 -0.22380545231121743     
 -0.21548813738289563     
 -0.20786146145433723     
 -0.20245006098558146     
 -0.20027776964234539     
 -0.20215804009161351     
 -0.20880600927311657     
 -0.22087888763260657     
 -0.23900179092763255     
 -0.26377500374939283     
 -0.29578413635384176     
 -0.33560094775778448     
 -0.38378906017445136     
 -0.44090347107254596     
 -0.50749432253231330     
 -0.58410635301579239     
 -0.67128141147512566     
 -0.76955819264363301     
 -0.87947374463670303     
 -0.23070943074917627     
 -0.22459651164827130     
 -0.21583114662446048     
 -0.20735669567353646     
 -0.20059716116310217     
 -0.19647552947699204     
 -0.19571380506340069     
 -0.19893388179632401     
 -0.20670650879756178     
 -0.21956776832108982     
 -0.23803374068211069     
 -0.26260295254356664     
 -0.29376331295604691     
 -0.33199175615609794     
 -0.37775857963022197     
 -0.43152675012927949     
 -0.49375489433311792     
 -0.56489687495800944     
 -0.64540377905082991     
 -0.73572389664974880     
 -0.23204660476780087     
 -0.22574125675935275     
 -0.21640118990684640     
 -0.20683188589390505     
 -0.19831664100424565     
 -0.19165080056273395     
 -0.18742939713596035     
 -0.18615642909723110     
 -0.18828355598841401     
 -0.19423423368923881     
 -0.20440984228139975     
 -0.21919856772213855     
 -0.23897540991094354     
 -0.26410701579871598     
 -0.29495072448151399     
 -0.33185785891947067     
 -0.37517302741654646     
 -0.42523648876336828     
 -0.48238395039479481     
 -0.54694813501060957     
 -0.23378730588026139     
 -0.22727106877576464     
 -0.21728294473851612     
 -0.20645275142981287     
 -0.19590070592088907     
 -0.18626382670628552     
 -0.17799106975261325     
 -0.17144115471089189     
 -0.16692900627235260     
 -0.16474067651004196     
 -0.16514621273073099     
 -0.16840086373153040     
 -0.17475054718077110     
 -0.18443054252113519     
 -0.19766879905482479     
 -0.21468469910464405     
 -0.23569151621509557     
 -0.26089584277837158     
 -0.29049946052302122     
 -0.32469943656548367     
 -0.23594225202304139     
 -0.22922496149613339     
 -0.21857187440444034     
 -0.20641639539403792     
 -0.19369025553103467     
 -0.18085961569961756     
 -0.16820635498342615     
 -0.15593301025696216     
 -0.14419935125287359     
 -0.13314438263465558     
 -0.12289107473657537     
 -0.11355337069647135     
 -0.10523482333441489     
  -9.8031744031000997E-002
  -9.2031108129163569E-002
  -8.7312633995250799E-002
  -8.3947421393598079E-002
  -8.1999720092910983E-002
  -8.1526570321918818E-002
  -8.2579304202980597E-002
 -0.23852446751144893     
 -0.23164061664137864     
 -0.22037300296851706     
 -0.20693327718543944     
 -0.19205845289069071     
 -0.17603018156804073     
 -0.15895998400007028     
 -0.14088283185585329     
 -0.12180083228610750     
 -0.10169691424579323     
  -8.0545926537034213E-002
  -5.8314559609169175E-002
  -3.4964810925649153E-002
  -1.0451071597392557E-002
   1.5278573283198919E-002
   4.2285043321816249E-002
   7.0637295965450944E-002
  0.10041376561866855     
  0.13170118009997181     
  0.16459463793440174     
 -0.24154184883949656     
 -0.23455657168409863     
 -0.22278810050784506     
 -0.20821830509182107     
 -0.19138242428093510     
 -0.17238259757803923     
 -0.15115662605209323     
 -0.12757707141298119     
 -0.10148612975691702     
  -7.2716244765957852E-002
  -4.1094389098876173E-002
  -6.4476412164131787E-003
   3.1399427966437014E-002
   7.2623858154651028E-002
  0.11740844179649877     
  0.16594219802761276     
  0.21842375642603667     
  0.27506153634178726     
  0.33607530321609225     
  0.40169547521683197     
 -0.24500098141960860     
 -0.23800334751119648     
 -0.22591317626302401     
 -0.21047153403882241     
 -0.19202352944111689     
 -0.17049705221414801     
 -0.14566994775141895     
 -0.11725777253908638     
  -8.4955151323372682E-002
  -4.8449803327065874E-002
  -7.4335362077472683E-003
   3.8397458428842263E-002
   8.9340195337513556E-002
  0.14568912383003699     
  0.20773755267131186     
  0.27578320850635796     
  0.35013078848449214     
  0.43109640731048077     
  0.51900913143321348     
  0.61421276170806494     
 -0.24890030752969994     
 -0.24200517900042881     
 -0.22982621913430523     
 -0.21386874791487687     
 -0.19429930419380637     
 -0.17089405163150448     
 -0.14328515293221436     
 -0.11105149015339406     
  -7.3752295893374453E-002
  -3.0948098507886788E-002
   1.7792708709218157E-002
   7.2886858793240750E-002
  0.13473734712258226     
  0.20373304855014088     
  0.28025435467585530     
  0.36467726082561824     
  0.45738113407886721     
  0.55875422010685294     
  0.66920000262049162     
  0.78914055178811493     
 -0.25323360804310652     
 -0.24657223980691134     
 -0.23458508081656376     
 -0.21854433722528041     
 -0.19846574575004092     
 -0.17399661858450752     
 -0.14465282459469359     
 -0.10989718140143150     
  -6.9177877493934531E-002
  -2.1944382037469613E-002
   3.2338695465629876E-002
   9.4186583975913632E-002
  0.16408817521370658     
  0.24250690221251958     
  0.32988166287977561     
  0.42663418741013043     
  0.53317694566614926     
  0.64992503604694707     
  0.77730669866040014     
  0.91577335715168406     
 -0.25798433413795518     
 -0.25170261461404408     
 -0.24021768386368922     
 -0.22458452352739031     
 -0.20469496845243523     
 -0.18010452400033763     
 -0.15024255532304279     
 -0.11448927973639443     
  -7.2206015244936056E-002
  -2.2756273500713870E-002
   3.4483144143363564E-002
  0.10010911781437859     
  0.17468479564480319     
  0.25873120465031346     
  0.35272575061208983     
  0.45710351173322533     
  0.57226727339975303     
  0.69860216033210032     
  0.83649629674703463     
  0.98636131703470320     
 -0.26312900113528759     
 -0.25737651734958467     
 -0.24672182064338172     
 -0.23201560239747543     
 -0.21306441789872302     
 -0.18936816294456688     
 -0.16031160057817101     
 -0.12522657314491437     
  -8.3422771600488874E-002
  -3.4202461068880016E-002
   2.3123828602305167E-002
   8.9225075129601122E-002
  0.16473288338595896     
  0.25022686401061389     
  0.34621875504996968     
  0.45314384248128814     
  0.57136008935826932     
  0.70116283356977105     
  0.84281398382646744     
  0.99658448559736790     
 -0.26863312474506890     
 -0.26355903436124578     
 -0.25405936995687700     
 -0.24080240372955916     
 -0.22354483247635190     
 -0.20177636848291786     
 -0.17487852084745178     
 -0.14217989285215546     
 -0.10297613442305685     
  -5.6543903688468101E-002
  -2.1497830348669602E-003
   6.0935111075422231E-002
  0.13341807584755025     
  0.21595836031492804     
  0.30913627609413785     
  0.41341712378851303     
  0.52912164526450356     
  0.65641353617746723     
  0.79532309170597382     
  0.94581721032648636     
 -0.27445464835980560     
 -0.27019693729047223     
 -0.26215902181619505     
 -0.25084419268365860     
 -0.23600007152403465     
 -0.21714780487560531     
 -0.19371421103706424     
 -0.16507056080273727     
 -0.13054780516013351     
  -8.9439676901218193E-002
  -4.1006401945138139E-002
   1.5521865925894369E-002
   8.0932469719778688E-002
  0.15600718663660604     
  0.24147821111608544     
  0.33796096634004957     
  0.44586119559840742     
  0.56527404995421882     
  0.69591573830249809     
  0.83716642163863519     
 -0.28054172075333200     
 -0.27722239764466755     
 -0.27091532545089675     
 -0.26197982217888444     
 -0.25018836126542121     
 -0.23513707545093501     
 -0.21634247421064082     
 -0.19327046054252967     
 -0.16534058644791355     
 -0.13192309480332609     
  -9.2328647181089296E-002
  -4.5797220355731048E-002
   8.5140920894331770E-003
   7.1534218148618739E-002
  0.14426152115989896     
  0.22770068520000480     
  0.32271801198865019     
  0.42976990704615314     
  0.54849270939817552     
  0.67728149038064711     
 -0.28683609393082010     
 -0.28455256522271261     
 -0.28019453516857468     
 -0.27399213728260630     
 -0.26577446481957623     
 -0.25524737910213857     
 -0.24205980678779315     
 -0.22581935067297154     
 -0.20609277801611345     
 -0.18239566442017574     
 -0.15417495405399148     
 -0.12077976388422224     
  -8.1419412353950102E-002
  -3.5102796633078137E-002
   1.9438784429803582E-002
   8.3832002358809735E-002
  0.16008488160558187     
  0.25038396478174385     
  0.35623098371392381     
  0.47594728984791107     
 -0.29327273346334598     
 -0.29209403538993928     
 -0.28983834721378943     
 -0.28661961442040262     
 -0.28234471137482814     
 -0.27685699416424364     
 -0.26996883441968672     
 -0.26146954050128457     
 -0.25112304213737707     
 -0.23866006275498772     
 -0.22376207730552380     
 -0.20603397495150566     
 -0.18495469179080076     
 -0.15978783415215986     
 -0.12941257652126234     
  -9.1996661740111771E-002
  -4.4348937730197900E-002
   1.9373322785148805E-002
  0.11012541823598927     
  0.24548536670990370     
 -0.29978292878148327     
 -0.29974488600204080     
 -0.29967208317422173     
 -0.29956818394621920     
 -0.29943018604154309     
 -0.29925302121808511     
 -0.29903063481299924     
 -0.29875621189636148     
 -0.29842212724091838     
 -0.29801966490591331     
 -0.29753851641212448     
 -0.29696586480424159     
 -0.29628478163737837     
 -0.29547126511053567     
 -0.29448865049510548     
 -0.29327632004927218     
 -0.29171474592703178     
 -0.28920254822965269     
 -0.27483589369295980     
  -1.3113417000559298E-007
