  -2.2699239807132567     
  -2.1949880226041323     
  -2.0777799608152714     
  -1.9464866258508557     
  -1.8120976278664751     
  -1.6801010200744475     
  -1.5537494172511870     
  -1.4352274618829961     
  -1.3261330505336983     
  -1.2277131244863402     
  -1.1409813506982347     
  -1.0667928699444977     
  -1.0058854028641877     
 -0.95891265567420803     
 -0.92646328518841403     
 -0.90907951464814130     
 -0.90726769131107321     
 -0.92150969172309893     
 -0.95226945977063671     
  -1.0000000000000000     
  -2.2722169480636594     
  -2.1974171945564303     
  -2.0803495466795932     
  -1.9490927986667896     
  -1.8145843234106043     
  -1.6822741391359821     
  -1.5553932628479721     
  -1.4361059810142349     
  -1.3259990040065226     
  -1.2263061732915377     
  -1.1380336348318301     
  -1.0620257862661049     
 -0.99901278781236058     
 -0.94963720370636662     
 -0.91447815095066420     
 -0.89406504314548529     
 -0.88889202206011175     
 -0.89942621282506519     
 -0.92611676912622032     
 -0.96940026424503900     
  -2.2790857106669060     
  -2.2047032153260147     
  -2.0880659555653978     
  -1.9569423553140672     
  -1.8221011420916426     
  -1.6888902558064347     
  -1.5604649774426937     
  -1.4389388880283331     
  -1.3258559315096232     
  -1.2224198429130786     
  -1.1296071399483820     
  -1.0482381562994796     
 -0.97901543028809435     
 -0.92255509216915821     
 -0.87940457004847283     
 -0.85006044658075974     
 -0.83497876232078971     
 -0.83458645228650608     
 -0.84928818070312684     
 -0.87947374463670303     
  -2.2905064180727699     
  -2.2168342302091260     
  -2.1009571894815577     
  -1.9701199921948422     
  -1.8348204022444392     
  -1.7002292951507463     
  -1.5693832626524082     
  -1.4443048519562036     
  -1.3264737105872688     
  -1.2170392123557405     
  -1.1169362018432005     
  -1.0269437066962983     
 -0.94772667203958982     
 -0.87985849227375490     
 -0.82384223000400203     
 -0.78012271260307142     
 -0.74910014002970549     
 -0.73113832843344750     
 -0.72657418213052605     
 -0.73572389664974880     
  -2.3064337319783252     
  -2.2337927320892712     
  -2.1190611982355683     
  -1.9887631245427879     
  -1.8530137255089574     
  -1.7167446951588099     
  -1.5828204418452776     
  -1.4531422548794330     
  -1.3290952523306578     
  -1.2117603757380351     
  -1.1020141273197539     
  -1.0005885028417569     
 -0.90810067434715480     
 -0.82507740119904283     
 -0.75196788688678573     
 -0.68915831899627811     
 -0.63698052082389578     
 -0.59572280780635489     
 -0.56563726405911796     
 -0.54694813501060957     
  -2.3268060868012928     
  -2.2555458441066358     
  -2.1424256298286619     
  -2.0130445957313401     
  -1.8770402981424883     
  -1.7390338463469883     
  -1.6016748071301472     
  -1.4667026413302893     
  -1.3353866564000041     
  -1.2087180573011744     
  -1.0875088645632769     
 -0.97243663250600798     
 -0.86407382395018895     
 -0.76290042835063976     
 -0.66931718821580244     
 -0.58365221378004861     
 -0.50617099883378724     
 -0.43708310612045675     
 -0.37655143408537889     
 -0.32469943656548367     
  -2.3515371299703425     
  -2.2820475983942408     
  -2.1710929145342228     
  -2.0431631886408996     
  -1.9073178982993959     
  -1.7678101959086565     
  -1.6270220895480947     
  -1.4864988520049423     
  -1.3473621748733478     
  -1.2104996678780089     
  -1.0766467832135498     
 -0.94643001539297766     
 -0.82038151220496969     
 -0.69894950879930462     
 -0.58249964519046216     
 -0.47132013346717921     
 -0.36562400940427575     
 -0.26555599351846815     
 -0.17119829564490782     
  -8.2579304202980597E-002
  -2.3805198960457674     
  -2.3132277136736219     
  -2.2050956628732119     
  -2.0793192058978041     
  -1.9442992658436362     
  -1.8038575514867239     
  -1.6600663315058086     
  -1.5142326857930415     
  -1.3673035081499116     
  -1.2200373322887903     
  -1.0730860613349684     
 -0.92702328231589515     
 -0.78235604728420871     
 -0.63952030312766484     
 -0.49887742687967235     
 -0.36070660165316093     
 -0.22520321583270020     
  -9.2477641326798657E-002
   3.7440136572289638E-002
  0.16459463793440174     
  -2.4136181734911544     
  -2.3489921869443271     
  -2.2444389298668406     
  -2.1216984575011320     
  -1.9884333939658629     
  -1.8479874660648157     
  -1.7020731412969039     
  -1.5517211494957877     
  -1.3976616853721096     
  -1.2404980158898167     
  -1.0807770794601488     
 -0.91901908706164981     
 -0.75571586915687583     
 -0.59132133867008219     
 -0.42623160306131624     
 -0.26076868094909217     
  -9.5163889593202558E-002
   7.0450632766745208E-002
  0.23604641923139200     
  0.40169547521683197     
  -2.4506700712483922     
  -2.3892118570809875     
  -2.2890930325641330     
  -2.1704436136738199     
  -2.0401332836318029     
  -1.9009815902397194     
  -1.7543042286144843     
  -1.6008065364450965     
  -1.4409592495511045     
  -1.2751637126910829     
  -1.1038314560716533     
 -0.92740875693617675     
 -0.74637769798177145     
 -0.56123405547309313     
 -0.37245904112673378     
 -0.18048311319294097     
   1.4345513232918971E-002
  0.21178895716164298     
  0.41173653952360662     
  0.61421276170806494     
  -2.4914802085665699     
  -2.4337224555406127     
  -2.3389754507165867     
  -2.2256348521485281     
  -2.0997316380799225     
  -1.9635384182787761     
  -1.8179369471685993     
  -1.6632664520087335     
  -1.4996794147763821     
  -1.3273175411162672     
  -1.1463956227789114     
 -0.95724297348260834     
 -0.76030695264001968     
 -0.55613592376707521     
 -0.34533869327812661     
 -0.12853428910970544     
   9.3706886933737021E-002
  0.32091690261933642     
  0.55277589559102080     
  0.78914055178811493     
  -2.5358232994678631     
  -2.4823145489424072     
  -2.3939435642106042     
  -2.2872610575181596     
  -2.1674445635599007     
  -2.0362081694264824     
  -1.8939853119130741     
  -1.7407079051196215     
  -1.5761535734839138     
  -1.4001217849021583     
  -1.2125417753326007     
  -1.0135330362029134     
 -0.80343793624102500     
 -0.58281905097684961     
 -0.35242886870268536     
 -0.11314690334012004     
  0.13410355812533378     
  0.38845273039282252     
  0.64917678498794240     
  0.91577335715168406     
  -2.5834381061783551     
  -2.5347344226892838     
  -2.4537792730724388     
  -2.3552016001935989     
  -2.2433274387455611     
  -2.1193337138547688     
  -1.9832074949647542     
  -1.8344568405818789     
  -1.6724281065780189     
  -1.4964900518343880     
  -1.3061573041314534     
  -1.1011909226861620     
 -0.88167240574378281     
 -0.64805322943944643     
 -0.40116193962531382     
 -0.14216426524939796     
  0.12753393777640060     
  0.40643028925817182     
  0.69309939177667101     
  0.98636131703470320     
  -2.6340316582175021     
  -2.5906770673042003     
  -2.5181846963686896     
  -2.4292028386240312     
  -2.3272414945046438     
  -2.2129846178674564     
  -2.0860147220765080     
  -1.9454267450074574     
  -1.7901115766993865     
  -1.6189229357931749     
  -1.4308155453510099     
  -1.2249757399712211     
  -1.0009596207230553     
 -0.75882394030209133     
 -0.49923490496988804     
 -0.22351789123151550     
   6.6382635167518286E-002
  0.36806307612501232     
  0.67893667785717737     
  0.99658448559736790     
  -2.6872757743086479     
  -2.6497892229483244     
  -2.5867729189083830     
  -2.5088669899516005     
  -2.4188189605356558     
  -2.3169019618058706     
  -2.2023714230481262     
  -2.0739761974089714     
  -1.9301780966698641     
  -1.7692850227244274     
  -1.5895650299721145     
  -1.3893859186618602     
  -1.1673949225444242     
 -0.92275214585728826     
 -0.65540065540386028     
 -0.36633670409709895     
  -5.7798020143633499E-002
  0.26673651134373494     
  0.60284806439416427     
  0.94581721032648636     
  -2.7428123419529098     
  -2.7116668094037850     
  -2.6590697655360489     
  -2.5936407334985434     
  -2.5174438243871653     
  -2.4304469278183323     
  -2.3317050879372077     
  -2.2197480848422271     
  -2.0927268832606059     
  -1.9484748662239728     
  -1.7845573673021495     
  -1.5983466132378865     
  -1.3871693444120188     
  -1.1485686012590071     
 -0.88072858601095494     
 -0.58307851841363911     
 -0.25702770069683650     
   9.3359439819063250E-002
  0.46112826255836481     
  0.83716642163863519     
  -2.8002528865737055     
  -2.7758610308042293     
  -2.7345136866542523     
  -2.6828180258796546     
  -2.6222401776507902     
  -2.5525722202687486     
  -2.4728281650496111     
  -2.3815152387136509     
  -2.2766959919231979     
  -2.1559673498841230     
  -2.0163971298312218     
  -1.8544531725313256     
  -1.6659624405491769     
  -1.4461782796117908     
  -1.1900829673267701     
 -0.89313168324098302     
 -0.55268820214388581     
 -0.17031435278615836     
  0.24542643097187239     
  0.67728149038064711     
  -2.8591849736364012     
  -2.8418809564290606     
  -2.8124657875413863     
  -2.7755473932112342     
  -2.7320824811530962     
  -2.6818161489998111     
  -2.6239005375599058     
  -2.5570575911565689     
  -2.4795810915047420     
  -2.3892475171897600     
  -2.2831519902300275     
  -2.1574566128132018     
  -2.0070389077415971     
  -1.8250385815820933     
  -1.6023748125535917     
  -1.3274966532339001     
 -0.98709435036077631     
 -0.56941108200775736     
  -7.3077283693542980E-002
  0.47594728984791107     
  -2.9191748248474068     
  -2.9092027266973401     
  -2.8922201749790681     
  -2.8708536129442868     
  -2.8456219725654885     
  -2.8163368111178055     
  -2.7824490504523509     
  -2.7431307528087183     
  -2.6972523034775540     
  -2.6432903730725141     
  -2.5791533918670617     
  -2.5018822053473744     
  -2.4071325513121580     
  -2.2882636598294286     
  -2.1346979626259288     
  -1.9289697668333243     
  -1.6416818114070608     
  -1.2245435477749842     
 -0.60908748371731880     
  0.24548536670990370     
  -2.9797744369473329     
  -2.9772769071269756     
  -2.9730220264775435     
  -2.9676659270247199     
  -2.9613369394088926     
  -2.9539855271544773     
  -2.9454709736511369     
  -2.9355808125907332     
  -2.9240240694357889     
  -2.9104054834082831     
  -2.8941771811279211     
  -2.8745532515033418     
  -2.8503556736722735     
  -2.8197112946141099     
  -2.7793476527596277     
  -2.7224907252602315     
  -2.6309857658188620     
  -2.4421862672008512     
  -1.9071516326080205     
  -1.3113417000559298E-007
