  -2.2417603544368849     
  -2.2230405713505204     
  -2.1846031097017904     
  -2.1348772472027200     
  -2.0784062028954691     
  -2.0178796421464384     
  -1.9550121924019366     
  -1.8909651740200866     
  -1.8265661739939401     
  -1.7624310263326768     
  -1.6990352764788197     
  -1.6367579592816603     
  -1.5759094609472439     
  -1.5167498537869275     
  -1.4595013266037788     
  -1.4043568438371505     
  -1.3514863310999554     
  -1.3010411993156989     
  -1.2531577287185121     
  -1.2079596547419704     
  -1.1655601846766435     
  -1.1260636009858065     
  -1.0895665591645551     
  -1.0561591559087389     
  -1.0259258215381255     
 -0.99894607558805626     
 -0.97529517400429278     
 -0.95504466898818907     
 -0.93826289727899093     
 -0.92501540887946609     
 -0.91536534548985027     
 -0.90937377591015311     
 -0.90709999419141940     
 -0.90860178521457347     
 -0.91393566154626327     
 -0.92315707479004316     
 -0.93632060416478546     
 -0.95348012466192167     
 -0.97468895683110135     
  -1.0000000000000000     
  -2.2423408631042965     
  -2.2236292622711336     
  -2.1852069118029798     
  -2.1354973110574007     
  -2.0790399447704226     
  -2.0185218912542315     
  -1.9556558741132388     
  -1.8916017451558464     
  -1.8271859187243276     
  -1.7630232691334529     
  -1.6995885426865771     
  -1.6372601004115674     
  -1.5763477547824627     
  -1.5171110853082108     
  -1.4597718536075233     
  -1.4045226498191334     
  -1.3515330672466130     
  -1.3009542170159447     
  -1.2529221037560851     
  -1.2075602041751361     
  -1.1649814773139380     
  -1.1252899622970423     
  -1.0885820714101535     
  -1.0549476542190537     
  -1.0244708866234127     
 -0.99723102370721595     
 -0.97330304476614227     
 -0.95275821150328022     
 -0.93566455512375979     
 -0.92208730427883356     
 -0.91208926307028526     
 -0.90573114632354945     
 -0.90307187786163834     
 -0.90416885641368205     
 -0.90907819296671089     
 -0.91785492274241698     
 -0.93055319449842266     
 -0.94722643947741614     
 -0.96792752202947785     
 -0.99270887369275973     
  -2.2440718867870824     
  -2.2253849839785707     
  -2.1870082952249503     
  -2.1373479499699437     
  -2.0809322178428080     
  -2.0204404118660055     
  -1.9575795428443377     
  -1.8935050564744051     
  -1.8290398487045660     
  -1.7647959141117835     
  -1.7012456007449406     
  -1.6387652473048779     
  -1.5776629443897821     
  -1.5181967928226043     
  -1.4605872729930842     
  -1.4050258532351099     
  -1.3516811319241502     
  -1.3007033237830645     
  -1.2522276106479526     
  -1.2063766981102255     
  -1.1632628065272386     
  -1.1229892520189850     
  -1.0856517251179256     
  -1.0513393426392665     
  -1.0201355265181073     
 -0.99211874832311731     
 -0.96736316766864927     
 -0.94593918535328381     
 -0.92791392678966933     
 -0.91335166751132668     
 -0.90231420980635013     
 -0.89486121753213466     
 -0.89105051469789354     
 -0.89093835231405949     
 -0.89457964719421812     
 -0.90202819578069127     
 -0.91333686559520411     
 -0.92855776655223454     
 -0.94774240408645727     
 -0.97094181581669503     
  -2.2469518695864563     
  -2.2283064142906848     
  -2.1900064881587671     
  -2.1404292380758903     
  -2.0840842468619480     
  -2.0236378985252448     
  -1.9607876950594318     
  -1.8966817480500802     
  -1.8321370954185396     
  -1.7677609352148016     
  -1.7040216193760904     
  -1.6412921159744538     
  -1.5798776456651933     
  -1.5200338455049336     
  -1.4619790628812119     
  -1.4059029011651696     
  -1.3519723080672794     
  -1.3003360150319792     
  -1.2511278466650619     
  -1.2044692408627682     
  -1.1604712076707953     
  -1.1192358821745880     
  -1.0808577788405078     
  -1.0454248226513427     
  -1.0130192105586340     
 -0.98371814172689687     
 -0.95759444454383491     
 -0.93471712096552972     
 -0.91515182349566448     
 -0.89896127631720391     
 -0.88620564936319979     
 -0.87694289212646737     
 -0.87122903255349993     
 -0.86911844529649240     
 -0.87066409280229851     
 -0.87591774212237539     
 -0.88493015987841883     
 -0.89775128747481570     
 -0.91443039838249751     
 -0.93501623910842879     
  -2.2509782185472784     
  -2.2323913454776068     
  -2.1942001905956485     
  -2.1447412715837539     
  -2.0884980284746626     
  -2.0281187771216644     
  -1.9652877366128709     
  -1.9011427726486434     
  -1.8364927358795229     
  -1.7719381165528401     
  -1.7079416746767180     
  -1.6448716595077273     
  -1.5830292734189071     
  -1.5226667053875111     
  -1.4639993210849247     
  -1.4072141221498493     
  -1.3524757604078865     
  -1.2999309123528107     
  -1.2497115311340392     
  -1.2019373156993642     
  -1.1567176245082238     
  -1.1141529887177979     
  -1.0743363319617045     
  -1.0373539717981330     
  -1.0032864560808181     
 -0.97220927243983846     
 -0.94419345853441816     
 -0.91930613331312627     
 -0.89761096423128850     
 -0.87916858158680700     
 -0.86403694840388579     
 -0.85227169231480371     
 -0.84392640444955624     
 -0.83905290929096588     
 -0.83770150868098781     
 -0.83992120259493908     
 -0.84575988887822906     
 -0.85526454382421846     
 -0.86848138523251739     
 -0.88545601940284191     
  -2.2561472803288449     
  -2.2376366546967810     
  -2.1995875308434059     
  -2.1502841053155932     
  -2.0941762425247474     
  -2.0338890862534695     
  -1.9710898299750412     
  -1.9069032050476526     
  -1.8421275605955274     
  -1.7773547757155244     
  -1.7130404254327516     
  -1.6495466917231509     
  -1.5871696091493415     
  -1.5261569342013368     
  -1.4667202049039767     
  -1.4090430915589494     
  -1.3532873176197779     
  -1.2995969521122632     
  -1.2481015886086737     
  -1.1989187491321907     
  -1.1521557396768187     
  -1.1079111118027944     
  -1.0662758371195189     
  -1.0273342694693635     
 -0.99116494779639586     
 -0.95784127758708582     
 -0.92743211820618232     
 -0.90000229598650794     
 -0.87561305761529240     
 -0.85432247455053101     
 -0.83618580645956642     
 -0.82125582969381405     
 -0.80958313538384796     
 -0.80121640070549105     
 -0.79620263612064313     
 -0.79458741085711970     
 -0.79641505850213423     
 -0.80172886430212598     
 -0.81057123555663202     
 -0.82298385634331028     
  -2.2624543090511415     
  -2.2440382631958729     
  -2.2061660054208332     
  -2.1570576648595652     
  -2.1011221291116331     
  -2.0409563126216606     
  -1.9782066820866406     
  -1.9139819770922819     
  -1.8490677510483582     
  -1.7840453791613755     
  -1.7193616618870509     
  -1.6553713644258938     
  -1.5923642011734358     
  -1.5305825096775203     
  -1.4702331554610433     
  -1.4114957540964788     
  -1.3545284811624081     
  -1.2994722666810148     
  -1.2464538863172214     
  -1.1955882862067573     
  -1.1469803672838215     
  -1.1007263831279959     
  -1.0569150578798510     
  -1.0156284988354696     
 -0.97694295649191287     
 -0.94092946967408808     
 -0.90765442275047958     
 -0.87718003442067316     
 -0.84956479218873970     
 -0.82486384278661429     
 -0.80312934604354569     
 -0.78441079770691691     
 -0.76875532529091117     
 -0.75620796000856627     
 -0.74681188711819269     
 -0.74060867650557938     
 -0.73763849496909306     
 -0.73794030143162437     
 -0.74155202613879190     
 -0.74851073479294106     
  -2.2698934258428358     
  -2.2515910848962903     
  -2.2139324031201775     
  -2.1650616353493084     
  -2.1093393326669312     
  -2.0493291819616966     
  -1.9866532745928702     
  -1.9224015404966286     
  -1.8573444689967238     
  -1.7920510523797457     
  -1.7269577311954651     
  -1.6624105022520457     
  -1.5986916021464281     
  -1.5360369577457174     
  -1.4746479148405680     
  -1.4146993139938016     
  -1.3563451741622736     
  -1.2997227749165721     
  -1.2449556462986497     
  -1.1921558014432756     
  -1.1414254369616803     
  -1.0928582547132117     
  -1.0465405113548258     
  -1.0025518702018132     
 -0.96096610808668914     
 -0.92185171470246097     
 -0.88527241121042199     
 -0.85128760727912356     
 -0.81995281026913158     
 -0.79131999635802197     
 -0.76543795057854669     
 -0.74235258071688226     
 -0.72210720857171729     
 -0.70474284105314511     
 -0.69029842288921472     
 -0.67881107222366921     
 -0.67031630006840159     
 -0.66484821437183617     
 -0.66243970934487706     
 -0.66312264062317072     
  -2.2784575707586359     
  -2.2602889651360125     
  -2.2228827142448377     
  -2.1742953281673518     
  -2.1188317146609319     
  -2.0590174074412815     
  -1.9964465386978150     
  -1.9321874599494706     
  -1.8669933605224640     
  -1.8014189882015570     
  -1.7358888435774633     
  -1.6707387999985632     
  -1.6062424501162986     
  -1.5426283084739509     
  -1.4800913461095213     
  -1.4188009058081921     
  -1.3589062467347488     
  -1.3005405024557035     
  -1.2438235575900187     
  -1.1888641762239409     
  -1.1357616061700364     
  -1.0846068123853063     
  -1.0354834459376998     
 -0.98846862317436734     
 -0.94363356789960162     
 -0.90104415409938476     
 -0.86076137593506363     
 -0.82284176399207709     
 -0.78733776119580989     
 -0.75429806777661590     
 -0.72376796175316682     
 -0.69578959930776729     
 -0.67040229793453221     
 -0.64764280419508902     
 -0.62754554720112399     
 -0.61014287847197868     
 -0.59546529852307284     
 -0.58354167037724802     
 -0.57439942011814271     
 -0.56806472459345181     
  -2.2881384478682767     
  -2.2701246105095239     
  -2.2330120262397664     
  -2.1847575271463251     
  -2.1296031368999970     
  -2.0700313978724698     
  -2.0076049773614830     
  -1.9433679396176000     
  -1.8780539783154997     
  -1.8122017572514937     
  -1.7462222638336236     
  -1.6804398880813882     
  -1.6151184001358070     
  -1.5504778846853309     
  -1.4867060677133515     
  -1.4239660606173332     
  -1.3624017566407167     
  -1.3021416556553351     
  -1.2433016180875256     
  -1.1859868788347621     
  -1.1302935442737256     
  -1.0763097254639040     
  -1.0241164141399490     
 -0.97378817653081751     
 -0.92539371822507777     
 -0.87899635795911768     
 -0.83465443726054411     
 -0.79242168498318333     
 -0.75234755002907960     
 -0.71447751136311921     
 -0.67885337137116042     
 -0.64551353639952214     
 -0.61449328673112480     
 -0.58582503714598377     
 -0.55953858846437732     
 -0.53566136999070102     
 -0.51421867249583930     
 -0.49523387124204904     
 -0.47872863852484127     
 -0.46472314524833586     
  -2.2989264644457075     
  -2.2810895108932701     
  -2.2443144071341390     
  -2.1964463161112486     
  -2.1416572177194166     
  -2.0823819285017824     
  -2.0201482380385851     
  -1.9559732866602741     
  -1.8905691262372961     
  -1.8244565250851044     
  -1.7580313934523304     
  -1.6916052723236568     
  -1.6254309140588801     
  -1.5597189329010546     
  -1.4946489146641890     
  -1.4303769836684495     
  -1.3670410459508548     
  -1.3047644755004228     
  -1.2436587390906950     
  -1.1838252878750031     
  -1.1253569377497326     
  -1.0683388914630272     
  -1.0128495094920631     
 -0.95896090543096024     
 -0.90673941989207685     
 -0.85624601152731250     
 -0.80753659269146494     
 -0.76066232918234977     
 -0.71566991753604237     
 -0.67260184894769171     
 -0.63149666562840878     
 -0.59238921301454994     
 -0.55531088951304042     
 -0.52028989424331140     
 -0.48735147240692261     
 -0.45651815738935470     
 -0.42781000840273309     
 -0.40124484235540037     
 -0.37683845863750970     
 -0.35460485560341282     
  -2.3108106653036953     
  -2.2931738548856790     
  -2.2567827784080214     
  -2.2093588898671030     
  -2.1549970637139655     
  -2.0960797775541038     
  -2.0340966396312243     
  -1.9700353158785462     
  -1.9045841307184430     
  -1.8382441810417463     
  -1.7713947489586086     
  -1.7043331546356446     
  -1.6372999164475877     
  -1.5704951065424382     
  -1.5040892392903138     
  -1.4382306600898056     
  -1.3730506353079071     
  -1.3086668992917285     
  -1.2451861478460537     
  -1.1827058031154465     
  -1.1213152705517642     
  -1.0610968408352295     
  -1.0021263444083091     
 -0.94447363541340890     
 -0.88820296025818590     
 -0.83337325063368750     
 -0.78003836959958328     
 -0.72824733105398454     
 -0.67804450669016403     
 -0.62946982985414524     
 -0.58255900217764767     
 -0.53734370620546557     
 -0.49385182527342936     
 -0.45210767047891925     
 -0.41213221360864272     
 -0.37394332425822280     
 -0.33755600902109889     
 -0.30298265047843687     
 -0.27023324373512403     
 -0.23931562837575920     
  -2.3237786634244539     
  -2.3063664400197639     
  -2.2704087790753285     
  -2.2234913509867162     
  -2.1696249799793117     
  -2.1111353321156638     
  -2.0494706578005775     
  -1.9855867001294556     
  -1.9201460440419307     
  -1.8536283842776220     
  -1.7863948424752569     
  -1.7187271413056977     
  -1.6508523244929119     
  -1.5829588111356228     
  -1.5152070640219744     
  -1.4477368049894030     
  -1.3806719572782673     
  -1.3141240582377021     
  -1.2481946243981288     
  -1.1829767898562116     
  -1.1185564369144987     
  -1.0550129716136989     
 -0.99241985257574228     
 -0.93084495131670908     
 -0.87035080094249406     
 -0.81099477484026472     
 -0.75282922569638677     
 -0.69590160667718959     
 -0.64025459010901720     
 -0.58592619396841328     
 -0.53294992259435625     
 -0.48135492502310595     
 -0.43116617205141594     
 -0.38240465142716606     
 -0.33508757934615735     
 -0.28922862561529394     
 -0.24483814935273310     
 -0.20192344187050471     
 -0.16048897336753881     
 -0.12053664020053710     
  -2.3378165681296914     
  -2.3206545792220648     
  -2.2851826229424126     
  -2.2388384949929918     
  -2.1855421621607141     
  -2.1275581673494717     
  -2.0662903732597955     
  -2.0026602716461483     
  -1.9373027850535569     
  -1.8706745328396470     
  -1.8031169706880328     
  -1.7348948455890869     
  -1.6662204595053407     
  -1.5972694205749278     
  -1.5281910976871527     
  -1.4591156730429899     
  -1.3901589490071078     
  -1.3214256379846760     
  -1.2530116084606953     
  -1.1850054030928552     
  -1.1174892453739449     
  -1.0505396869188515     
 -0.98422800450159398     
 -0.91862042658231813     
 -0.85377824836045513     
 -0.78975787936162256     
 -0.72661085633110045     
 -0.66438384557934771     
 -0.60311865215246707     
 -0.54285224780280950     
 -0.48361682540270950     
 -0.42543988397397642     
 -0.36834434575725056     
 -0.31234870461576691     
 -0.25746720347510843     
 -0.20371003737252089     
 -0.15108357796018179     
  -9.9590614913510817E-002
  -4.9230609577949856E-002
   4.3711389779819832E-008
  -2.3529089121122126     
  -2.3360240050925705     
  -2.3010929511532408     
  -2.2553935867546118     
  -2.2027483739198712     
  -2.1453566034442177     
  -2.0845748881569031     
  -2.0212882799323020     
  -1.9561022233435548     
  -1.8894486620269682     
  -1.8216479185639041     
  -1.7529463910898520     
  -1.6835403468797459     
  -1.6135913723108446     
  -1.5432366250391842     
  -1.4725957404141798     
  -1.4017755217719308     
  -1.3308731263890798     
  -1.2599782095260090     
  -1.1891743359676628     
  -1.1185398720942086     
  -1.0481485092552030     
 -0.97806952793291602     
 -0.90836788400464896     
 -0.83910417856079078     
 -0.77033455824396313     
 -0.70211058209889821     
 -0.63447908231023564     
 -0.56748203924069429     
 -0.50115648542630797     
 -0.43553444837359867     
 -0.37064293797726988     
 -0.30650398103983151     
 -0.24313470266298706     
 -0.18054745214529219     
 -0.11874996941524085     
  -5.7745586904479826E-002
   2.4665389316981894E-003
   6.1891172568657268E-002
  0.12053672698590635     
  -2.3690385787145680     
  -2.3524587736645981     
  -2.3181266822661430     
  -2.2731481311232637     
  -2.2212416137347315     
  -2.1645372451055978     
  -2.1043417161580971     
  -2.0415016124562704     
  -1.9765912134830708     
  -1.9100162786987278     
  -1.8420745843111823     
  -1.7729928221314655     
  -1.7029499105302892     
  -1.6320921476631118     
  -1.5605432767227700     
  -1.4884112684775637     
  -1.4157929209086797     
  -1.3427769682064823     
  -1.2694461486715880     
  -1.1958785326012438     
  -1.1221483181891545     
  -1.0483262437598058     
 -0.97447972539037797     
 -0.90067280240584047     
 -0.82696595463065914     
 -0.75341584170555920     
 -0.68007500439604696     
 -0.60699155949229489     
 -0.53420891293436779     
 -0.46176550978732400     
 -0.38969463441661767     
 -0.31802426956923413     
 -0.24677701901009294     
 -0.17597009488913123     
 -0.10561536812464198     
  -3.5719477780741568E-002
   3.3716006323759339E-002
  0.10269437474238653     
  0.17122353094657788     
  0.23931571325819154     
  -2.3861867308869544     
  -2.3699411693698456     
  -2.3362688622212966     
  -2.2920916410303764     
  -2.2410177752381144     
  -2.1851045088072381     
  -2.1256061523638876     
  -2.0633289849719589     
  -1.9988145865042550     
  -1.9324411386700673     
  -1.8644825322565379     
  -1.7951444269836299     
  -1.7245870667071914     
  -1.6529401413862066     
  -1.5803126836348136     
  -1.5067997542911742     
  -1.4324869838216845     
  -1.3574536395762578     
  -1.2817746530893588     
  -1.2055218979089406     
  -1.1287649189269864     
  -1.0515712573123781     
 -0.97400647825784292     
 -0.89613398422303658     
 -0.81801467948456252     
 -0.73970653964571231     
 -0.66126413045738586     
 -0.58273811269719533     
 -0.50417476324461608     
 -0.42561553648133271     
 -0.34709668454807546     
 -0.26864894974633580     
 -0.19029733751045566     
 -0.11206097395902188     
  -3.3953048142180087E-002
   4.4019164198045101E-002
  0.12185420119853316     
  0.19955624762827437     
  0.27713490904424842     
  0.35460493734513138     
  -2.4043327432854000     
  -2.3884516129803210     
  -2.3555025166499854     
  -2.3122114064290296     
  -2.2620703055758979     
  -2.2070601434256059     
  -2.1483806297372730     
  -2.0867961089546698     
  -2.0228141065154772     
  -1.9567839749484892     
  -1.8889544806284992     
  -1.8195089795622803     
  -1.7485877209723000     
  -1.6763024222557983     
  -1.6027460157413482     
  -1.5279992671049449     
  -1.4521352962836105     
  -1.3752226459552874     
  -1.2973273137916537     
  -1.2185140257363023     
  -1.1388469416371334     
  -1.0583899306585842     
 -0.97720651965097904     
 -0.89535959555758637     
 -0.81291092831506817     
 -0.72992057056697579     
 -0.64644618293980272     
 -0.56254232739490118     
 -0.47825976550538818     
 -0.39364479298416294     
 -0.30873863621346803     
 -0.22357693087175368     
 -0.13818929710579422     
  -5.2599020206655821E-002
   3.3177159404416776E-002
  0.11912914771632126     
  0.20525349501767681     
  0.29155329818943376     
  0.37803801787923885     
  0.46472322265736243     
  -2.4234541389812172     
  -2.4079685743240167     
  -2.3758085080436557     
  -2.3334922676083312     
  -2.2843898665198319     
  -2.2304027502863915     
  -2.1726740692968884     
  -2.1119248443748102     
  -2.0486274011772321     
  -1.9831011853622926     
  -1.9155687317797361     
  -1.8461899051879587     
  -1.7750836710993398     
  -1.7023423839914449     
  -1.6280414010449631     
  -1.5522456635025896     
  -1.4750142379591409     
  -1.3964034352752743     
  -1.3164689027577119     
  -1.2352669508111371     
  -1.1528552927076441     
  -1.0692933250717305     
 -0.98464204512203768     
 -0.89896368129765025     
 -0.81232110197572438     
 -0.72477705951925986     
 -0.63639332184659425     
 -0.54722973972097533     
 -0.45734329412244729     
 -0.36678716384085647     
 -0.27560984854922460     
 -0.18385437702930918     
  -9.1557624039569546E-002
   1.2502472308067085E-003
   9.4546206793884743E-002
  0.18831463962160028     
  0.28254748939659247     
  0.37724427115724768     
  0.47241196381438905     
  0.56806479654098829     
  -2.4435265322427608     
  -2.4284684915736516     
  -2.3971654003401253     
  -2.3559163965186727     
  -2.3079640032979096     
  -2.2551273090433912     
  -2.1984912319276346     
  -2.1387323468508117     
  -2.0762868757619830     
  -2.0114434891891730     
  -1.9443975532668105     
  -1.8752843763477034     
  -1.8042004180099191     
  -1.7312172835599382     
  -1.6563912158446048     
  -1.5797696662906944     
  -1.5013958971474268     
  -1.4213122034337520     
  -1.3395621275058032     
  -1.2561919087201443     
  -1.1712513309191237     
  -1.0847940817942336     
 -0.99687770901223594     
 -0.90756324120017728     
 -0.81691453290589289     
 -0.72499738840012717     
 -0.63187851750169366     
 -0.53762437592819157     
 -0.44229994187980953     
 -0.34596747888349921     
 -0.24868533189721101     
 -0.15050679911195305     
  -5.1479115848041435E-002
   4.8357420324492292E-002
  0.14897016220179621     
  0.25033465068690791     
  0.35243497330105206     
  0.45526394672608933     
  0.55882313322363475     
  0.66312270606005963     
  -2.4645235788199882     
  -2.4499256988860822     
  -2.4195493334931859     
  -2.3794630898218410     
  -2.3327768262992254     
  -2.2812247161862942     
  -2.2258320802809259     
  -2.1672302191295234     
  -2.1058186217098900     
  -2.0418545637733332     
  -1.9755055195630296     
  -1.9068813453629683     
  -1.8360548868529543     
  -1.7630756621944332     
  -1.6879792331229084     
  -1.6107937843885953     
  -1.5315448224334616     
  -1.4502585518231530     
  -1.3669642783418583     
  -1.2816960604449030     
  -1.1944937529041215     
  -1.1054035392500121     
  -1.0144780220058172     
 -0.92177592496412697     
 -0.82736145549225770     
 -0.73130337402818368     
 -0.63367382028493757     
 -0.53454694944450409     
 -0.43399743536617658     
 -0.33209890043328022     
 -0.22892233229073539     
 -0.12453454587624711     
  -1.8996744640728175E-002
   8.7636772170918878E-002
  0.19531971842707346     
  0.30401471902889898     
  0.41369398092985121     
  0.52433973249358756     
  0.63594443672656353     
  0.74851079276496546     
  -2.4864169351106558     
  -2.4723123641230385     
  -2.4429339105673917     
  -2.4041085774143691     
  -2.3588087109613038     
  -2.3086813433190034     
  -2.2546911598645356     
  -2.1974236778335898     
  -2.1372413319895998     
  -2.0743696738838180     
  -2.0089478261378448     
  -1.9410595226517551     
  -1.8707530613408490     
  -1.7980546438119072     
  -1.7229776124481411     
  -1.6455290434016228     
  -1.5657145658649640     
  -1.4835419368039968     
  -1.3990236962164302     
  -1.3121791030799101     
  -1.2230354749465824     
  -1.1316290069185240     
  -1.0380051182190928     
 -0.94221836053831354     
 -0.84433191777002825     
 -0.74441672885247878     
 -0.64255027195752279     
 -0.53881505733511537     
 -0.43329688596774873     
 -0.32608294023403428     
 -0.21725977963373486     
 -0.10691131819071742     
   4.8831402894208313E-003
  0.11805073763700136     
  0.23252670470199061     
  0.34825576215410009     
  0.46519324270042584     
  0.58330591444187097     
  0.70257250070293931     
  0.82298390600510751     
  -2.5091762275138523     
  -2.4955984383106267     
  -2.4672900998393086     
  -2.4298258501596757     
  -2.3860360212451073     
  -2.3374786226489364     
  -2.2850570090385340     
  -2.2293107474749756     
  -2.1705652371809392     
  -2.1090143087592037     
  -2.0447685903165405     
  -1.9778853121308277     
  -1.9083875368830006     
  -1.8362771065324270     
  -1.7615437130150502     
  -1.6841714902659941     
  -1.6041439594504752     
  -1.5214478296714762     
  -1.4360759575501238     
  -1.3480296456521446     
  -1.2573203818135412     
  -1.1639710723806864     
  -1.0680167928028845     
 -0.96950506341156850     
 -0.86849565321816025     
 -0.76505991785260274     
 -0.65927968747364518     
 -0.55124573481281347     
 -0.44105587056771312     
 -0.32881273110036241     
 -0.21462133972496003     
  -9.8586535787876420E-002
   1.9189626442584432E-002
  0.13861040552455081     
  0.25958672891392820     
  0.38203929077280901     
  0.50590032212560043     
  0.63111498500620911     
  0.75764236510476968     
  0.88545606003023103     
  -2.5327690331820309     
  -2.5197516183949764     
  -2.4925861542872729     
  -2.4565845104980659     
  -2.4144308621339352     
  -2.3675926673599808     
  -2.3169116082110537     
  -2.2628814948309066     
  -2.2057910779939394     
  -2.1458028444206465     
  -2.0829991568324546     
  -2.0174107194685256     
  -1.9490350023526166     
  -1.8778487264284447     
  -1.8038167124331528     
  -1.7268984317191796     
  -1.6470530558022272     
  -1.5642434843135933     
  -1.4784396376917135     
  -1.3896211786068589     
  -1.2977797463453118     
  -1.2029207356273481     
  -1.1050646170733467     
  -1.0042477761508837     
 -0.90052283845754388     
 -0.79395845020439648     
 -0.68463849270694566     
 -0.57266072739150420     
 -0.45813489169342392     
 -0.34118029409987843     
 -0.22192298575777583     
 -0.10049261342349000     
   2.2980919105841265E-002
  0.14837083942436591     
  0.27555679858993826     
  0.40442792697405128     
  0.53488553096320657     
  0.66684533341797014     
  0.80023919274903832     
  0.93501627010897104     
  -2.5571608732670699     
  -2.5447373247242115     
  -2.5187875507115725     
  -2.4843506494771477     
  -2.4439608665435082     
  -2.3989939346828328     
  -2.3502298790279053     
  -2.2981173178641661     
  -2.2429091318766221     
  -2.1847372518917654     
  -2.1236564303481043     
  -2.0596712545646252     
  -1.9927536669295911     
  -1.9228548992725287     
  -1.8499140188948997     
  -1.7738643672110872     
  -1.6946386569559406     
  -1.6121731910136214     
  -1.5264114792507852     
  -1.4373074089698021     
  -1.3448280426419799     
  -1.2489560587465791     
  -1.1496918100543443     
  -1.0470549447754860     
 -0.94108551819286279     
 -0.83184451554860461     
 -0.71941371138726939     
 -0.60389480651927752     
 -0.48540781087366136     
 -0.36408867735462830     
 -0.24008623573558319     
 -0.11355852267753987     
   1.5331350801884630E-002
  0.14641961506842929     
  0.27954633579460275     
  0.41455977161630142     
  0.55132038988472820     
  0.68970436145037062     
  0.82960639677154868     
  0.97094183673833256     
  -2.5823152196198702     
  -2.5705186945327356     
  -2.5458569505441471     
  -2.5130867535525199     
  -2.4745890218872089     
  -2.4316469394983180     
  -2.3849792447264049     
  -2.3349903043751361     
  -2.2818983133568769     
  -2.2258058753590628     
  -2.1667412624229021     
  -2.1046838569106621     
  -2.0395806577601614     
  -1.9713575567339037     
  -1.8999274748939252     
  -1.8251965845306999     
  -1.7470693559971231     
  -1.6654528826924462     
  -1.5802607596875400     
  -1.4914166741302262     
  -1.3988577825708386     
  -1.3025378874986213     
  -1.2024303752359959     
  -1.0985308365843218     
 -0.99085925960979770     
 -0.87946166182285956     
 -0.76441101891300345     
 -0.64580735169275694     
 -0.52377685414308817     
 -0.39846998444087617     
 -0.27005849668546339     
 -0.13873146036141537     
  -4.6903913579510364E-003
  0.13185630573105900     
  0.27069931900039473     
  0.41163452419419011     
  0.55446886587614053     
  0.69902571208410402     
  0.84514941540399746     
  0.99270888423040782     
  -2.6081935157476974     
  -2.5970565925233622     
  -2.5737541841804124     
  -2.5427516442443179     
  -2.5062735412882211     
  -2.4655100261813008     
  -2.4211192630203127     
  -2.3734626764086117     
  -2.3227253696853705     
  -2.2689823078895279     
  -2.2122369263087425     
  -2.1524448813420363     
  -2.0895294263937703     
  -2.0233919089252632     
  -1.9539193682510105     
  -1.8809904035723242     
  -1.8044800282546065     
  -1.7242639600080742     
  -1.6402226311683725     
  -1.5522450928128639     
  -1.4602329056846657     
  -1.3641040456043747     
  -1.2637967934304863     
  -1.1592735260220812     
  -1.0505242744127474     
 -0.93756987030286176     
 -0.82046446580812527     
 -0.69929718946530617     
 -0.57419269985016985     
 -0.44531042253694325     
 -0.31284231051853695     
 -0.17700905331093172     
  -3.8054771778686595E-002
  0.10375963528603836     
  0.24816419543565710     
  0.39488820503458610     
  0.54366871717653797     
  0.69425865302028533     
  0.84643404415774870     
  0.99999999999999623     
  -2.6347552126604215     
  -2.6243096394373375     
  -2.6024362603955375     
  -2.5733004533951624     
  -2.5389677840556448     
  -2.5005352060832000     
  -2.4586013428369453     
  -2.4134863369953479     
  -2.3653441950272129     
  -2.3142243958593895     
  -2.2601077192880474     
  -2.2029281918981005     
  -2.1425872170680944     
  -2.0789631658798413     
  -2.0119182922208023     
  -1.9413040831683153     
  -1.8669657374567725     
  -1.7887462217137187     
  -1.7064902051043729     
  -1.6200480744267416     
  -1.5292801588478333     
  -1.4340612316921755     
  -1.3342852970530790     
  -1.2298706063203639     
  -1.1207647818350350     
  -1.0069498525223881     
 -0.88844693333536906     
 -0.76532021372025971     
 -0.63767987023535777     
 -0.50568349732486406     
 -0.36953567108212176     
 -0.22948533457437767     
  -8.5820825403995868E-002
   6.1137446974409683E-002
  0.21104644051618993     
  0.36355156515138942     
  0.51829872973721669     
  0.67494652321495019     
  0.83317765652691633     
  0.99270886315510398     
  -2.6619578200479976     
  -2.6522342592737225     
  -2.6318574020944312     
  -2.6046846363567702     
  -2.5726202295330776     
  -2.5366680675293889     
  -2.4973685558733467     
  -2.4550025359619907     
  -2.4096952876795426     
  -2.3614734064185523     
  -2.3102977385959460     
  -2.2560834225547177     
  -2.1987126674891839     
  -2.1380433164039516     
  -2.0739149317730217     
  -2.0061534503707663     
  -1.9345750727608626     
  -1.8589898358322212     
  -1.7792051881387576     
  -1.6950298066900396     
  -1.6062778364106938     
  -1.5127736846044624     
  -1.4143574519023843     
  -1.3108910205681712     
  -1.2022647450851864     
  -1.0884045955566637     
 -0.96927949192898011     
 -0.84490844143293731     
 -0.71536696401802868     
 -0.58079217889838275     
 -0.44138585410361414     
 -0.29741471871606190     
 -0.14920743197527997     
   2.8521862161942245E-003
  0.15833573139950868     
  0.31678424600926591     
  0.47772489973299825     
  0.64068910349105457     
  0.80523057184616742     
  0.97094179489505017     
  -2.6897569730293598     
  -2.6807847455705129     
  -2.6619691092911903     
  -2.6368520249358935     
  -2.6071745077777115     
  -2.5738477644471947     
  -2.5373555532112730     
  -2.4979416711607074     
  -2.4557053753264579     
  -2.4106533947133433     
  -2.3627298826760290     
  -2.3118344746565405     
  -2.2578336318364469     
  -2.2005680729842618     
  -2.1398578976661686     
  -2.0755063725998593     
  -2.0073030098587017     
  -1.9350263757420842     
  -1.8584469634063707     
  -1.7773304033204311     
  -1.6914412511213484     
  -1.6005475676779128     
  -1.5044264795064857     
  -1.4028708686155875     
  -1.2956972791329664     
  -1.1827550338809132     
  -1.0639364192486171     
 -0.93918761707037979     
 -0.80851984093111395     
 -0.67201988605222074     
 -0.52985905674813993     
 -0.38229924098873780     
 -0.22969482089364057     
  -7.2489210653923289E-002
   8.8794841715432921E-002
  0.25357144224164135     
  0.42121364686089813     
  0.59107994612228709     
  0.76254277909194879     
  0.93501620810787944     
  -2.7181065145002408     
  -2.7099133468936021     
  -2.6927202498235752     
  -2.6697469213579743     
  -2.6425694897324963     
  -2.6120070887210529     
  -2.5784885960735311     
  -2.5422232404206211     
  -2.5032872329203659     
  -2.4616708087429204     
  -2.4173051338251890     
  -2.3700783307707720     
  -2.3198453347026780     
  -2.2664341241444195     
  -2.2096497819907235     
  -2.1492772703309746     
  -2.0850834963417277     
  -2.0168190824148948     
  -1.9442201703019799     
  -1.8670105533191095     
  -1.7849044234579192     
  -1.6976100287775169     
  -1.6048345499661312     
  -1.5062905121184869     
  -1.4017040348913798     
  -1.2908251742661658     
  -1.1734405019005132     
  -1.0493878816861106     
 -0.91857311843281753     
 -0.78098776127778302     
 -0.63672685582113853     
 -0.48600489918790368     
 -0.32916775208164939     
 -0.16669794278253511     
   7.8916030687433835E-004
  0.17256024927505176     
  0.34779076214959398     
  0.52560224172568826     
  0.70510713957085325     
  0.88545597877544613     
  -2.7469585928875535     
  -2.7395703714002382     
  -2.7240571778865945     
  -2.7033102338649808     
  -2.6787394386164789     
  -2.6510726300843355     
  -2.6206857081746020     
  -2.5877559576923130     
  -2.5523397161437638     
  -2.5144143691257534     
  -2.4739021802742567     
  -2.4306842718938633     
  -2.3846089812432387     
  -2.3354968676435206     
  -2.2831436645995993     
  -2.2273219578585040     
  -2.1677820968917736     
  -2.1042527047174766     
  -2.0364410851103214     
  -1.9640338093555927     
  -1.8866977820909576     
  -1.8040821288777409     
  -1.7158213103586983     
  -1.6215399414786533     
  -1.5208598675277707     
  -1.4134101029216826     
  -1.2988402447984171     
  -1.1768378904946188     
  -1.0471503622567275     
 -0.90961061319645664     
 -0.76416650029286604     
 -0.61091163873936916     
 -0.45011484205288299     
 -0.28224386634862408     
 -0.10797813674473344     
   7.1795174792205624E-002
  0.25600635559627577     
  0.44345152904936824     
  0.63286160151622783     
  0.82298380668150684     
  -2.7762637748944909     
  -2.7697043100556562     
  -2.7559238800234498     
  -2.7374796538619321     
  -2.7156142231894762     
  -2.6909650258066367     
  -2.6638569549964806     
  -2.6344380441614086     
  -2.6027480303380437     
  -2.5687552582145781     
  -2.5323774344606860     
  -2.4934935877089623     
  -2.4519509599962932     
  -2.4075688245889051     
  -2.3601403527447169     
  -2.3094331939946064     
  -2.2551891894346916     
  -2.1971235095992241     
  -2.1349234511317592     
  -2.0682471173198591     
  -1.9967222369091404     
  -1.9199454406752263     
  -1.8374824167578225     
  -1.7488695053494787     
  -1.6536174703048694     
  -1.5512183921906526     
  -1.4411568435854485     
  -1.3229266901918804     
  -1.1960549344985387     
  -1.0601338626960828     
 -0.91486220313808031     
 -0.76009485483158989     
 -0.59589881075305728     
 -0.42261011424586065     
 -0.24088326559509746     
  -5.1721161723650572E-002
  0.14352819880024048     
  0.34322038635328600     
  0.54551366484298802     
  0.74851067682091088     
  -2.8059711725973688     
  -2.8002619777903779     
  -2.7882621477504332     
  -2.7721898737780397     
  -2.7531195923654654     
  -2.7315993006415331     
  -2.7079048527162586     
  -2.6821577015144955     
  -2.6543842501391279     
  -2.6245476475217799     
  -2.5925654987760036     
  -2.5583198660949993     
  -2.5216627772707954     
  -2.4824189500822653     
  -2.4403866770075222     
  -2.3953374097013995     
  -2.3470143612667438     
  -2.2951303235557150     
  -2.2393648366810885     
  -2.1793608305045842     
  -2.1147208772799249     
  -2.0450032530938547     
  -1.9697181117520330     
  -1.8883242421656266     
  -1.8002271273083057     
  -1.7047793694443996     
  -1.6012850085541366     
  -1.4890098387481587     
  -1.3672004835731297     
  -1.2351156158473120     
  -1.0920730699610350     
 -0.93751628509242091     
 -0.77110190975016479     
 -0.59280668425924354     
 -0.40304512936282239     
 -0.20277992169056697     
   6.4044821997552067E-003
  0.22230314800929135     
  0.44220330193478541     
  0.66312257518627660     
  -2.8360285840365744     
  -2.8311886715970052     
  -2.8210117755248270     
  -2.8073728440301378     
  -2.7911775093816380     
  -2.7728852955018417     
  -2.7527249064710295     
  -2.7307937700826992     
  -2.7071080987970633     
  -2.6816295840711404     
  -2.6542801197333472     
  -2.6249499367213160     
  -2.5935018523212143     
  -2.5597730539894283     
  -2.5235751837722717     
  -2.4846931365818934     
  -2.4428827851629764     
  -2.3978677255006584     
  -2.3493350641542481     
  -2.2969302276493342     
  -2.2402507586803897     
  -2.1788390776908932     
  -2.1121742426995622     
  -2.0396628561156280     
  -1.9606294787538296     
  -1.8743072693020806     
  -1.7798301436488713     
  -1.6762286348051632     
  -1.5624329327203277     
  -1.4372883720578589     
  -1.2995908890819654     
  -1.1481523996014089     
 -0.98190784480303606     
 -0.80007509382369235     
 -0.60237298717517029     
 -0.38928730057505828     
 -0.16234510565095842     
   7.5685060490694803E-002
  0.32079366445547947     
  0.56806465264591111     
  -2.8663826462340642     
  -2.8624283442852709     
  -2.8541107823024872     
  -2.8429580666886145     
  -2.8297065424124814     
  -2.8147281811847771     
  -2.7982062742535723     
  -2.7802165693756615     
  -2.7607679883857239     
  -2.7398242450937955     
  -2.7173156560137017     
  -2.6931455232794232     
  -2.6671932780346790     
  -2.6393155198184663     
  -2.6093455459482553     
  -2.5770916662814458     
  -2.5423344202782618     
  -2.5048226954794384     
  -2.4642686590248406     
  -2.4203413408178149     
  -2.3726586406412480     
  -2.3207774700975166     
  -2.2641816880997467     
  -2.2022674593435378     
  -2.1343256874425469     
  -2.0595213027333168     
  -1.9768695169453310     
  -1.8852098607474335     
  -1.7831801700040362     
  -1.6691951044599820     
  -1.5414378601594065     
  -1.3978801731526207     
  -1.2363550180312788     
  -1.0547180833683094     
 -0.85114483124377904     
 -0.62461022194564164     
 -0.37556766693713012     
 -0.10674864973182867     
  0.17619063253759570     
  0.46472306783930567     
  -2.8969789993729838     
  -2.8939237923489656     
  -2.8874956544865511     
  -2.8788729226722278     
  -2.8686223071930477     
  -2.8570290512532801     
  -2.8442325491139648     
  -2.8302889127453930     
  -2.8152023131038493     
  -2.7989415567680100     
  -2.7814490654880299     
  -2.7626456295949602     
  -2.7424326112769846     
  -2.7206924564395902     
  -2.6972879493291821     
  -2.6720604042510518     
  -2.6448268375216761     
  -2.6153760524137555     
  -2.5834634740133833     
  -2.5488044730718888     
  -2.5110658056523123     
  -2.4698546575069655     
  -2.4247046076835734     
  -2.3750576042993981     
  -2.3202407693111078     
  -2.2594365214435510     
  -2.1916441576023273     
  -2.1156307572256594     
  -2.0298693033459316     
  -1.9324627636916887     
  -1.8210556094739772     
  -1.6927409351419236     
  -1.5439857138040218     
  -1.3706248654070985     
  -1.1680248947152121     
 -0.93159576310268266     
 -0.65792228702910438     
 -0.34681474465729367     
  -4.2955205132675003E-003
  0.35460477386169115     
  -2.9277624606952433     
  -2.9256168561543321     
  -2.9211016076528109     
  -2.9150430285627551     
  -2.9078379559308334     
  -2.8996855859817243     
  -2.8906826486580099     
  -2.8808672818593726     
  -2.8702409780747091     
  -2.8587801571433986     
  -2.8464423920254371     
  -2.8331696476658603     
  -2.8188897013022833     
  -2.8035163360351429     
  -2.7869485972937089     
  -2.7690692272930022     
  -2.7497422772953986     
  -2.7288098063367419     
  -2.7060874871665455     
  -2.6813588399519066     
  -2.6543676867017250     
  -2.6248082461103479     
  -2.5923120445100518     
  -2.5564304673021079     
  -2.5166112620573053     
  -2.4721665477340475     
  -2.4222287633529893     
  -2.3656893318088636     
  -2.3011123947787193     
  -2.2266125566581723     
  -2.1396810966298783     
  -2.0369402642979804     
  -1.9138031549164349     
  -1.7640269735119942     
  -1.5791967390504154     
  -1.3483301251255233     
  -1.0581965052375539     
 -0.69585119957036268     
 -0.25648948649092584     
  0.23931554349332462     
  -2.9586772065142926     
  -2.9574486304425918     
  -2.9548628640629064     
  -2.9513926184585477     
  -2.9472647055922754     
  -2.9425927771933740     
  -2.9374317972695478     
  -2.9318031406544840     
  -2.9257071360651414     
  -2.9191296670016813     
  -2.9120457063301655     
  -2.9044211331272831     
  -2.8962134973670755     
  -2.8873720668276581     
  -2.8778373158569517     
  -2.8675399130945647     
  -2.8563991952927799     
  -2.8443210561634742     
  -2.8311951195331075     
  -2.8168909941057407     
  -2.8012533107489959     
  -2.7840951060546444     
  -2.7651889131606278     
  -2.7442546125889815     
  -2.7209426157849625     
  -2.6948101884457007     
  -2.6652874695919384     
  -2.6316276443369921     
  -2.5928321130749219     
  -2.5475350909725005     
  -2.4938203818529283     
  -2.4289211709571044     
  -2.3487117848869294     
  -2.2468196415310580     
  -2.1130339323933489     
  -1.9304324594163547     
  -1.6703829873100127     
  -1.2852149954678669     
 -0.70488657055934345     
  0.12053655341516759     
  -2.9896669606063506     
  -2.9893596829549751     
  -2.9887129426550745     
  -2.9878449457021903     
  -2.9868123975984888     
  -2.9856437019554396     
  -2.9843525832398092     
  -2.9829443628667365     
  -2.9814190950672277     
  -2.9797732164566186     
  -2.9780004284393811     
  -2.9760921495900243     
  -2.9740377042920101     
  -2.9718243310204335     
  -2.9694370498562863     
  -2.9668584030294807     
  -2.9640680645725381     
  -2.9610423002703286     
  -2.9577532436511733     
  -2.9541679349361329     
  -2.9502470444293771     
  -2.9459431653488415     
  -2.9411985067297697     
  -2.9359417336661182     
  -2.9300835710209672     
  -2.9235105751914174     
  -2.9160761280694096     
  -2.9075871098864443     
  -2.8977836558807839     
  -2.8863074779733857     
  -2.8726505255945165     
  -2.8560680014689330     
  -2.8354211411609129     
  -2.8088610855168081     
  -2.7730739499521602     
  -2.7210329457403528     
  -2.6338650480253065     
  -2.4478308496536187     
  -1.9140933076575655     
  -1.3113416911741456E-007
