 -0.22256397590588481     
 -0.22114010824383387     
 -0.21832455079976509     
 -0.21490156383307893     
 -0.21134126172043757     
 -0.20795558680623857     
 -0.20497043631478756     
 -0.20256176148969290     
 -0.20087489256329327     
 -0.20003548686658854     
 -0.20015603615259808     
 -0.20133989700120400     
 -0.20368387829115367     
 -0.20727995599427229     
 -0.21221644270863768     
 -0.21857880663264861     
 -0.22645025937582486     
 -0.23591218782977960     
 -0.24704447863833945     
 -0.25992576725771832     
 -0.27463363309291805     
 -0.29124475538762085     
 -0.30983504004864088     
 -0.33047972456739777     
 -0.35325346614419478     
 -0.37823041670132046     
 -0.40548428747939791     
 -0.43508840521159392     
 -0.46711576137172345     
 -0.50163905563397237     
 -0.53873073442232999     
 -0.57846302523815862     
 -0.62090796731462272     
 -0.66613743904287404     
 -0.71422318253696304     
 -0.76523682564529749     
 -0.81924990167099565     
 -0.87633386702800020     
 -0.93656011703168951     
  -1.0000000000000000     
 -0.22261762944527186     
 -0.22119153877212749     
 -0.21837043690842553     
 -0.21493833716543539     
 -0.21136481115928893     
 -0.20796119697404289     
 -0.20495278450574303     
 -0.20251492907462582     
 -0.20079237891812396     
 -0.19991022255919458     
 -0.19998039461839040     
 -0.20110570465055544     
 -0.20338242317137223     
 -0.20690199515243851     
 -0.21175220838615183     
 -0.21801801140275243     
 -0.22578210032048629     
 -0.23512534984288036     
 -0.24612713693668037     
 -0.25886558917833125     
 -0.27341777925324806     
 -0.28985988028342130     
 -0.30826729216236470     
 -0.32871474605718959     
 -0.35127639218020595     
 -0.37602587451200958     
 -0.40303639516585754     
 -0.43238077038290312     
 -0.46413147964902723     
 -0.49836070906559116     
 -0.53514038984684054     
 -0.57454223262719273     
 -0.61663775812218491     
 -0.66149832458337043     
 -0.70919515240989695     
 -0.75979934622076506     
 -0.81338191464670773     
 -0.87001378806557395     
 -0.92976583447736705     
 -0.99270887369275973     
 -0.22276871274592672     
 -0.22133607721433046     
 -0.21849860533403645     
 -0.21503953683601149     
 -0.21142680293948229     
 -0.20796992570211004     
 -0.20489237407672420     
 -0.20236771889998459     
 -0.20053896695903092     
 -0.19952950561759231     
 -0.19944960381587892     
 -0.20040043605100183     
 -0.20247666398485992     
 -0.20576814599837287     
 -0.21036110202955793     
 -0.21633892830888699     
 -0.22378278132220028     
 -0.23277200618324503     
 -0.24338445793108132     
 -0.25569674773012119     
 -0.26978443545087977     
 -0.28572218330183319     
 -0.30358388068547454     
 -0.32344274743071622     
 -0.34537142049433167     
 -0.36944202780167090     
 -0.39572625190298927     
 -0.42429538542018586     
 -0.45522037975906954     
 -0.48857188820347963     
 -0.52442030424804831     
 -0.56283579583730348     
 -0.60388833604008019     
 -0.64764773058565817     
 -0.69418364261159060     
 -0.74356561491565853     
 -0.79586308996057098     
 -0.85114542784621638     
 -0.90948192243776016     
 -0.97094181581669503     
 -0.22301757255375704     
 -0.22157422481165912     
 -0.21870991721158436     
 -0.21520657330782200     
 -0.21152939489582898     
 -0.20798489292687788     
 -0.20479352134318474     
 -0.20212589848179432     
 -0.20012215105732470     
 -0.19890285378713729     
 -0.19857552221038907     
 -0.19923862854057256     
 -0.20098417593426365     
 -0.20389940152778413     
 -0.20806793545436311     
 -0.21357061032986779     
 -0.22048604044706280     
 -0.22889104580433167     
 -0.23886096945260471     
 -0.25046992012173713     
 -0.26379096159534832     
 -0.27889626349771302     
 -0.29585722365800066     
 -0.31474456919345051     
 -0.33562844139011222     
 -0.35857846803377830     
 -0.38366382584671671     
 -0.41095329498179123     
 -0.44051530702417796     
 -0.47241798759117620     
 -0.50672919436088282     
 -0.54351655117186726     
 -0.58284747869824527     
 -0.62478922210340015     
 -0.66940887600086552     
 -0.71677340699525116     
 -0.76694967403429626     
 -0.82000444677136686     
 -0.87600442211319740     
 -0.93501623910842879     
 -0.22336479261748288     
 -0.22190682013960819     
 -0.21900580482355875     
 -0.21544178522404392     
 -0.21167615898998274     
 -0.20801125850441646     
 -0.20466336095987989     
 -0.20179899813782054     
 -0.19955431247994865     
 -0.19804598902552165     
 -0.19737773656741139     
 -0.19764429213181911     
 -0.19893398507501492     
 -0.20133043113473947     
 -0.20491368344147698     
 -0.20976103478386501     
 -0.21594759023163099     
 -0.22354668515847329     
 -0.23263019710313010     
 -0.24326878340781291     
 -0.25553206609308021     
 -0.26948877862706233     
 -0.28520688474787059     
 -0.30275367647064744     
 -0.32219585634273890     
 -0.34359960757917990     
 -0.36703065470878377     
 -0.39255431665306095     
 -0.42023555365580101     
 -0.45013900911953225     
 -0.48232904714450175     
 -0.51686978637730163     
 -0.55382513063946714     
 -0.59325879670682335     
 -0.63523433953772501     
 -0.67981517519516588     
 -0.72706460166860309     
 -0.77704581777234538     
 -0.82982194027561629     
 -0.88545601940284191     
 -0.22381117830797287     
 -0.22233501994225927     
 -0.21938824369201521     
 -0.21574839829901024     
 -0.21187202243787495     
 -0.20805614070534853     
 -0.20451173652894214     
 -0.20140016803099550     
 -0.19885253674103662     
 -0.19698060856163221     
 -0.19588327961848473     
 -0.19565056615718548     
 -0.19636615575660626     
 -0.19810909008103722     
 -0.20095490585672421     
 -0.20497642808777419     
 -0.21024433442224921     
 -0.21682756559492139     
 -0.22479363032367200     
 -0.23420883657173105     
 -0.24513847062638161     
 -0.25764693865102045     
 -0.27179788086853512     
 -0.28765426550233614     
 -0.30527846752690169     
 -0.32473233584111455     
 -0.34607725146872753     
 -0.36937417867605521     
 -0.39468371038767602     
 -0.42206610891578916     
 -0.45158134275618794     
 -0.48328912001452606     
 -0.51724891889014313     
 -0.55352001554655861     
 -0.59216150962727965     
 -0.63323234762515412     
 -0.67679134427752630     
 -0.72289720213384212     
 -0.77160852942408431     
 -0.82298385634331028     
 -0.22435773538245357     
 -0.22286027267110922     
 -0.21985971404696042     
 -0.21613046855733989     
 -0.21212318641640326     
 -0.20812850366257249     
 -0.20435104953122360     
 -0.20094598074507564     
 -0.19803836136649827     
 -0.19573406874560295     
 -0.19412624021051897     
 -0.19329924521069297     
 -0.19333122108904205     
 -0.19429574241932812     
 -0.19626295012475592     
 -0.19930033400568642     
 -0.20347328732539771     
 -0.20884550822450104     
 -0.21547929626065052     
 -0.22343577595364247     
 -0.23277506878171414     
 -0.24355642829343763     
 -0.25583834850289572     
 -0.26967865270004315     
 -0.28513456772588702     
 -0.30226278731413098     
 -0.32111952708235098     
 -0.34176057303263374     
 -0.36424132490471611     
 -0.38861683535360020     
 -0.41494184565677461     
 -0.44327081846446215     
 -0.47365796796908322     
 -0.50615728777254931     
 -0.54082257666128863     
 -0.57770746245116278     
 -0.61686542403181421     
 -0.65834981171818163     
 -0.70221386600272473     
 -0.74851073479294106     
 -0.22500564321161093     
 -0.22348428511876925     
 -0.22042315222713424     
 -0.21659281072512043     
 -0.21243702348393187     
 -0.20823901532526362     
 -0.20419606864984272     
 -0.20045618208400739     
 -0.19713745750536260     
 -0.19433898600032076     
 -0.19214727127578207     
 -0.19064018091783885     
 -0.18988946434651982     
 -0.18996240686525290     
 -0.19092294535561316     
 -0.19283243872274561     
 -0.19575021139184670     
 -0.19973394441992154     
 -0.20483996241434696     
 -0.21112344809928174     
 -0.21863860597576087     
 -0.22743878975947621     
 -0.23757660378956189     
 -0.24910398556297503     
 -0.26207227445832071     
 -0.27653227025355537     
 -0.29253428401092674     
 -0.31012818316715263     
 -0.32936343213891583     
 -0.35028912937342166     
 -0.37295404149971767     
 -0.39740663503971957     
 -0.42369510599770316     
 -0.45186740754841331     
 -0.48197127597586858     
 -0.51405425496922075     
 -0.54816371835253497     
 -0.58434689130747686     
 -0.62265087013815423     
 -0.66312264062317072     
 -0.22575622287090616     
 -0.22420898264024341     
 -0.22108189271529852     
 -0.21714091278838213     
 -0.21282195514743232     
 -0.20839987788070785     
 -0.20406370209745217     
 -0.19995339349062263     
 -0.19617924971731737     
 -0.19283276030543925     
 -0.18999300234330654     
 -0.18773056775416860     
 -0.18611006126130553     
 -0.18519173755967158     
 -0.18503260233064983     
 -0.18568716951445388     
 -0.18720799268359159     
 -0.18964604481025713     
 -0.19305099448037058     
 -0.19747141034483143     
 -0.20295491525799636     
 -0.20954830482150533     
 -0.21729764057320744     
 -0.22624832502230907     
 -0.23644516363314957     
 -0.24793241738773203     
 -0.26075384851072997     
 -0.27495276118937506     
 -0.29057203857744779     
 -0.30765417697863745     
 -0.32624131781909094     
 -0.34637527781333438     
 -0.36809757758130862     
 -0.39144946887190080     
 -0.41647196047884572     
 -0.44320584288972575     
 -0.47169171168154100     
 -0.50196998966199990     
 -0.53408094775046389     
 -0.56806472459345181     
 -0.22661090057516295     
 -0.22503646355010820     
 -0.22183960164674482     
 -0.21778083793196570     
 -0.21328731128845127     
 -0.20862463298754841     
 -0.20397273606607172     
 -0.19946277013744626     
 -0.19519647909982243     
 -0.19125702768564695     
 -0.18771536459358446     
 -0.18463412269254773     
 -0.18207009504176408     
 -0.18007585391280584     
 -0.17870083622883898     
 -0.17799208693857493     
 -0.17799477757656998     
 -0.17875257394751815     
 -0.18030790080157061     
 -0.18270213522111331     
 -0.18597575017349566     
 -0.19016842299656231     
 -0.19531911912744321     
 -0.20146615835229842     
 -0.20864726875055886     
 -0.21689963202192372     
 -0.22625992282041910     
 -0.23676434394876930     
 -0.24844865870310306     
 -0.26134822124509899     
 -0.27549800557635307     
 -0.29093263346998222     
 -0.30768640155697274     
 -0.32579330765453463     
 -0.34528707634937683     
 -0.36620118380163913     
 -0.38856888170836701     
 -0.41242322035353013     
 -0.43779707067040563     
 -0.46472314524833586     
 -0.22757116700656324     
 -0.22596894837146161     
 -0.22270020275505462     
 -0.21851911525367537     
 -0.21384317341689998     
 -0.20892794451507141     
 -0.20394354288384606     
 -0.19901161934395292     
 -0.19422471567911354     
 -0.18965704912097975     
 -0.18537083761840845     
 -0.18142016986588877     
 -0.17785345763952584     
 -0.17471503574041045     
 -0.17204623136890415     
 -0.16988609330213919     
 -0.16827189736895376     
 -0.16723950169699583     
 -0.16682359934816127     
 -0.16705789995971998     
 -0.16797526184198983     
 -0.16960778935900553     
 -0.17198690599822533     
 -0.17514341051806598     
 -0.17910752145815759     
 -0.18390891380117852     
 -0.18957675049290973     
 -0.19613971073327754     
 -0.20362601636298844     
 -0.21206345723240197     
 -0.22147941611337174     
 -0.23190089347402038     
 -0.24335453226126486     
 -0.25586664271178328     
 -0.26946322712776627     
 -0.28417000450036062     
 -0.30001243483405121     
 -0.31701574301352570     
 -0.33520494205607398     
 -0.35460485560341282     
 -0.22863853314960875     
 -0.22700872469076919     
 -0.22366779683149471     
 -0.21936262081192767     
 -0.21450020395261635     
 -0.20932536179878497     
 -0.20399776288095758     
 -0.19862898451298414     
 -0.19330182666756113     
 -0.18808104413572466     
 -0.18301962807029332     
 -0.17816264266504817     
 -0.17354965226510619     
 -0.16921630165423845     
 -0.16519536931535184     
 -0.16151748259852408     
 -0.15821161033311468     
 -0.15530540575933330     
 -0.15282544705527043     
 -0.15079740692118662     
 -0.14924617264553369     
 -0.14819593154019195     
 -0.14767023226732559     
 -0.14769202959324315     
 -0.14828371801131263     
 -0.14946715817526526     
 -0.15126369898592218     
 -0.15369419735643053     
 -0.15677903706391683     
 -0.16053814762621285     
 -0.16499102378509853     
 -0.17015674590726282     
 -0.17605400141275881     
 -0.18270110719446098     
 -0.19011603289019385     
 -0.19831642480307915     
 -0.20731963022795671     
 -0.21714272192627709     
 -0.22780252249335128     
 -0.23931562837575920     
 -0.22981448330146223     
 -0.22815808844061219     
 -0.22474657587226196     
 -0.22031845070778780     
 -0.21526946393680307     
 -0.20983306669885723     
 -0.20415796433211772     
 -0.19834520024781854     
 -0.19246740777705607     
 -0.18657947804352218     
 -0.18072479125764293     
 -0.17493901673336049     
 -0.16925251338630248     
 -0.16369189012585617     
 -0.15828104341015500     
 -0.15304185912272875     
 -0.14799469311244939     
 -0.14315870250336921     
 -0.13855207459092811     
 -0.13419218455154452     
 -0.13009570331844994     
 -0.12627867055650294     
 -0.12275654338427339     
 -0.11954422855597745     
 -0.11665610374959665     
 -0.11410603211387638     
 -0.11190737311946669     
 -0.11007299191979193     
 -0.10861526877922985     
 -0.10754610962033359     
 -0.10687695834531877     
 -0.10661881127749442     
 -0.10678223382983058     
 -0.10737737932849009     
 -0.10841400978937692     
 -0.10990151835752764     
 -0.11184895306541955     
 -0.11426504154061932     
 -0.11715821628987269     
 -0.12053664020053710     
 -0.23110042597158348     
 -0.22941928248886601     
 -0.22594073316975893     
 -0.22139378802244217     
 -0.21616222174623492     
 -0.21046760798166159     
 -0.20444728615142024     
 -0.19819142470544790     
 -0.19176218526803157     
 -0.18520431242170096     
 -0.17855130745253375     
 -0.17182918815644327     
 -0.16505886142152679     
 -0.15825766378046374     
 -0.15144038411506114     
 -0.14461995351600843     
 -0.13780791517066854     
 -0.13101474541171637     
 -0.12425007212888386     
 -0.11752282142254258     
 -0.11084131370349354     
 -0.10421332417393291     
  -9.7646118452106412E-002
  -9.1146471247069052E-002
  -8.4720673975199154E-002
  -7.8374535743173490E-002
  -7.2113381019726808E-002
  -6.5942046465551823E-002
  -5.9864878714632003E-002
  -5.3885734355404676E-002
  -4.8007982917447276E-002
  -4.2234513310187079E-002
  -3.6567743871904757E-002
  -3.1009635960948318E-002
  -2.5561710849299289E-002
  -2.0225069554960583E-002
  -1.5000415167882973E-002
  -9.8880771782328021E-003
  -4.8880372997190122E-003
   4.3711389779819832E-008
 -0.23249764342004900     
 -0.23079443345718653     
 -0.22725437066902540     
 -0.22259576552716664     
 -0.21718975552041112     
 -0.21124562673302116     
 -0.20488906826360526     
 -0.19819915555715623     
 -0.19122739680201484     
 -0.18400822885247123     
 -0.17656512522113027     
 -0.16891431176974550     
 -0.16106711004864416     
 -0.15303145827832249     
 -0.14481292045759067     
 -0.13641536602998736     
 -0.12784143120571476     
 -0.11909283185799870     
 -0.11017057338868409     
 -0.10107508793899528     
  -9.1806319883068116E-002
  -8.2363774459292979E-002
  -7.2746540370341950E-002
  -6.2953294441905880E-002
  -5.2982294500379445E-002
  -4.2831365219183189E-002
  -3.2497880610442009E-002
  -2.1978745990347361E-002
  -1.1270381553114765E-002
  -3.6870910797818921E-004
   1.0730856958526887E-002
   2.2033413850683602E-002
   3.3544569369406939E-002
   4.5270435753049384E-002
   5.7217618582469494E-002
   6.9393201157079087E-002
   8.1804724875595924E-002
   9.4460166236691290E-002
  0.10736791111626938     
  0.12053672698590635     
 -0.23400724060884653     
 -0.23228548772318677     
 -0.22869140495742740     
 -0.22393132615339847     
 -0.21836315211387380     
 -0.21218357665265802     
 -0.20550647476162254     
 -0.19839973616210865     
 -0.19090415944985586     
 -0.18304383630002857     
 -0.17483218445976639     
 -0.16627561491328846     
 -0.15737584448308992     
 -0.14813139759575830     
 -0.13853860335028759     
 -0.12859226730951823     
 -0.11828612700555304     
 -0.10761315959399380     
  -9.6565786013221702E-002
  -8.5136001322139984E-002
  -7.3315451718713176E-002
  -6.1095472880248664E-002
  -4.8467100428836660E-002
  -3.5421060741272721E-002
  -2.1947748520744933E-002
  -8.0371962349410700E-003
   6.3209604806601909E-003
   2.1137518167971662E-002
   3.6423739041111146E-002
   5.2191380634034237E-002
   6.8452720141376835E-002
   8.5220572474135559E-002
  0.10250830147911030     
  0.12032982414307265     
  0.13869960791717809     
  0.15763266155266828     
  0.17714452003547163     
  0.19725122434696157     
  0.21796929686490110     
  0.23931571325819154     
 -0.23563009435437177     
 -0.23389414757884369     
 -0.23025547328398016     
 -0.22540708325458769     
 -0.21969310545141532     
 -0.21329744317134947     
 -0.20632211508233750     
 -0.19882385871223920     
 -0.19083283338765245     
 -0.18236287269153695     
 -0.17341743202428375     
 -0.16399320215536342     
 -0.15408238923859224     
 -0.14367419762441508     
 -0.13275581659112637     
 -0.12131308695739629     
 -0.10933095412050313     
  -9.6793774182386411E-002
  -8.3685516218869077E-002
  -6.9989889418970788E-002
  -5.5690414937117141E-002
  -4.0770456687106750E-002
  -2.5213221690703062E-002
  -9.0017382097739278E-003
   7.8811817333467142E-003
   2.5452990003654957E-002
   4.3731455611124785E-002
   6.2734719746945458E-002
   8.2481349406972895E-002
  0.10299038700349269     
  0.12428139392987603     
  0.14637448658148430     
  0.16929036384576981     
  0.19305032554586082     
  0.21767628174455655     
  0.24319075318009820     
  0.26961686340438168     
  0.29697832342491237     
  0.32529940981390892     
  0.35460493734513138     
 -0.23736680347205935     
 -0.23562180852215189     
 -0.23194984101376248     
 -0.22702918270837322     
 -0.22118971719196537     
 -0.21460246537444830     
 -0.20735766848967474     
 -0.19950107117744836     
 -0.19105238988944387     
 -0.18201541133996227     
 -0.17238384288235323     
 -0.16214486649299112     
 -0.15128138377955783     
 -0.13977347977574556     
 -0.12759940095864561     
 -0.11473621955987361     
 -0.10116028794057010     
  -8.6847547631992816E-002
  -7.1773734518191523E-002
  -5.5914507662195793E-002
  -3.9245520680404829E-002
  -2.1742449212756060E-002
  -3.3809846644625692E-003
   1.5863197751110544E-002
   3.6014490033605594E-002
   5.7097415792507142E-002
   7.9136703026162936E-002
  0.10215736085993803     
  0.12618475634595963     
  0.15124468795297022     
  0.17736345292202227     
  0.20456790623466858     
  0.23288550952498763     
  0.26234436884761181     
  0.29297326076980257     
  0.32480164676548773     
  0.35785967633483851     
  0.39217817964092039     
  0.42778865073749328     
  0.46472322265736243     
 -0.23921764069545035     
 -0.23746949864967323     
 -0.23377731191248594     
 -0.22880316889689398     
 -0.22286230259708165     
 -0.21611286470735505     
 -0.20863351714755207     
 -0.20045929487024722     
 -0.19159979220329845     
 -0.18204908279419646     
 -0.17179145960859843     
 -0.16080492233158103     
 -0.14906338412503492     
 -0.13653811572889460     
 -0.12319871600842212     
 -0.10901377673330943     
  -9.3951342296573315E-002
  -7.7979226656360326E-002
  -6.1065227131115417E-002
  -4.3177261031434627E-002
  -2.4283442775393033E-002
  -4.3521140155355215E-003
   1.6648163823806506E-002
   3.8748647089487338E-002
   6.1980471136391990E-002
   8.6374729539350451E-002
  0.11196256598341282     
  0.13877527385554728     
  0.16684439887419633     
  0.19620184046002329     
  0.22687994800267858     
  0.25891160872214530     
  0.29233032444828022     
  0.32717027532407339     
  0.36346636914399877     
  0.40125427573232031     
  0.44057044641232695     
  0.48145211918622793     
  0.52393731071461902     
  0.56806479654098829     
 -0.24118250713207925     
 -0.23943782109444992     
 -0.23574014262638426     
 -0.23073385656459652     
 -0.22471920445204663     
 -0.21784158438029841     
 -0.21016839299433895     
 -0.20172435936066652     
 -0.19250939778021001     
 -0.18250832253566776     
 -0.17169646279486292     
 -0.16004307517086402     
 -0.14751350789889239     
 -0.13407062362906885     
 -0.11967576299559253     
 -0.10428941213351428     
  -8.7871671572832183E-002
  -7.0382586282551826E-002
  -5.1782374431721540E-002
  -3.2031579063496490E-002
  -1.1091158740677740E-002
   1.1077471716269454E-002
   3.4512442206894145E-002
   5.9251463501747426E-002
   8.5331892861095562E-002
  0.11279082375549623     
  0.14166519438894004     
  0.17199190968309674     
  0.20380797135172338     
  0.23715061076378885     
  0.27205741951719942     
  0.30856647304780616     
  0.34671644317952538     
  0.38654669625674798     
  0.42809737434772116     
  0.47140945791378080     
  0.51652480924634070     
  0.56348619682599754     
  0.61233730150890819     
  0.66312270606005963     
 -0.24326088998754924     
 -0.24152690041694602     
 -0.23783996267337804     
 -0.23282521048692265     
 -0.22676761780182464     
 -0.21980004328185873     
 -0.21197904349745406     
 -0.20331956130824574     
 -0.19381239011900669     
 -0.18343365467136555     
 -0.17215028458089510     
 -0.15992334240641148     
 -0.14671013957832338     
 -0.13246563498032415     
 -0.11714339084987588     
 -0.10069624431099680     
  -8.3076788578541186E-002
  -6.4237721012914570E-002
  -4.4132093411824239E-002
  -2.2713486757139072E-002
   6.3875400687037417E-005
   2.4245065599374629E-002
   4.9874436668155574E-002
   7.6995646468517129E-002
  0.10565171875413200     
  0.13588513573773850     
  0.16773795760577945     
  0.20125196370741263     
  0.23646880961671760     
  0.27343019385138301     
  0.31217802782473209     
  0.35275460267518949     
  0.39520274698762475     
  0.43956597008800630     
  0.48588858651690597     
  0.53421581840208787     
  0.58459387367135351     
  0.63706999928277452     
  0.69169250981328811     
  0.74851079276496546     
 -0.24545182424741571     
 -0.24373633380664922     
 -0.24007770119338404     
 -0.23508023479023699     
 -0.22901342814111164     
 -0.22199790805384342     
 -0.21407992117254776     
 -0.20526525354126229     
 -0.19553624820144822     
 -0.18486102141268182     
 -0.17319877704458242     
 -0.16050303902882518     
 -0.14672371182170874     
 -0.13180845024785082     
 -0.11570360539792128     
  -9.8354899890970168E-002
  -7.9707923166742023E-002
  -5.9708501460101725E-002
  -3.8302975705088477E-002
  -1.5438407568087748E-002
   8.9372742484307051E-003
   3.4875180228044415E-002
   6.2425414473902575E-002
   9.1637074518173572E-002
  0.12255829414579192     
  0.15523632662183567     
  0.18971766496199455     
  0.22604819483021671     
  0.26427337447022881     
  0.30443843495219253     
  0.34658859310081225     
  0.39076926889905611     
  0.43702629902638163     
  0.48540613853769427     
  0.53595604351123893     
  0.58872422872971952     
  0.64375999600434064     
  0.70111383047150189     
  0.76083746394013174     
  0.82298390600510751     
 -0.24775385895450869     
 -0.24606514788926404     
 -0.24245352161934555     
 -0.23750087364405090     
 -0.23146106553827625     
 -0.22444288677542598     
 -0.21648290149805996     
 -0.20757847040698479     
 -0.19770426112581235     
 -0.18682116768943696     
 -0.17488144664723734     
 -0.16183184130258435     
 -0.14761557781453505     
 -0.13217369987306138     
 -0.11544600017293175     
  -9.7371696940400571E-002
  -7.7889942959261049E-002
  -5.6940219468674599E-002
  -3.4462646295892400E-002
  -1.0398226595369165E-002
   1.5310963643535017E-002
   4.2721636358391261E-002
   7.1889200664604219E-002
  0.10286772054163389     
  0.13570992150882666     
  0.17046724655674955     
  0.20718996059236383     
  0.24592730110281658     
  0.28672767083359146     
  0.32963886622624455     
  0.37470833339969578     
  0.42198344181746311     
  0.47151176466754618     
  0.52334135454792208     
  0.57752100338185208     
  0.63410047657919832     
  0.69313071321931929     
  0.75466398628743037     
  0.81875401952669691     
  0.88545606003023103     
 -0.25016502865776002     
 -0.24851176185980117     
 -0.24496676532696327     
 -0.24008792490207198     
 -0.23411337697829721     
 -0.22714054745313697     
 -0.21919703354430295     
 -0.21027259504308396     
 -0.20033509510949926     
 -0.18933908973933086     
 -0.17723076532896903     
 -0.16395094077124042     
 -0.14943698862160626     
 -0.13362412610756411     
 -0.11644632531200051     
  -9.7836985736386245E-002
  -7.7729453746917351E-002
  -5.6057439427909805E-002
  -3.2755360824759952E-002
  -7.7586326159686100E-003
   1.8996092198104528E-002
   4.7570724644259418E-002
   7.8025586957943469E-002
  0.11041930770854862     
  0.14480876911515980     
  0.18124911087624507     
  0.21979379393570475     
  0.26049472582055533     
  0.30340244665226729     
  0.34856637186338602     
  0.39603508432544077     
  0.44585666535375496     
  0.49807905126684182     
  0.55275040019110278     
  0.60991945289355376     
  0.66963587175588335     
  0.73195054358047196     
  0.79691583459087689     
  0.86458578946278419     
  0.93501627010897104     
 -0.25268283053824570     
 -0.25107395757623202     
 -0.24761590520134349     
 -0.24284096810020639     
 -0.23697151898130567     
 -0.23009416421674048     
 -0.22222832726791550     
 -0.21335707378100183     
 -0.20344241952465067     
 -0.19243355594236047     
 -0.18027156820898393     
 -0.16689230020015119     
 -0.15222818863961521     
 -0.13620949989722822     
 -0.11876520938266091     
  -9.9823661702983527E-002
  -7.9313093484508795E-002
  -5.7162068112736206E-002
  -3.3299851737254124E-002
  -7.6567470901860255E-003
   1.9835607020489140E-002
   4.9243968869147600E-002
   8.0633262482457405E-002
  0.11406638796445065     
  0.14960408179477416     
  0.18730483647745463     
  0.22722488878731770     
  0.26941828446749116     
  0.31393702456005201     
  0.36083129469917952     
  0.41014977390442331     
  0.46194001408102581     
  0.51624887610346348     
  0.57312300365118296     
  0.63260931250552266     
  0.69475547132400206     
  0.75961035029707524     
  0.82722441659720181     
  0.89765005987874946     
  0.97094183673833256     
 -0.25530420763994455     
 -0.25374885715281775     
 -0.25039850992421869     
 -0.24575830802901025     
 -0.24003487229279480     
 -0.23330459378083565     
 -0.22557958099863432     
 -0.21683718238755095     
 -0.20703459805606264     
 -0.19611670754045721     
 -0.18402054717627320     
 -0.17067802235956908     
 -0.15601764146488398     
 -0.13996568610488408     
 -0.12244704768656582     
 -0.10338586331972789     
  -8.2706030683313780E-002
  -6.0331650460226427E-002
  -3.6187425962535803E-002
  -1.0199037157853889E-002
   1.7706502438861196E-002
   4.7600504207646256E-002
   7.9552281812663467E-002
  0.11362885568921864     
  0.14989469652087758     
  0.18841152241516446     
  0.22923816611667067     
  0.27243052871616841     
  0.31804163461460877     
  0.36612179877827916     
  0.41671891157025620     
  0.46987883893477650     
  0.52564592703707336     
  0.58406359152037901     
  0.64517496345248793     
  0.70902355797238881     
  0.77565392863058391     
  0.84511227107866238     
  0.91744694417951467     
  0.99270888423040782     
 -0.25802553854770860     
 -0.25653290848797772     
 -0.25331121963763981     
 -0.24883693488718209     
 -0.24330098015108254     
 -0.23677018434998923     
 -0.22925025216668382     
 -0.22071384828048546     
 -0.21111445042515373     
 -0.20039374619156763     
 -0.18848584895810794     
 -0.17531984188317204     
 -0.16082139786988714     
 -0.14491386974837139     
 -0.12751906984929920     
 -0.10855786664576210     
  -8.7950675911562456E-002
  -6.5617894878920932E-002
  -4.1480310199753852E-002
  -1.5459498899767629E-002
   1.2521766887457363E-002
   4.2539107409527890E-002
   7.4666117080192870E-002
  0.10897394842293390     
  0.14553091165917970     
  0.18440210872479848     
  0.22564912507397381     
  0.26932980588886257     
  0.31549814453387304     
  0.36420430953409366     
  0.41549483141485483     
  0.46941296213559869     
  0.52599920782250265     
  0.58529202094085808     
  0.64732862252362100     
  0.71214591070902511     
  0.77978140098618820     
  0.85027413829995335     
  0.92366552283681325     
  0.99999999999999623     
 -0.26084263376430683     
 -0.25942187905002789     
 -0.25634973348090773     
 -0.25207250179379559     
 -0.24676551131970104     
 -0.24048671872347624     
 -0.23323637378644954     
 -0.22498353221528000     
 -0.21567908940136885     
 -0.20526271454409575     
 -0.19366678551437261     
 -0.18081874980290844     
 -0.16664261713438375     
 -0.15105995571781680     
 -0.13399059948915820     
 -0.11535318808067047     
  -9.5065614615691810E-002
  -7.3045429872986914E-002
  -4.9210235444815446E-002
  -2.3478088238724697E-002
   4.2320687445358942E-003
   3.3999940638728951E-002
   6.5903377261584378E-002
  0.10001783578318910     
  0.13641582055449866     
  0.17516631915675807     
  0.21633426220379176     
  0.25998004265105967     
  0.30615913724830546     
  0.35492187689128485     
  0.40631341237680291     
  0.46037391593775023     
  0.51713904592160298     
  0.57664068202637608     
  0.63890791294514304     
  0.70396822999590514     
  0.77184885363105460     
  0.84257809965590469     
  0.91618668313776219     
  0.99270886315510398     
 -0.26375073894341883     
 -0.26241085812682224     
 -0.25950880932905496     
 -0.25545932019271206     
 -0.25042224873001961     
 -0.24444739289691139     
 -0.23753051862642319     
 -0.22963817223102870     
 -0.22071983701380538     
 -0.21071437516352712     
 -0.19955366379643766     
 -0.18716475972570198     
 -0.17347125267601746     
 -0.15839415463477372     
 -0.14185251957236705     
 -0.12376390838826118     
 -0.10404477116704208     
  -8.2610794980280997E-002
  -5.9377251711077529E-002
  -3.4259372017420187E-002
  -7.1727659059534097E-003
   2.1966094226430168E-002
   5.3239316991016868E-002
   8.6726956575213038E-002
  0.12250630079340101     
  0.16065109476118938     
  0.20123072455630286     
  0.24430939951152975     
  0.28994538711677653     
  0.33819036905000743     
  0.38908899790099172     
  0.44267873828763821     
  0.49899006966766490     
  0.55804710822919990     
  0.61986867060393802     
  0.68446975460152637     
  0.75186335740005739     
  0.82206249911515750     
  0.89508228113013555     
  0.97094179489505017     
 -0.26674454503747619     
 -0.26549426762391787     
 -0.26278227588565956     
 -0.25899037342596659     
 -0.25426310421609416     
 -0.24864283096550371     
 -0.24212181235822572     
 -0.23466519186019999     
 -0.22622222296921948     
 -0.21673219217213885     
 -0.20612774098438955     
 -0.19433682391364576     
 -0.18128391268848751     
 -0.16689076805390440     
 -0.15107695870347321     
 -0.13376023401310005     
 -0.11485681843379773     
  -9.4281674363153378E-002
  -7.1948768925073070E-002
  -4.7771374049200975E-002
  -2.1662426085255898E-002
   6.4650306996019242E-003
   3.6697294262970588E-002
   6.9119329098501672E-002
  0.10381395056236790     
  0.14086086389161379     
  0.18033556606690099     
  0.22230813761358620     
  0.26684197596959341     
  0.31399255110104990     
  0.36380629478135751     
  0.41631976233334772     
  0.47155922239902143     
  0.52954082765755683     
  0.59027148884479741     
  0.65375051067066825     
  0.71997195300307293     
  0.78892756598346681     
  0.86061003669529801     
  0.93501620810787944     
 -0.26981820531970607     
 -0.26866588137211111     
 -0.26616305710262561     
 -0.26265734848723993     
 -0.25827815944361254     
 -0.25306113661162327     
 -0.24699599629150079     
 -0.24004757374774224     
 -0.23216606726518840     
 -0.22329241884334641     
 -0.21336131021459837     
 -0.20230290665434955     
 -0.19004390617325209     
 -0.17650818689873848     
 -0.16161721588973543     
 -0.14529031626062389     
 -0.12744485453767176     
 -0.10799639177025719     
  -8.6858832756076906E-002
  -6.3944604025234955E-002
  -3.9164890852973866E-002
  -1.2429965189790107E-002
   1.6350361073184903E-002
   4.7266120786437008E-002
   8.0406376805965379E-002
  0.11585817332943732     
  0.15370522750676396     
  0.19402635283519790     
  0.23689363452048631     
  0.28237041906489407     
  0.33050923593432907     
  0.38134983476989454     
  0.43491758834619587     
  0.49122256373675743     
  0.55025957998042807     
  0.61200952516663232     
  0.67644207953699820     
  0.74351978137344454     
  0.81320310687930719     
  0.88545597877544613     
 -0.27296535914009745     
 -0.27191885278088535     
 -0.26964320871742242     
 -0.26645068569551422     
 -0.26245573274270478     
 -0.25768798091325085     
 -0.25213553957105694     
 -0.24576399888962619     
 -0.23852564784780941     
 -0.23036429309090264     
 -0.22121792045818664     
 -0.21102022112807506     
 -0.19970148412330793     
 -0.18718911754427248     
 -0.17340794384451738     
 -0.15828035456641820     
 -0.14172637854793946     
 -0.12366370137177958     
 -0.10400766630685401     
  -8.2671284985129601E-002
  -5.9565287947622975E-002
  -3.4598250127884762E-002
  -7.6768337539324469E-003
   2.1293799582833523E-002
   5.2409345830208239E-002
   8.5765413289338274E-002
  0.12145619891203720     
  0.15957271257306610     
  0.20020049324097008     
  0.24341680067129365     
  0.28928733639106419     
  0.33786265438900348     
  0.38917456457776822     
  0.44323299742256972     
  0.50002395306165082     
  0.55950924576246508     
  0.62162869821228128     
  0.68630516505369143     
  0.75345224082946094     
  0.82298380668150684     
 -0.27617916217679184     
 -0.27524575055136269     
 -0.27321396651691304     
 -0.27035964575673171     
 -0.26678247115587433     
 -0.26250672564653743     
 -0.25751979994466484     
 -0.25178905069288338     
 -0.24526995289519404     
 -0.23791034127987884     
 -0.22965273253475976     
 -0.22043563433879601     
 -0.21019428440440344     
 -0.19886104984907754     
 -0.18636561296808435     
 -0.17263501593587988     
 -0.15759360868470021     
 -0.14116292943855768     
 -0.12326154052444178     
 -0.10380484050945617     
  -8.2704876324462218E-002
  -5.9870185582215560E-002
  -3.5205710012544043E-002
  -8.6128362631130544E-003
   2.0010359393412256E-002
   5.0768560829009608E-002
   8.3768226252386654E-002
  0.11911600868146754     
  0.15691640423898229     
  0.19726845004049789     
  0.24026133364387903     
  0.28596888210990529     
  0.33444309931325678     
  0.38570723631151455     
  0.43974930505273069     
  0.49651741702848085     
  0.55591869216631207     
  0.61782348199152071     
  0.68207597247556406     
  0.74851067682091088     
 -0.27945232284910093     
 -0.27863860204267454     
 -0.27686580575920411     
 -0.27437239341209718     
 -0.27124346661369764     
 -0.26749858068354820     
 -0.26312523141425859     
 -0.25809348198733378     
 -0.25236301591253585     
 -0.24588678904181738     
 -0.23861301117969291     
 -0.23048624242299884     
 -0.22144798676694319     
 -0.21143698012538104     
 -0.20038927880432519     
 -0.18823820721647980     
 -0.17491419810677275     
 -0.16034454456140029     
 -0.14445307576779745     
 -0.12715976569094706     
 -0.10838028479078678     
  -8.8025509824714118E-002
  -6.6001016607383889E-002
  -4.2206596987913340E-002
  -1.6535866578602388E-002
   1.1123933203769533E-002
   4.0891783478948222E-002
   7.2892162867925950E-002
  0.10725344130536164     
  0.14410499348648165     
  0.18357255511340559     
  0.22577132388133922     
  0.27079641483168088     
  0.31871062201225014     
  0.36953013995765460     
  0.42321005014970864     
  0.47963291889434573     
  0.53860537776262574     
  0.59986809725077173     
  0.66312257518627660     
 -0.28277714446746033     
 -0.28208894377116417     
 -0.28058851101385424     
 -0.27847609661022016     
 -0.27582239475925674     
 -0.27264279351537052     
 -0.26892563627325533     
 -0.26464454199887438     
 -0.25976433031470247     
 -0.25424407579996117     
 -0.24803875058851824     
 -0.24110011565818515     
 -0.23337718111418487     
 -0.22481639890493271     
 -0.21536167386977662     
 -0.20495423818109634     
 -0.19353241136427968     
 -0.18103125444839174     
 -0.16738211823225443     
 -0.15251208017874640     
 -0.13634326135350380     
 -0.11879201426720334     
  -9.9767975486327390E-002
  -7.9172985533570245E-002
  -5.6899896468274466E-002
  -3.2831320251935116E-002
  -6.8384269716223519E-003
   2.1220007035616946E-002
   5.1497960253120728E-002
   8.4161388890045999E-002
  0.11938548270802578     
  0.15734878085876025     
  0.19822263397134324     
  0.24215433039174150     
  0.28924254984605874     
  0.33950523527041426     
  0.39284322722703313     
  0.44900863180336426     
  0.50759417607916812     
  0.56806465264591111     
 -0.28614557261058193     
 -0.28558787841438554     
 -0.28437125551924713     
 -0.28265703989136348     
 -0.28050167456511366     
 -0.27791686837276430     
 -0.27489245822523178     
 -0.27140635914836841     
 -0.26742933857572615     
 -0.26292746752757074     
 -0.25786342794326417     
 -0.25219720870360923     
 -0.24588644743769317     
 -0.23888654787909833     
 -0.23115063913580311     
 -0.22262940919301982     
 -0.21327082499959482     
 -0.20301973838137935     
 -0.19181736715036241     
 -0.17960063220411415     
 -0.16630132308586421     
 -0.15184505591980321     
 -0.13614997891981506     
 -0.11912517266312550     
 -0.10066868728263087     
  -8.0665161430092502E-002
  -5.8982987530145969E-002
  -3.5471041411848508E-002
  -9.9551114578916057E-003
   1.7765608000301761E-002
   4.7921176325918254E-002
   8.0771224733857311E-002
  0.11660031393401883     
  0.15570411036761231     
  0.19836025445888480     
  0.24477640371955631     
  0.29500927162701673     
  0.34885719295468071     
  0.40575230381046240     
  0.46472306783930567     
 -0.28954924714222297     
 -0.28912613759325106     
 -0.28820268900685214     
 -0.28690075044050417     
 -0.28526264653203015     
 -0.28329681188438233     
 -0.28099511249459924     
 -0.27834037439950493     
 -0.27530998938507389     
 -0.27187775993044866     
 -0.26801487614661834     
 -0.26369042706189916     
 -0.25887163966232829     
 -0.25352394226985880     
 -0.24761090025521615     
 -0.24109404545419089     
 -0.23393260428818693     
 -0.22608311782877488     
 -0.21749893685399002     
 -0.20812956441190048     
 -0.19791980605117354     
 -0.18680867227311251     
 -0.17472795732741322     
 -0.16160039139043603     
 -0.14733722743301644     
 -0.13183507797443136     
 -0.11497176023531450     
  -9.6600845376332609E-002
  -7.6544554526594338E-002
  -5.4584643360420668E-002
  -3.0451065876043550E-002
  -3.8087157036387335E-003
   2.5756173710118672E-002
   5.8745560787652321E-002
   9.5745001332222218E-002
  0.13738467748550501     
  0.18422994444324570     
  0.23654761773064661     
  0.29389756490018232     
  0.35460477386169115     
 -0.29297955821062854     
 -0.29269414961759055     
 -0.29207103280823493     
 -0.29119213505647823     
 -0.29008576693475174     
 -0.28875740172012582     
 -0.28720134810124864     
 -0.28540581878108678     
 -0.28335535462784905     
 -0.28103206185507790     
 -0.27841626348215393     
 -0.27548683562506726     
 -0.27222135820978421     
 -0.26859614423666656     
 -0.26458617864897371     
 -0.26016497940285133     
 -0.25530438153136376     
 -0.24997423589433193     
 -0.24414200564053098     
 -0.23777223353164412     
 -0.23082584059308520     
 -0.22325919910869638     
 -0.21502289801363383     
 -0.20606008213607621     
 -0.19630419211899039     
 -0.18567584924864353     
 -0.17407850322154159     
 -0.16139226694991371     
 -0.14746506463059550     
 -0.13209976689497058     
 -0.11503532049665745     
  -9.5918965208954418E-002
  -7.4265576911981962E-002
  -4.9399592350057885E-002
  -2.0376945563166129E-002
   1.4104890610773054E-002
   5.5764658805924801E-002
  0.10661438503928405     
  0.16822882830961541     
  0.23931554349332462     
 -0.29642770551395031     
 -0.29628211130433985     
 -0.29596418094459970     
 -0.29551562610169363     
 -0.29495081529501749     
 -0.29427247422853781     
 -0.29347763680305378     
 -0.29256022769668749     
 -0.29151229647278903     
 -0.29032464639784572     
 -0.28898716438087751     
 -0.28748898977424547     
 -0.28581858785904057     
 -0.28396376038725729     
 -0.28191160857167968     
 -0.27964845432201180     
 -0.27715971922592486     
 -0.27442975569943884     
 -0.27144161963493135     
 -0.26817676776364990     
 -0.26461465474592166     
 -0.26073219324582803     
 -0.25650302270390490     
 -0.25189650555594728     
 -0.24687632711143870     
 -0.24139850648781142     
 -0.23540851168360266     
 -0.22883697661615621     
 -0.22159317444802243     
 -0.21355477834817013     
 -0.20455127425304873     
 -0.19433613765117819     
 -0.18253840692179518     
 -0.16857513535925181     
 -0.15148707210718881     
 -0.12961915543070299     
  -9.9979450204848122E-002
  -5.6923559637255858E-002
   1.0465689204642624E-002
  0.12053655341516759     
 -0.29988476006580167     
 -0.29988006291491975     
 -0.29986980580262840     
 -0.29985533434487482     
 -0.29983711202302443     
 -0.29981522670590066     
 -0.29978958263735028     
 -0.29975998375218194     
 -0.29972617348831071     
 -0.29968785507129392     
 -0.29964470215637717     
 -0.29959636427152619     
 -0.29954246918473670     
 -0.29948262323966263     
 -0.29941641015564258     
 -0.29934338847855407     
 -0.29926308766539361     
 -0.29917500262133156     
 -0.29907858634288725     
 -0.29897324012259835     
 -0.29885830050411044     
 -0.29873302179438460     
 -0.29859655236878141     
 -0.29844790212625705     
 -0.29828589706447722     
 -0.29810911469682200     
 -0.29791579029341508     
 -0.29770367752862908     
 -0.29746983583553332     
 -0.29721029625207079     
 -0.29691951903979397     
 -0.29658948180386535     
 -0.29620808814007743     
 -0.29575628151189332     
 -0.29520258917813286     
 -0.29449187702531077     
 -0.29350709853381446     
 -0.29160367436258189     
 -0.27747506948735490     
  -1.3113416911741456E-007
