  -7.2077641441758253E-002
  -7.1933721545555537E-002
  -7.1755148553705267E-002
  -7.1761350578702351E-002
  -7.2121617684577186E-002
  -7.2972256361121340E-002
  -7.4429126146265054E-002
  -7.6595265413805264E-002
  -7.9565440904881671E-002
  -8.3428907919175649E-002
  -8.8271129815741936E-002
  -9.4174880013497192E-002
 -0.10122096812049823     
 -0.10948873121085007     
 -0.11905637464548186     
 -0.13000121423128663     
 -0.14239985227222368     
 -0.15632830842953216     
 -0.17186211910543903     
 -0.18907641450890139     
 -0.20804597962241167     
 -0.22884530335754635     
 -0.25154861889696606     
 -0.27622993734614060     
 -0.30296307621739654     
 -0.33182168385134753     
 -0.36287926058742676     
 -0.39620917728719268     
 -0.43188469166523319     
 -0.46997896277514495     
 -0.51056506392005729     
 -0.55371599420002959     
 -0.59950468886647612     
 -0.64800402862236162     
 -0.69928684798327789     
 -0.75342594279654351     
 -0.81049407700160159     
 -0.87056398870415042     
 -0.93370839562779417     
  -1.0000000000000000     
  -7.2092303449331332E-002
  -7.1945368842315199E-002
  -7.1759677620651982E-002
  -7.1754829508647894E-002
  -7.2099813255354875E-002
  -7.2930481369225669E-002
  -7.4362184701488088E-002
  -7.6497432487474815E-002
  -7.9430455063421918E-002
  -8.3249969470055085E-002
  -8.8040901239174588E-002
  -9.3885487331184306E-002
 -0.10086400258578813     
 -0.10905525102701925     
 -0.11853690656908933     
 -0.12938575499166560     
 -0.14167786977687347     
 -0.15548874274656169     
 -0.17089338322666034     
 -0.18796639490469633     
 -0.20678203660409666     
 -0.22741427126568942     
 -0.24993680613554753     
 -0.27442312628294963     
 -0.30094652297085778     
 -0.32958011798324921     
 -0.36039688471991271     
 -0.39346966666100058     
 -0.42887119365460369     
 -0.46667409637317708     
 -0.50695091920660007     
 -0.54977413180254198     
 -0.59521613942269436     
 -0.64334929225210813     
 -0.69424589377536539     
 -0.74797820831546524     
 -0.80461846781758295     
 -0.86423887794914112     
 -0.92691162357913492     
 -0.99270887369275973     
  -7.2126462384437470E-002
  -7.1970605850671804E-002
  -7.1763818432386245E-002
  -7.1726182066459560E-002
  -7.2025769413809310E-002
  -7.2797067833284448E-002
  -7.4153903310516647E-002
  -7.6197201217959878E-002
  -7.9019587575216182E-002
  -8.2708170351186966E-002
  -8.7346267806251474E-002
  -9.3014514065507578E-002
  -9.9791586428913726E-002
 -0.10775469669675719     
 -0.11697993149102234     
 -0.12754249365389494     
 -0.13951687742598001     
 -0.15297699840338735     
 -0.16799629203568348     
 -0.18464778985202826     
 -0.20300417965215733     
 -0.22313785396037464     
 -0.24512094974580231     
 -0.26902538153408850     
 -0.29492286943238277     
 -0.32288496316979087     
 -0.35298306296065685     
 -0.38528843778888150     
 -0.41987224156192871     
 -0.45680552747542869     
 -0.49615926085113610     
 -0.53800433065394559     
 -0.58241155985172888     
 -0.62945171475071104     
 -0.67919551341593098     
 -0.73171363326885541     
 -0.78707671794089784     
 -0.84535538345128025     
 -0.90662022376956675     
 -0.97094181581669503     
  -7.2180609767534903E-002
  -7.2010072891238106E-002
  -7.1768557394068636E-002
  -7.1676922287737727E-002
  -7.1901717832756354E-002
  -7.2575171833133278E-002
  -7.3808589205867664E-002
  -7.5700278054929473E-002
  -7.8340214077764508E-002
  -8.1812847529856667E-002
  -8.6198842254348138E-002
  -9.1576185535391486E-002
  -9.8020916790819063E-002
 -0.10560761891359721     
 -0.11440975794981870     
 -0.12449992353990476     
 -0.13595000300438514     
 -0.14883131017167534     
 -0.16321468276705803     
 -0.17917055758505360     
 -0.19676902970354004     
 -0.21607990005102803     
 -0.23717271433768478     
 -0.26011679547828642     
 -0.28498127102854637     
 -0.31183509673408316     
 -0.34074707699446405     
 -0.37178588283418024     
 -0.40502006782186578     
 -0.44051808227073619     
 -0.47834828597480777     
 -0.51857895967841416     
 -0.56127831543482998     
 -0.60651450597915946     
 -0.65435563321799650     
 -0.70486975592148782     
 -0.75812489669075378     
 -0.81418904826397454     
 -0.87313017921699443     
 -0.93501623910842879     
  -7.2255571039457400E-002
  -7.2064840863913140E-002
  -7.1775536360396158E-002
  -7.1609562571068444E-002
  -7.1731355055198259E-002
  -7.2270015358775641E-002
  -7.3333364124180428E-002
  -7.5016093988477348E-002
  -7.7404520491844417E-002
  -8.0579424136093980E-002
  -8.4617804005542474E-002
  -8.9593993455251694E-002
  -9.5580390684934388E-002
 -0.10264795009792931     
 -0.11086652109550164     
 -0.12030508720188834     
 -0.13103193864359461     
 -0.14311479961356202     
 -0.15662092411744358     
 -0.17161716967236662     
 -0.18817005514724866     
 -0.20634580707551342     
 -0.22621039746232591     
 -0.24782957522009399     
 -0.27126889275458688     
 -0.29659372879814527     
 -0.32386930828673494     
 -0.35316071986481967     
 -0.38453293144990436     
 -0.41805080417923168     
 -0.45377910498214169     
 -0.49178251796440364     
 -0.53212565474929574     
 -0.57487306388999448     
 -0.62008923944581096     
 -0.66783862879870826     
 -0.71818563977471217     
 -0.77119464712607566     
 -0.82692999842351456     
 -0.88545601940284191     
  -7.2352490751744644E-002
  -7.2136392839019320E-002
  -7.1787025878917776E-002
  -7.1527574240116437E-002
  -7.1519785871819674E-002
  -7.1888807627713769E-002
  -7.2738058235179356E-002
  -7.4157665271989442E-002
  -7.6229324210647889E-002
  -7.9029184266380989E-002
  -8.2629620197181827E-002
  -8.7100355257501441E-002
  -9.2509194118742241E-002
  -9.8922514256668079E-002
 -0.10640560364920372     
 -0.11502289825884110     
 -0.12483815272131404     
 -0.13591456563534224     
 -0.14831487344762057     
 -0.16210142226439678     
 -0.17733622391871595     
 -0.19408100065070788     
 -0.21239722143997367     
 -0.23234613213338673     
 -0.25398878089428767     
 -0.27738604006832518     
 -0.30259862525752257     
 -0.32968711217825103     
 -0.35871195172429954     
 -0.38973348354518511     
 -0.42281194836982466     
 -0.45800749924798134     
 -0.49538021184032227     
 -0.53499009385804641     
 -0.57689709373164855     
 -0.62116110857314077     
 -0.66784199148522749     
 -0.71699955826328532     
 -0.76869359353058031     
 -0.82298385634331028     
  -7.2472812114323548E-002
  -7.2226598638646625E-002
  -7.1805888252152894E-002
  -7.1435333105966461E-002
  -7.1273445168032051E-002
  -7.1440636487521345E-002
  -7.2035063746412858E-002
  -7.3141401201135353E-002
  -7.4835827322974835E-002
  -7.7188962199802091E-002
  -8.0267660702391080E-002
  -8.4136143976158886E-002
  -8.8856735131647643E-002
  -9.4490350684702906E-002
 -0.10109683698259034     
 -0.10873520576213508     
 -0.11746380260614019     
 -0.12734042988267269     
 -0.13842243827448350     
 -0.15076679630257314     
 -0.16443014422242266     
 -0.17946883668479463     
 -0.19593897722394824     
 -0.21389644673188812     
 -0.23339692745285215     
 -0.25449592359548473     
 -0.27724877935135911     
 -0.30171069488837204     
 -0.32793674072965151     
 -0.35598187081499499     
 -0.38590093446002810     
 -0.41774868736945658     
 -0.45157980181872459     
 -0.48744887608855247     
 -0.52541044321590957     
 -0.56551897911054161     
 -0.60782891007641393     
 -0.65239461977100666     
 -0.69927045563131762     
 -0.74851073479294106     
  -7.2618251202777193E-002
  -7.2337682781566409E-002
  -7.1835530956409391E-002
  -7.1338050816781046E-002
  -7.0999999364393954E-002
  -7.0936331459085511E-002
  -7.1239150274910318E-002
  -7.1986861690471443E-002
  -7.3249305388403851E-002
  -7.5090750459297986E-002
  -7.7571712639060639E-002
  -8.0750095420347542E-002
  -8.4681928886003677E-002
  -8.9421861244228393E-002
  -9.5023493856722083E-002
 -0.10153961465023705     
 -0.10902236405691619     
 -0.11752335527644549     
 -0.12709376309264986     
 -0.13778439073113138     
 -0.14964572119502045     
 -0.16272795751401614     
 -0.17708105500168408     
 -0.19275474770264112     
 -0.20979857057888210     
 -0.22826187854062360     
 -0.24819386311191133     
 -0.26964356729556321     
 -0.29265989903946227     
 -0.31729164358881273     
 -0.34358747492425395     
 -0.37159596642488635     
 -0.40136560085196432     
 -0.43294477971865303     
 -0.46638183209040351     
 -0.50172502284665188     
 -0.53902256042575736     
 -0.57832260406993108     
 -0.61967327058428101     
 -0.66312264062317072     
  -7.2790766206353719E-002
  -7.2472186262593496E-002
  -7.1879851095746558E-002
  -7.1241692987547942E-002
  -7.0708228867945866E-002
  -7.0388300382325811E-002
  -7.0367244622921016E-002
  -7.0716468104393498E-002
  -7.1498736199289051E-002
  -7.2771232304838965E-002
  -7.4587401296089387E-002
  -7.6998101115154108E-002
  -8.0052345061238067E-002
  -8.3797793485261257E-002
  -8.8281087354702401E-002
  -9.3548079371872025E-002
  -9.9643997190383055E-002
 -0.10661356074119133     
 -0.11450106803322174     
 -0.12335045900483929     
 -0.13320536392983234     
 -0.14410914086538790     
 -0.15610490527878729     
 -0.16923555406719795     
 -0.18354378554419265     
 -0.19907211651477447     
 -0.21586289723802432     
 -0.23395832484386600     
 -0.25340045560168756     
 -0.27423121631584274     
 -0.29649241503398804     
 -0.32022575119002178     
 -0.34547282525771783     
 -0.37227514795933309     
 -0.40067414905199578     
 -0.43071118570090972     
 -0.46242755044028711     
 -0.49586447871888595     
 -0.53106315602586651     
 -0.56806472459345181     
  -7.2992522171316923E-002
  -7.2632922728068858E-002
  -7.1943171700450018E-002
  -7.1152885294366641E-002
  -7.0407893225697959E-002
  -6.9810342004822709E-002
  -6.9438178103410728E-002
  -6.9355171464867776E-002
  -6.9616373817152244E-002
  -7.0271245317723524E-002
  -7.1365525733390542E-002
  -7.2942397109320087E-002
  -7.5043229759720817E-002
  -7.7708074212031256E-002
  -8.0975993316192416E-002
  -8.4885291016317060E-002
  -8.9473672732555104E-002
  -9.4778359582109492E-002
 -0.10083617093690114     
 -0.10768358498661457     
 -0.11535678388322576     
 -0.12389168801527023     
 -0.13332398260076012     
 -0.14368913885743420     
 -0.15502243136026470     
 -0.16735895273596155     
 -0.18073362651307093     
 -0.19518121870529964     
 -0.21073634852904738     
 -0.22743349852624742     
 -0.24530702426832390     
 -0.26439116374773425     
 -0.28472004651389182     
 -0.30632770257557940     
 -0.32924807106870951     
 -0.35351500867370556     
 -0.37916229775869659     
 -0.40622365422142553     
 -0.43473273500290599     
 -0.46472314524833586     
  -7.3225851761168081E-002
  -7.2822929691906291E-002
  -7.2030170798820514E-002
  -7.1078808892663811E-002
  -7.0109580921354289E-002
  -6.9217437199349932E-002
  -6.8472405024859948E-002
  -6.7930082765118957E-002
  -6.7637273947429577E-002
  -6.7635183710408539E-002
  -6.7961318518029251E-002
  -6.8650660220576934E-002
  -6.9736415907866972E-002
  -7.1250510219826590E-002
  -7.3223916091940067E-002
  -7.5686881238529263E-002
  -7.8669085709574413E-002
  -8.2199752954150690E-002
  -8.6307729011702930E-002
  -9.1021539589093176E-002
  -9.6369431673965819E-002
 -0.10237940430005020     
 -0.10907923171569674     
 -0.11649648127142254     
 -0.12465852768697014     
 -0.13359256489036869     
 -0.14332561628146376     
 -0.15388454402193402     
 -0.16529605776756606     
 -0.17758672311942458     
 -0.19078296996675287     
 -0.20491110081762703     
 -0.21999729915748034     
 -0.23606763783604129     
 -0.25314808745644196     
 -0.27126452472343371     
 -0.29044274069851733     
 -0.31070844890648153     
 -0.33208729323881103     
 -0.35460485560341282     
  -7.3493212614708536E-002
  -7.3045415510206685E-002
  -7.2145804297325977E-002
  -7.1027086674465792E-002
  -6.9824545978847186E-002
  -6.8625521803993464E-002
  -6.7491696357686592E-002
  -6.6470070657811658E-002
  -6.5598777405705744E-002
  -6.4910347860461223E-002
  -6.4433640125482708E-002
  -6.4195024588499308E-002
  -6.4219137700421078E-002
  -6.4529374792940727E-002
  -6.5148219643928029E-002
  -6.6097468859144221E-002
  -6.7398386758178733E-002
  -6.9071813373703841E-002
  -7.1138240289257845E-002
  -7.3617864151148099E-002
  -7.6530624575497100E-002
  -7.9896231136152449E-002
  -8.3734182755525882E-002
  -8.8063781884036324E-002
  -9.2904145195191606E-002
  -9.8274212049342100E-002
 -0.10419275163085227     
 -0.11067836940301454     
 -0.11774951332777062     
 -0.12542448014679947     
 -0.13372142190561215     
 -0.14265835281515321     
 -0.15225315648036089     
 -0.16252359347789291     
 -0.17348730923238051     
 -0.18516184211935074     
 -0.19756463171101718     
 -0.21071302707647094     
 -0.22462429504869180     
 -0.23931562837575920     
  -7.3797141934004606E-002
  -7.3303702895733944E-002
  -7.2295223795711142E-002
  -7.1005662014193852E-002
  -6.9564533728289329E-002
  -6.8051244344102854E-002
  -6.6518812960641729E-002
  -6.5005332250847994E-002
  -6.3539959021062312E-002
  -6.2146250308394470E-002
  -6.0844119447337863E-002
  -5.9651032512790705E-002
  -5.8582765966733077E-002
  -5.7653900138182654E-002
  -5.6878147887094235E-002
  -5.6268577213605113E-002
  -5.5837763795260446E-002
  -5.5597896192947610E-002
  -5.5560848521906396E-002
  -5.5738230478751635E-002
  -5.6141421503396162E-002
  -5.6781593827949187E-002
  -5.7669727809560783E-002
  -5.8816622013624177E-002
  -6.0232899857063892E-002
  -6.1929014145267809E-002
  -6.3915250481929017E-002
  -6.6201730261418526E-002
  -6.8798413744416850E-002
  -7.1715103553865817E-002
  -7.4961448799584690E-002
  -7.8546949939125532E-002
  -8.2480964404636078E-002
  -8.6772712966899659E-002
  -9.1431286765309108E-002
  -9.6465654903738582E-002
 -0.10188467249481968     
 -0.10769708902693906     
 -0.11391155692746158     
 -0.12053664020053710     
  -7.4140208976317637E-002
  -7.3601169805651290E-002
  -7.2483690539191153E-002
  -7.1022671763488532E-002
  -6.9341598248854816E-002
  -6.7511712115122094E-002
  -6.5577163039995751E-002
  -6.3566943127510267E-002
  -6.1501049810086715E-002
  -5.9393888067367971E-002
  -5.7256252592320006E-002
  -5.5096534456387965E-002
  -5.2921482415765941E-002
  -5.0736697206024070E-002
  -4.8546959672376253E-002
  -4.6356452084992388E-002
  -4.4168908837298126E-002
  -4.1987719337950272E-002
  -3.9815997916250533E-002
  -3.7656630651638996E-002
  -3.5512305939660448E-002
  -3.3385533599226080E-002
  -3.1278655989587741E-002
  -2.9193853689988315E-002
  -2.7133147648281977E-002
  -2.5098399232992681E-002
  -2.3091309267715816E-002
  -2.1113416850729840E-002
  -1.9166098543098392E-002
  -1.7250568330914269E-002
  -1.5367878622525111E-002
  -1.3518922423728558E-002
  -1.1704436739113091E-002
  -9.9250071731121440E-003
  -8.1810736476399595E-003
  -6.4729371123287242E-003
  -4.8007670963991543E-003
  -3.1646099360921206E-003
  -1.5643975063971017E-003
   4.3711389779819832E-008
  -7.4524966156357564E-002
  -7.3941188576076886E-002
  -7.2716486768285155E-002
  -7.1086315341737830E-002
  -6.9167914126672239E-002
  -6.7024229276418407E-002
  -6.4690448743366977E-002
  -6.2186393005367407E-002
  -5.9522840632243619E-002
  -5.6704991560302197E-002
  -5.3734472736788011E-002
  -5.0610553775695788E-002
  -4.7330911526540669E-002
  -4.3892125303958904E-002
  -4.0290004924367143E-002
  -3.6519811352018781E-002
  -3.2576406267500642E-002
  -2.8454353360451129E-002
  -2.4147986125871476E-002
  -1.9651452043144078E-002
  -1.4958739944287237E-002
  -1.0063695401557989E-002
  -4.9600276588503498E-003
   3.5868925713944091E-004
   5.8990192354702094E-003
   1.1667669036249734E-002
   1.7671494298324528E-002
   2.3917505671428748E-002
   3.0412874371499185E-002
   3.7164936648243170E-002
   4.4181196816012298E-002
   5.1469328636985126E-002
   5.9037174962021946E-002
   6.6892745630746153E-002
   7.5044213709491173E-002
   8.3499910204806099E-002
   9.2268317432530042E-002
  0.10135806124960658     
  0.11077790236965759     
  0.12053672698590635     
  -7.4953899487327572E-002
  -7.4327064204637749E-002
  -7.2998825767320905E-002
  -7.1204721829050174E-002
  -6.9055585252341414E-002
  -6.6606030726287929E-002
  -6.3882306950728759E-002
  -6.0895113656519319E-002
  -5.7646075799299971E-002
  -5.4131260821532107E-002
  -5.0343204167236220E-002
  -4.6272132196554024E-002
  -4.1906729382447556E-002
  -3.7234634520758529E-002
  -3.2242769152851791E-002
  -2.6917558294716797E-002
  -2.1245079782647946E-002
  -1.5211164934054482E-002
  -8.8014651828135729E-003
  -2.0014944685650144E-003
   5.2033458766980508E-003
   1.2827754934937020E-002
   2.0886529153439727E-002
   2.9394565740951707E-002
   3.8366870398135897E-002
   4.7818567701183423E-002
   5.7764912786439596E-002
   6.8221303250081994E-002
   7.9203290402708695E-002
   9.0726589217046391E-002
  0.10280708648453168     
  0.11546084685602549     
  0.12870411658390971     
  0.14255332490671727     
  0.15702508312240349     
  0.17213618148177562     
  0.18790358409940022     
  0.20434442212613566     
  0.22147598545659339     
  0.23931571325819154     
  -7.5429379100816554E-002
  -7.4761972696866144E-002
  -7.3335761934557334E-002
  -7.1385817001505147E-002
  -6.9016453430967836E-002
  -6.6274015595806063E-002
  -6.3175949415544011E-002
  -5.9724005828120222E-002
  -5.5910845255765305E-002
  -5.1723599772869236E-002
  -4.7145913857654313E-002
  -4.2159172280275006E-002
  -3.6743268996232065E-002
  -3.0877104248947095E-002
  -2.4538913845787373E-002
  -1.7706490811076964E-002
  -1.0357335592585131E-002
  -2.4687573109983584E-003
   5.9820595011616682E-003
   1.5018013076254529E-002
   2.4662060900729053E-002
   3.4937209794967908E-002
   4.5866516068184968E-002
   5.7473093024665134E-002
   6.9780123635045876E-002
   8.2810876569258396E-002
   9.6588724079166535E-002
  0.11113716045822557     
  0.12647982001639346     
  0.14264049370430212     
  0.15964314370742003     
  0.17751191550996276     
  0.19627114709804930     
  0.21594537512893497     
  0.23655933803449192     
  0.25813797614918782     
  0.28070642905323734     
  0.30429003039911118     
  0.32891430054418347     
  0.35460493734513138     
  -7.5953610586475831E-002
  -7.5248900393751927E-002
  -7.3732102199877622E-002
  -7.1637192254122947E-002
  -6.9061909586962095E-002
  -6.6044484213261659E-002
  -6.2593807428179576E-002
  -5.8702971925797758E-002
  -5.4355983973154616E-002
  -4.9531359407497734E-002
  -4.4204173938915008E-002
  -3.8347293119727989E-002
  -3.1932141637964900E-002
  -2.4929201015729808E-002
  -1.7308340119758514E-002
  -9.0390386027411444E-003
  -9.0539182359743810E-005
   9.5680490720726104E-003
   1.9967682312969359E-002
   3.1139339035503713E-002
   4.3113996379574693E-002
   5.5922621070883791E-002
   6.9596171601770493E-002
   8.4165608975822079E-002
   9.9661913807753327E-002
  0.11611610788542766     
  0.13355927853119054     
  0.15202260428810310     
  0.17153738063015878     
  0.19213504456955177     
  0.21384719721554460     
  0.23670562352934932     
  0.26074230871436793     
  0.28598945087519700     
  0.31247946976487051     
  0.34024501161076698     
  0.36931895015926230     
  0.39973438420296703     
  0.43152463194957968     
  0.46472322265736243     
  -7.6528587882552970E-002
  -7.5790585185988552E-002
  -7.4192320100011894E-002
  -7.1965977334982736E-002
  -6.9202710316106891E-002
  -6.5932882351435962E-002
  -6.2157186121783489E-002
  -5.7860461153988262E-002
  -5.3018487109404745E-002
  -4.7601600591630898E-002
  -4.1576748249155165E-002
  -3.4908715275971738E-002
  -2.7560893367279980E-002
  -1.9495778416921496E-002
  -1.0675302459336115E-002
  -1.0610596914164010E-003
   9.3855379197703773E-003
   2.0703153698680608E-002
   3.2930454274241169E-002
   4.6106063618489734E-002
   6.0268537091371893E-002
   7.5456351245530018E-002
   9.1707906223557747E-002
  0.10906153822829190     
  0.12755553992996227     
  0.14722818690026207     
  0.16811776830494335     
  0.19026262019249959     
  0.21370115981968743     
  0.23847191957557992     
  0.26461357921523110     
  0.29216499529461870     
  0.32116522690677812     
  0.35165355704680429     
  0.38366950916964254     
  0.41725285873711287     
  0.45244363976758895     
  0.48928214659304126     
  0.52780893118620797     
  0.56806479654098829     
  -7.7156048427863444E-002
  -7.6389460495559114E-002
  -7.4720473786423894E-002
  -7.2378718764521496E-002
  -6.9448802468896023E-002
  -6.5953556477517342E-002
  -6.1885933418625319E-002
  -5.7223033648006690E-002
  -5.1932949278780900E-002
  -4.5978386927787745E-002
  -3.9318715810143047E-002
  -3.1911190520853297E-002
  -2.3711715396081089E-002
  -1.4675341209250983E-002
  -4.7565984357714813E-003
   6.0902735537864371E-003
   1.7911166382823331E-002
   3.0751990408510826E-002
   4.4658597094290202E-002
   5.9676727573904513E-002
   7.5851981849670722E-002
   9.3229804807047983E-002
  0.11185548625555318     
  0.13177417278425799     
  0.15303088951419255     
  0.17567056995068056     
  0.19973809216374200     
  0.22527831951092692     
  0.25233614410596733     
  0.28095653125804343     
  0.31118456317912174     
  0.34306548038968893     
  0.37664471944617273     
  0.41196794585849589     
  0.44908108134955360     
  0.48803032491202541     
  0.52886216742238579     
  0.57162339985856248     
  0.61636111542049243     
  0.66312270606005963     
  -7.7837431254929645E-002
  -7.7047602867622467E-002
  -7.5320129187768869E-002
  -7.2881265737852072E-002
  -6.9809158342738861E-002
  -6.6119523581198048E-002
  -6.1798128424328233E-002
  -5.6814949885668035E-002
  -5.1131035961445408E-002
  -4.4702117721548924E-002
  -3.7480643564697526E-002
  -2.9416991304195814E-002
  -2.0460226087425763E-002
  -1.0558594577294361E-002
   3.4014101429012228E-004
   1.2288470334642072E-002
   2.5338969356507340E-002
   3.9544181239402398E-002
   5.4956530922930062E-002
   7.1628265567793975E-002
   8.9611415850646775E-002
  0.10895777485731091     
  0.12971889232797781     
  0.15194608254123493     
  0.17569044434215436     
  0.20100289183303036     
  0.22793419413483301     
  0.25653502245725857     
  0.28685600253812360     
  0.31894777037179894     
  0.35286102907453276     
  0.38864660475405288     
  0.42635549937209605     
  0.46603893880969538     
  0.50774841465317733     
  0.55153571859170913     
  0.59745296872663700     
  0.64555262750807019     
  0.69588751140581417     
  0.74851079276496546     
  -7.8573838663222151E-002
  -7.7766683965673655E-002
  -7.5994289477882018E-002
  -7.3478665205903543E-002
  -7.0291623917615897E-002
  -6.6442258962318632E-002
  -6.1909793821073082E-002
  -5.6657791335284750E-002
  -5.0640994661189140E-002
  -4.3808910564184483E-002
  -3.6107820046834521E-002
  -2.7481974033598290E-002
  -1.7874341355037720E-002
  -7.2270982844380516E-003
   4.5180378082608089E-003
   1.7419572791053647E-002
   3.1536064367461827E-002
   4.6925994852418780E-002
   6.3647676021794358E-002
   8.1759178731406729E-002
  0.10131828293552862     
  0.12238244552107282     
  0.14500878441772794     
  0.16925407798487049     
  0.19517477886186652     
  0.22282704140106388     
  0.25226676156066646     
  0.28354962778543435     
  0.31673118100959258     
  0.35186688153768986     
  0.38901218024931494     
  0.42822259137761015     
  0.46955376406164273     
  0.51306154998486919     
  0.55880206468404681     
  0.60683174052509681     
  0.65720736985968942     
  0.70998613745351136     
  0.76522564186503061     
  0.82298390600510751     
  -7.9366002061259711E-002
  -7.8547927701344555E-002
  -7.6745331912512954E-002
  -7.4175067704597766E-002
  -7.0902782391940616E-002
  -6.6931505117719295E-002
  -6.2234636492037490E-002
  -5.6770117886523884E-002
  -5.0487212901350623E-002
  -4.3330042396484830E-002
  -3.5239560854058626E-002
  -2.6154729261737689E-002
  -1.6013248995961588E-002
  -4.7520438834655456E-003
   7.6924084090185113E-003
   2.1383838714319703E-002
   3.6386009379120260E-002
   5.2762578399000892E-002
   7.0576993062294022E-002
   8.9892406325489241E-002
  0.11077161215882475     
  0.13327699799384146     
  0.15747051355909503     
  0.18341365602245102     
  0.21116747159567587     
  0.24079257368174004     
  0.27234917732099906     
  0.30589714917949007     
  0.34149607168607710     
  0.37920531923760775     
  0.41908414373062364     
  0.46119176612246537     
  0.50558747034383444     
  0.55233069573229721     
  0.60148112426068134     
  0.65309875919527904     
  0.70724399240556579     
  0.76397765830290376     
  0.82336107323562835     
  0.88545606003023103     
  -8.0214252507460782E-002
  -7.9392073157817350E-002
  -7.7574952994643301E-002
  -7.4973645351751536E-002
  -7.1647835064930096E-002
  -6.7595104580664048E-002
  -6.2783820231955653E-002
  -5.7167167126215890E-002
  -5.0689829540083824E-002
  -4.3291457165213626E-002
  -3.4908595866005136E-002
  -2.5475830744022245E-002
  -1.4926501100711469E-002
  -3.1931714501691926E-003
   9.7920420890975201E-003
   2.4097234161405221E-002
   3.9790528894697329E-002
   5.6939935845762124E-002
   7.5613231903424338E-002
   9.5877862744887896E-002
  0.11780086056271885     
  0.14144877683651697     
  0.16688763027509876     
  0.19418287089232225     
  0.22339936159976675     
  0.25460137875210792     
  0.28785263279765000     
  0.32321630960003728     
  0.36075513215548455     
  0.40053144140334546     
  0.44260729371120611     
  0.48704457152351394     
  0.53390510271896585     
  0.58325078354453308     
  0.63514369967790241     
  0.68964624007042863     
  0.74682119874372299     
  0.80673186060475977     
  0.86944206850907546     
  0.93501627010897104     
  -8.1118496412911426E-002
  -8.0299343883646068E-002
  -7.8484122810595885E-002
  -7.5876523260859877E-002
  -7.2530501371315975E-002
  -6.8438859238740934E-002
  -6.3565773967168698E-002
  -5.7860599968529318E-002
  -5.1264405194654881E-002
  -4.3713347333829825E-002
  -3.5140547121709179E-002
  -2.5477194083052795E-002
  -1.4653237177953185E-002
  -2.5978404674584748E-003
   1.0760299129612197E-002
   2.5492717343585800E-002
   4.1670999529273049E-002
   5.9366630253622883E-002
   7.8650864348605451E-002
   9.9594613128196188E-002
  0.12226834268817596     
  0.14674198345786243     
  0.17308485179768601     
  0.20136558560308915     
  0.23165209664855621     
  0.26401154279276695     
  0.29851032314683945     
  0.33521409885963305     
  0.37418784129282179     
  0.41549590807577386     
  0.45920214592666925     
  0.50537001733537490     
  0.55406274640613817     
  0.60534347756427709     
  0.65927543965186086     
  0.71592210735002038     
  0.77534735197862403     
  0.83761557455188362     
  0.90279181542171949     
  0.97094183673833256     
  -8.2078196795566188E-002
  -8.1269424042962224E-002
  -7.9473049248851568E-002
  -7.6884725431589543E-002
  -7.3552939606721712E-002
  -6.9466418291366058E-002
  -6.4586038427730863E-002
  -5.8858296534027958E-002
  -5.2221656798133453E-002
  -4.4609815574060512E-002
  -3.5953505144510810E-002
  -2.6181554339236673E-002
  -1.5221549041407909E-002
  -3.0002675854373336E-003
   1.0556014624465549E-002
   2.5521298017970775E-002
   4.1969678075196623E-002
   5.9975192107451114E-002
   7.9611682295078257E-002
  0.10095266841348080     
  0.12407122692981155     
  0.14903987556887160     
  0.17593046436943943     
  0.20481407584167008     
  0.23576093813701340     
  0.26884035612194657     
  0.30412066582364761     
  0.34166921778302556     
  0.38155239430487159     
  0.42383566436672149     
  0.46858367803316514     
  0.51586039970922193     
  0.56572927665153294     
  0.61825343614033201     
  0.67349590197488152     
  0.73151981888826278     
  0.79238867243083999     
  0.85616649206425222     
  0.92291802667024470     
  0.99270888423040782     
  -8.3092360395875420E-002
  -8.2301441809852438E-002
  -8.0541152672315833E-002
  -7.7998135971179716E-002
  -7.4715689590826515E-002
  -7.0679196610198003E-002
  -6.5847153689269536E-002
  -6.0164205501243150E-002
  -5.3567260478174630E-002
  -4.5988621954015922E-002
  -3.7357710302218815E-002
  -2.7602070579507653E-002
  -1.6647996868897844E-002
  -4.4209420707605916E-003
   9.1541958259970697E-003
   2.4152859362876828E-002
   4.0650658533185502E-002
   5.8723220238524776E-002
   7.8446048537321025E-002
   9.9894388424777852E-002
  0.12314308902444293     
  0.14826646453093989     
  0.17533815338480616     
  0.20443097816702066     
  0.23561681063062739     
  0.26896644809839504     
  0.30454950902255684     
  0.34243435662969363     
  0.38268806001918354     
  0.42537640159723222     
  0.47056393810408648     
  0.51831411963096441     
  0.56868946699874900     
  0.62175180297612753     
  0.67756252757610280     
  0.73618292280059683     
  0.79767446849822843     
  0.86209914917540009     
  0.92951973210950145     
  0.99999999999999623     
  -8.4159530879570746E-002
  -8.3393960290530422E-002
  -8.1687051464668842E-002
  -7.9215476281742359E-002
  -7.6017638204202237E-002
  -7.2076324839556880E-002
  -6.7348589438941869E-002
  -6.1778249433857665E-002
  -5.5301726053526526E-002
  -4.7851020859629702E-002
  -3.9355344520429603E-002
  -2.9742063873157580E-002
  -1.8937284183010866E-002
  -6.8662278836052019E-003
   6.5465031055852406E-003
   2.1376731822653948E-002
   3.7700547648855762E-002
   5.5594165835322444E-002
   7.5133792808121186E-002
   9.6395488922995876E-002
  0.11945502315059525     
  0.14438771643546916     
  0.17126827259578339     
  0.20017059786150501     
  0.23116761261383734     
  0.26433106160555242     
  0.29973133181094341     
  0.33743728984646787     
  0.37751615325667515     
  0.42003341139690514     
  0.46505281162233530     
  0.51263642449911062     
  0.56284479743717575     
  0.61573719947520866     
  0.67137195135676297     
  0.72980682548983611     
  0.79109949132655311     
  0.85530797483811383     
  0.92249109766387993     
  0.99270886315510398     
  -8.5277788265553933E-002
  -8.4544976148266782E-002
  -8.2908558714487740E-002
  -8.0534298618638547E-002
  -7.7456008407429833E-002
  -7.3654632124380837E-002
  -6.9086719223925688E-002
  -6.3696287822853609E-002
  -5.7420345495825559E-002
  -5.0191690745064327E-002
  -4.1940437334097018E-002
  -3.2594893731770824E-002
  -2.2082097832571184E-002
  -1.0328159512835916E-002
   2.7415065452887299E-003
   1.7202010531258291E-002
   3.3128850940397150E-002
   5.0597793102655005E-002
   6.9684749843573687E-002
   9.0465654700187664E-002
  0.11301632032361417     
  0.13741227641935891     
  0.16372858326548309     
  0.19203961884638007     
  0.22241884020373254     
  0.25493852291187419     
  0.28966948669476844     
  0.32668082001334470     
  0.36603962163502174     
  0.40781078214167410     
  0.45205683213102815     
  0.49883788537037377     
  0.54821170313951684     
  0.60023389942372785     
  0.65495829505156433     
  0.71243741289252049     
  0.77272308772195242     
  0.83586714650861638     
  0.90192210165899445     
  0.97094179489505017     
  -8.6444754626794143E-002
  -8.5751925994452971E-002
  -8.4202690139270966E-002
  -8.1950996187836342E-002
  -7.9026372012058893E-002
  -7.5408661885775816E-002
  -7.1054839318782398E-002
  -6.5910138782698025E-002
  -5.9913216708088357E-002
  -5.2998758608098107E-002
  -4.5098888866739108E-002
  -3.6143976425382432E-002
  -2.6063117368879625E-002
  -1.4784436961941441E-002
  -2.2352881055623568E-003
   1.1657609573134926E-002
   2.6968062813492268E-002
   4.3770311890961568E-002
   6.2138938634585951E-002
   8.2148764654494805E-002
  0.10387473050775806     
  0.12739174732879896     
  0.15277451316023774     
  0.18009728726050103     
  0.20943361744829675     
  0.24085601848831337     
  0.27443560401854644     
  0.31024168085595549     
  0.34834132275226809     
  0.38879895046285690     
  0.43167595540445070     
  0.47703041353430681     
  0.52491694194210325     
  0.57538675002979189     
  0.62848792714926716     
  0.68426598732021726     
  0.74276465964110905     
  0.80402687419085273     
  0.86809585536981437     
  0.93501620810787944     
  -8.7657606021157089E-002
  -8.7011700496282179E-002
  -8.5565683187642516E-002
  -8.3460829708760953E-002
  -8.0722686126726506E-002
  -7.7330720584664711E-002
  -7.3243232206607917E-002
  -6.8407659510954399E-002
  -6.2765342932945417E-002
  -5.6253919830597438E-002
  -4.8808610863320549E-002
  -4.0362946974240761E-002
  -3.0849196483579932E-002
  -2.0198623574966830E-002
  -8.3416488541281225E-003
   4.7920474985080246E-003
   1.9273455004878339E-002
   3.5174177721568688E-002
   5.2566381837518578E-002
   7.1522735038638527E-002
   9.2116327065527637E-002
  0.11442056050879312     
  0.13850900011713385     
  0.16445516814672789     
  0.19233227304731668     
  0.22221285969132568     
  0.25416837220308547     
  0.28826862616651533     
  0.32458119652851708     
  0.36317074158709978     
  0.40409830213392045     
  0.44742063698796930     
  0.49318967886916437     
  0.54145221259909415     
  0.59224988357433006     
  0.64561962988267285     
  0.70159458945891862     
  0.76020546313324822     
  0.82148222437808027     
  0.88545597877544613     
  -8.8913090518503018E-002
  -8.8320666038983531E-002
  -8.6993027094256811E-002
  -8.5057970127095844E-002
  -8.2537352853115475E-002
  -7.9410958928693473E-002
  -7.5639274015646574E-002
  -7.1172884769514833E-002
  -6.5956807029540501E-002
  -5.9932652713655304E-002
  -5.3039785363568306E-002
  -4.5215964889610487E-002
  -3.6397717355831208E-002
  -2.6520548642668836E-002
  -1.5519065583656823E-002
  -3.3270407167454085E-003
   1.0122557312394561E-002
   2.4897552911656639E-002
   4.1066560959332823E-002
   5.8698982359551274E-002
   7.7864987275782144E-002
   9.8635474090231962E-002
  0.12108198973688036     
  0.14527659397947162     
  0.17129164679963055     
  0.19919949491447309     
  0.22907203153159572     
  0.26098010426547946     
  0.29499275177683471     
  0.33117626278196610     
  0.36959307441058747     
  0.41030056259505315     
  0.45334982522486450     
  0.49878461488770076     
  0.54664063117219908     
  0.59694541357585595     
  0.64971905906304583     
  0.70497589735508093     
  0.76272708072665640     
  0.82298380668150684     
  -9.0207552101534860E-002
  -8.9674693670015029E-002
  -8.8479503500693751E-002
  -8.6735556922851148E-002
  -8.4461301460443838E-002
  -8.1637484493113852E-002
  -7.8227584596258073E-002
  -7.4186221782023096E-002
  -6.9463018756060063E-002
  -6.4004525674670978E-002
  -5.7755238978062673E-002
  -5.0658161885748343E-002
  -4.2655116774807628E-002
  -3.3686914807638725E-002
  -2.3693438646982649E-002
  -1.2613669419494824E-002
  -3.8567634578501087E-004
   1.3053419153000205E-002
   2.7767496237989804E-002
   4.3821496703350983E-002
   6.1281488078615678E-002
   8.0214717540544031E-002
  0.10068964290444397     
  0.12277592188542216     
  0.14654433403384753     
  0.17206660130881737     
  0.19941506361609593     
  0.22866215601942402     
  0.25987962719398883     
  0.29313743828802313     
  0.32850229422003713     
  0.36603579433766531     
  0.40579225611273334     
  0.44781637160805632     
  0.49214100031053959     
  0.53878556296589308     
  0.58775562814682658     
  0.63904428942031466     
  0.69263570854552137     
  0.74851067682091088     
  -9.1536960132075559E-002
  -9.1069194945756382E-002
  -9.0019237099355512E-002
  -8.8485771226408466E-002
  -8.6484091929059342E-002
  -8.3996504249981230E-002
  -8.0990218271951547E-002
  -7.7424699076655737E-002
  -7.3255032075479704E-002
  -6.8433593665714471E-002
  -6.2910929013843125E-002
  -5.6636227776146554E-002
  -4.9557580677877779E-002
  -4.1622108029067836E-002
  -3.2776007777507381E-002
  -2.2964548890182516E-002
  -1.2132024402256898E-002
  -2.2167230658698078E-004
   1.2824430777182420E-002
   2.7065499595077428E-002
   4.2562190297579842E-002
   5.9376765435626831E-002
   7.7573265659403423E-002
   9.7217674476844582E-002
  0.11837805404291853     
  0.14112461759821154     
  0.16552968683610281     
  0.19166745943337130     
  0.21961348353072591     
  0.24944370470894334     
  0.28123292394711391     
  0.31505249632100313     
  0.35096713411548691     
  0.38903079037910065     
  0.42928183257427571     
  0.47173810347317263     
  0.51639299094562585     
  0.56321415725132284     
  0.61214678731839900     
  0.66312257518627660     
  -9.2896943992986619E-002
  -9.2499164199658701E-002
  -9.1605755608453063E-002
  -9.0299922732803031E-002
  -8.8594038428796484E-002
  -8.6472495039210923E-002
  -8.3906892662723248E-002
  -8.0862265948833251E-002
  -7.7299928379279556E-002
  -7.3178878930925451E-002
  -6.8456535891722611E-002
  -6.3089128577418982E-002
  -5.7031901198706013E-002
  -5.0239205095576056E-002
  -4.2664518477190091E-002
  -3.4260414000090479E-002
  -2.4978484364523292E-002
  -1.4769230275889205E-002
  -3.5819115716500287E-003
   8.6356399025519694E-003
   2.1937248358835433E-002
   3.6378666122072176E-002
   5.2017891858501752E-002
   6.8915534409862145E-002
   8.7135215846248573E-002
  0.10674399658805540     
  0.12781278691799774     
  0.15041667893843158     
  0.17463508595126734     
  0.20055150690229534     
  0.22825263841270899     
  0.25782643969335706     
  0.28935863746646123     
  0.32292709475294101     
  0.35859357297274808     
  0.39639288347195473     
  0.43632050884448498     
  0.47832167709918422     
  0.52228738490741644     
  0.56806465264591111     
  -9.4282832440034478E-002
  -9.3959226656052011E-002
  -9.3232058246922808E-002
  -9.2168549195791385E-002
  -9.0778350991420495E-002
  -8.9048399577664347E-002
  -8.6955252370155181E-002
  -8.4470138389362057E-002
  -8.1561260415925860E-002
  -7.8194929765556059E-002
  -7.4336154420117428E-002
  -6.9948948472046024E-002
  -6.4996487404318307E-002
  -5.9441170236815680E-002
  -5.3244619254327226E-002
  -4.6367632438794784E-002
  -3.8770095007706167E-002
  -3.0410851038355932E-002
  -2.1247532301288140E-002
  -1.1236338244676266E-002
  -3.3175809110289712E-004
   1.1513776998324978E-002
   2.4350326788325528E-002
   3.8230977794564920E-002
   5.3212501901011768E-002
   6.9356157006084745E-002
   8.6728642801858991E-002
  0.10540320750550716     
  0.12546086305682741     
  0.14699159052019048     
  0.17009527856400009     
  0.19488189996887706     
  0.22147005272374853     
  0.24998244838157485     
  0.28053627287066207     
  0.31322583854062047     
  0.34809532225648809     
  0.38510220381935001     
  0.42407986362328853     
  0.46472306783930567     
  -9.5689697128815296E-002
  -9.5443691727340574E-002
  -9.4890691750754930E-002
  -9.4081527091720324E-002
  -9.3023293354037112E-002
  -9.1705845196480062E-002
  -9.0111163743399225E-002
  -8.8217186536756975E-002
  -8.5999550640958669E-002
  -8.3432449500549496E-002
  -8.0489074574807140E-002
  -7.7141844757915412E-002
  -7.3362517621116147E-002
  -6.9122228209107475E-002
  -6.4391477938520153E-002
  -5.9140084042587963E-002
  -5.3337092983108965E-002
  -4.6950656534411675E-002
  -3.9947865423550666E-002
  -3.2294531662074188E-002
  -2.3954906438676996E-002
  -1.4891315131345251E-002
  -5.0636840814103339E-003
   5.5710753895899532E-003
   1.7059872351210641E-002
   2.9454493352215214E-002
   4.2812992996786772E-002
   5.7201521643472447E-002
   7.2696713059952039E-002
   8.9388757700904251E-002
  0.10738524163734574     
  0.12681566790595586     
  0.14783615730333272     
  0.17063289080804589     
  0.19542097199701980     
  0.22243195475274466     
  0.25187785563650955     
  0.28387315636105293     
  0.31829629260802339     
  0.35460477386169115     
  -9.7112399720415410E-002
  -9.6946610755471757E-002
  -9.6573832858797698E-002
  -9.6028191872121416E-002
  -9.5314354696916029E-002
  -9.4425382130279678E-002
  -9.3349036425493123E-002
  -9.2070357986573703E-002
  -9.0572836701199519E-002
  -8.8838986554517302E-002
  -8.6850640536976872E-002
  -8.4589102311560943E-002
  -8.2035217689645862E-002
  -7.9169396379240684E-002
  -7.5971598756516823E-002
  -7.2421294099595981E-002
  -6.8497391744913150E-002
  -6.4178143068765847E-002
  -5.9441009037583988E-002
  -5.4262484636374862E-002
  -4.8617867183019900E-002
  -4.2480949682559332E-002
  -3.5823612034260821E-002
  -2.8615270683830924E-002
  -2.0822129068051469E-002
  -1.2406143569686251E-002
  -3.3235774120499439E-003
   6.4770502235012390E-003
   1.7057912957816852E-002
   2.8496170083382615E-002
   4.0890276802188361E-002
   5.4369300292440519E-002
   6.9106602698922992E-002
   8.5339491051316690E-002
  0.10339586765483444     
  0.12372554829553931     
  0.14692229609157301     
  0.17368856552085452     
  0.20460290602046671     
  0.23931554349332462     
  -9.8545641916752427E-002
  -9.8461838392547518E-002
  -9.8273376098485798E-002
  -9.7997466076284165E-002
  -9.7636432779547144E-002
  -9.7186737862322681E-002
  -9.6642166922648612E-002
  -9.5995130644980553E-002
  -9.5237255857962777E-002
  -9.4359675118896952E-002
  -9.3353174940305303E-002
  -9.2208271531219951E-002
  -9.0915245820046689E-002
  -8.9464153041472094E-002
  -8.7844814195469037E-002
  -8.6046792429682772E-002
  -8.4059354791683846E-002
  -8.1871417861072493E-002
  -7.9471473957410013E-002
  -7.6847492538497417E-002
  -7.3986788669732143E-002
  -7.0875846563304382E-002
  -6.7500080412582750E-002
  -6.3843505880478893E-002
  -5.9888281611956723E-002
  -5.5614057492514225E-002
  -5.0997028715515764E-002
  -4.6008530317895119E-002
  -4.0612893383839811E-002
  -3.4764077950929527E-002
  -2.8400211043362548E-002
  -2.1434410373048121E-002
  -1.3738784135460548E-002
  -5.1154476031095098E-003
   4.7579911712420870E-003
   1.6434663623799819E-002
   3.0912127174609852E-002
   5.0073822665669857E-002
   7.7613649381333902E-002
  0.12053655341516759     
  -9.9984017733319400E-002
  -9.9983096761298088E-002
  -9.9981025621744074E-002
  -9.9977993453451805E-002
  -9.9974025797239019E-002
  -9.9969083764229388E-002
  -9.9963099056878738E-002
  -9.9955988267925344E-002
  -9.9947659375789089E-002
  -9.9938014926901270E-002
  -9.9926953664562820E-002
  -9.9914371361204762E-002
  -9.9900161203145141E-002
  -9.9884213895777632E-002
  -9.9866417569487428E-002
  -9.9846657519801985E-002
  -9.9824815786649035E-002
  -9.9800770556295521E-002
  -9.9774395349579548E-002
  -9.9745557937132440E-002
  -9.9714118892176809E-002
  -9.9679929648714416E-002
  -9.9642829869283731E-002
  -9.9602643828703014E-002
  -9.9559175365913147E-002
  -9.9512200706093804E-002
  -9.9461458039410033E-002
  -9.9406632031189573E-002
  -9.9347330183893412E-002
  -9.9283045690040511E-002
  -9.9213097133743239E-002
  -9.9136527108457703E-002
  -9.9051925285378581E-002
  -9.8957107596557806E-002
  -9.8848512130652960E-002
  -9.8720016594084151E-002
  -9.8560260857195631E-002
  -9.8326464054464061E-002
  -9.6516833458829443E-002
  -1.3113416911741456E-007
