  -6.7038075279600678E-002
  -6.6920926077969178E-002
  -6.6804604297910200E-002
  -6.6895271132354120E-002
  -6.7354340136954252E-002
  -6.8314095054429369E-002
  -6.9887272600702488E-002
  -7.2175485347151375E-002
  -7.5271924148782060E-002
  -7.9265331218617258E-002
  -8.4240204285174938E-002
  -9.0279165339319567E-002
  -9.7462334239106496E-002
 -0.10586904618156442     
 -0.11557695643947659     
 -0.12666343734300675     
 -0.13920462003936332     
 -0.15327659688288256     
 -0.16895448329302398     
 -0.18631347783920557     
 -0.20542798059388395     
 -0.22637253437558885     
 -0.24922101655668399     
 -0.27404747283705067     
 -0.30092539066388441     
 -0.32992843160281121     
 -0.36112979020506925     
 -0.39460282868896951     
 -0.43042052278010617     
 -0.46865600142233071     
 -0.50938207975978322     
 -0.55267170625778006     
 -0.59859758211000058     
 -0.64723251813559213     
 -0.69864913925195082     
 -0.75292015366276732     
 -0.81011814052427222     
 -0.87031573416704777     
 -0.93358549264545043     
  -1.0000000000000000     
  -6.7051937627205807E-002
  -6.6931586727072417E-002
  -6.6808366807353817E-002
  -6.6887811275868833E-002
  -6.7331815695868366E-002
  -6.8271439455403413E-002
  -6.9819662398451721E-002
  -7.2076833921105629E-002
  -7.5136322288357496E-002
  -7.9085637677257070E-002
  -8.4009412460638561E-002
  -8.9989080990987291E-002
  -9.7104857498294644E-002
 -0.10543493705532851     
 -0.11505702801238943     
 -0.12604741071889933     
 -0.13848222655267120     
 -0.15243652387411397     
 -0.16798538405510235     
 -0.18520300920578647     
 -0.20416371993651503     
 -0.22494110956868055     
 -0.24760892980982616     
 -0.27224032319917024     
 -0.29890860488778542     
 -0.32768657895765196     
 -0.35864722095449736     
 -0.39186308059123870     
 -0.42740686813004658     
 -0.46535094423137147     
 -0.50576781267181004     
 -0.54872969701835606     
 -0.59430894201968609     
 -0.64257767604105220     
 -0.69360812354808477     
 -0.74747235167072357     
 -0.80424249639486634     
 -0.86399059115449051     
 -0.92678870959724458     
 -0.99270887369275973     
  -6.7093286879717273E-002
  -6.6964186280604646E-002
  -6.6819590180554320E-002
  -6.6866329381246384E-002
  -6.7264610661738736E-002
  -6.8144902896597415E-002
  -6.9617913902772069E-002
  -7.1783144302124666E-002
  -7.4731646908957033E-002
  -7.8550016556013666E-002
  -8.3320607750066888E-002
  -8.9123902729720927E-002
  -9.6037890535155171E-002
 -0.10413978048993743     
 -0.11350511040139337     
 -0.12420913900993312     
 -0.13632589053195165     
 -0.14992935266028673     
 -0.16509254088924560     
 -0.18188855456722872     
 -0.20038969752407854     
 -0.22066841571810189     
 -0.24279649116973528     
 -0.26684587260057363     
 -0.29288795084011388     
 -0.32099428852091294     
 -0.35123598078460377     
 -0.38368428772737528     
 -0.41841008191219498     
 -0.45548438625638810     
 -0.49497790849671708     
 -0.53696148686856271     
 -0.58150571078586544     
 -0.62868127664727913     
 -0.67855869335358099     
 -0.73120855072660573     
 -0.78670130797907123     
 -0.84510747746317516     
 -0.90649749377498157     
 -0.97094181581669503     
  -6.7163022227201760E-002
  -6.7018968388777578E-002
  -6.6839660415203672E-002
  -6.6831955100067675E-002
  -6.7155340668616156E-002
  -6.7937274141664561E-002
  -6.9286699357246212E-002
  -7.1299775028403276E-002
  -7.4065617954795590E-002
  -7.7667477646978983E-002
  -8.2185725443022897E-002
  -8.7697550276954417E-002
  -9.4278930608306444E-002
 -0.10200384372309657     
 -0.11094578937356528     
 -0.12117685460625488     
 -0.13276899380484836     
 -0.14579307985169954     
 -0.16032002171588539     
 -0.17641985689934955     
 -0.19416274156062982     
 -0.21361810910778026     
 -0.23485554913417203     
 -0.25794404395975251     
 -0.28295274459268582     
 -0.30995029085850723     
 -0.33900548901463873     
 -0.37018671795130642     
 -0.40356251151011097     
 -0.43920105147756217     
 -0.47717065703626899     
 -0.51753936418730684     
 -0.56037532460966966     
 -0.60574647040741880     
 -0.65372082473623250     
 -0.70436625021247434     
 -0.75775067386677353     
 -0.81394191709311625     
 -0.87300783774626955     
 -0.93501623910842879     
  -6.7261557908744690E-002
  -6.7097394411934685E-002
  -6.6869816116257974E-002
  -6.6787579007934944E-002
  -6.7007314596887371E-002
  -6.7654136384770372E-002
  -6.8832771790962533E-002
  -7.0636499041644624E-002
  -7.3150073385631537E-002
  -7.6453765490511624E-002
  -8.0623618829270050E-002
  -8.5733815410590858E-002
  -9.1856071136753759E-002
  -9.9061337359749355E-002
 -0.10741891950444196     
 -0.11699785601245263     
 -0.12786597127098229     
 -0.14009106051133666     
 -0.15373996153839434     
 -0.16887959871242175     
 -0.18557611036587721     
 -0.20389577565127684     
 -0.22390421479166159     
 -0.24566721027947983     
 -0.26924998816874657     
 -0.29471793969414806     
 -0.32213598741585431     
 -0.35156921090775950     
 -0.38308229921490988     
 -0.41674008322784251     
 -0.45260707453834104     
 -0.49074790676049834     
 -0.53122695998502434     
 -0.57410871329055546     
 -0.61945745336540747     
 -0.66733754060721628     
 -0.71781319998660276     
 -0.77094870337216315     
 -0.82680824029311217     
 -0.88545601940284191     
  -6.7390416108577156E-002
  -6.7200527374479610E-002
  -6.6912697925397793E-002
  -6.6736265348442000E-002
  -6.6825992799634665E-002
  -6.7302309796438031E-002
  -6.8266299335851516E-002
  -6.9805964060763365E-002
  -7.2002149338140684E-002
  -7.4929817576341984E-002
  -7.8661053604759695E-002
  -8.3264791780353051E-002
  -8.8808775878582574E-002
  -9.5358785050794662E-002
 -0.10298014004344966     
 -0.11173678032854885     
 -0.12169252634611512     
 -0.13291014112989627     
 -0.14545243111357634     
 -0.15938134799047643     
 -0.17475896357862983     
 -0.19164663708514512     
 -0.21010588051628354     
 -0.23019760327300057     
 -0.25198287638937794     
 -0.27552226012647701     
 -0.30087647164986847     
 -0.32810579807390589     
 -0.35727067055778361     
 -0.38843116345573742     
 -0.42164747715592604     
 -0.45697952289408467     
 -0.49448731649203642     
 -0.53423064765403327     
 -0.57626938684330409     
 -0.62066323733382178     
 -0.66747195767098355     
 -0.71675519431063173     
 -0.76857262237755275     
 -0.82298385634331028     
  -6.7550606637879262E-002
  -6.7330596392957187E-002
  -6.6970743083710413E-002
  -6.6682737866582784E-002
  -6.6617401488873407E-002
  -6.6891214487683093E-002
  -6.7599285468410278E-002
  -6.8824893882915683E-002
  -7.0642681005560370E-002
  -7.3122763743903404E-002
  -7.6331055728290048E-002
  -8.0331628305101946E-002
  -8.5186132692826225E-002
  -9.0955481817838066E-002
  -9.7698986429201926E-002
 -0.10547571185651766     
 -0.11434354505848911     
 -0.12436035793267711     
 -0.13558309142250582     
 -0.14806877949156028     
 -0.16187368776727609     
 -0.17705422237174728     
 -0.19366614051183681     
 -0.21176535583390851     
 -0.23140722927942159     
 -0.25264727708489265     
 -0.27554054573050141     
 -0.30014222619700598     
 -0.32650711442208885     
 -0.35469013433381164     
 -0.38474588381992125     
 -0.41672906866567527     
 -0.45069413314303841     
 -0.48669560694841402     
 -0.52478781889189985     
 -0.56502515908462114     
 -0.60746187373007887     
 -0.65215224505859271     
 -0.69915046482812204     
 -0.74851073479294106     
  -6.7744190618385922E-002
  -6.7489385186123824E-002
  -6.7047697164671113E-002
  -6.6631780975129243E-002
  -6.6389531848422445E-002
  -6.6431271630018052E-002
  -6.6846808437681052E-002
  -6.7712461565763271E-002
  -6.9097234976265867E-002
  -7.1064232641715658E-002
  -7.3673684867698361E-002
  -7.6982720847655450E-002
  -8.1047310250866561E-002
  -8.5921514142362723E-002
  -9.1658965519653621E-002
  -9.8311965155474135E-002
 -0.10593271761424158     
 -0.11457240874718472     
 -0.12428228162609216     
 -0.13511275251058139     
 -0.14711436291470339     
 -0.16033695968573966     
 -0.17483054003835863     
 -0.19064450791060414     
 -0.20782842041481664     
 -0.22643132624439280     
 -0.24650241819181179     
 -0.26809045606997428     
 -0.29124432822163943     
 -0.31601255955672464     
 -0.34244378425612626     
 -0.37058633839027066     
 -0.40048864581348131     
 -0.43219889407759293     
 -0.46576533557809785     
 -0.50123604493665519     
 -0.53865913766831575     
 -0.57808260678573975     
 -0.61955446153538263     
 -0.66312264062317072     
  -6.7972673351956184E-002
  -6.7679760448355775E-002
  -6.7147013055704335E-002
  -6.6589675627918440E-002
  -6.6150737155442715E-002
  -6.5935190140208141E-002
  -6.6025388721234507E-002
  -6.6491373399391568E-002
  -6.7394405506099014E-002
  -6.8791175242601546E-002
  -7.0734206765672936E-002
  -7.3274210774886453E-002
  -7.6459543467744889E-002
  -8.0337861115202219E-002
  -8.4955280956790613E-002
  -9.0357707633371934E-002
  -9.6589920378169533E-002
 -0.10369670670658508     
 -0.11172196401899356     
 -0.12070969588444651     
 -0.13070316629765932     
 -0.14174578331774060     
 -0.15388032379579075     
 -0.16714971635684481     
 -0.18159634515458348     
 -0.19726273848063269     
 -0.21419095548781247     
 -0.23242318407282125     
 -0.25200121199720193     
 -0.27296693649374715     
 -0.29536191973212922     
 -0.31922781213297369     
 -0.34460599118373103     
 -0.37153790036714407     
 -0.40006476969116744     
 -0.43022787227383857     
 -0.46206832448059615     
 -0.49562726245610395     
 -0.53094571939089641     
 -0.56806472459345181     
  -6.8238530008469897E-002
  -6.7904077030219445E-002
  -6.7273317598488994E-002
  -6.6562602784029049E-002
  -6.5911068722664987E-002
  -6.5416343669790156E-002
  -6.5154134844788048E-002
  -6.5186177647879637E-002
  -6.5566708000908872E-002
  -6.6344050263555776E-002
  -6.7563665178832985E-002
  -6.9267980153813274E-002
  -7.1498305997689512E-002
  -7.4294121109771405E-002
  -7.7694518661656622E-002
  -8.1737327957989145E-002
  -8.6460316481782110E-002
  -9.1900289004962221E-002
  -9.8094131061380721E-002
 -0.10507794384468894     
 -0.11288796617870746     
 -0.12155977144264254     
 -0.13112908537197010     
 -0.14163105757011751     
 -0.15310098391151195     
 -0.16557365867152635     
 -0.17908400635657093     
 -0.19366651705070853     
 -0.20935579063424065     
 -0.22618605597355018     
 -0.24419162965147018     
 -0.26340651840729101     
 -0.28386479420902405     
 -0.30560027854815797     
 -0.32864683569626829     
 -0.35303813690057018     
 -0.37880787385303388     
 -0.40598960041984816     
 -0.43461686863062693     
 -0.46472314524833586     
  -6.8543623712802468E-002
  -6.8165662341855074E-002
  -6.7430828232807369E-002
  -6.6558024204618926E-002
  -6.5680672123923645E-002
  -6.4889980940558686E-002
  -6.4253079744866062E-002
  -6.3824238722744495E-002
  -6.3648800392427859E-002
  -6.3767489967604882E-002
  -6.4216919749757850E-002
  -6.5031927907373874E-002
  -6.6245083517186873E-002
  -6.7888306706915980E-002
  -6.9992061975731920E-002
  -7.2586647008828359E-002
  -7.5701306566725413E-002
  -7.9365329318765540E-002
  -8.3607172440912592E-002
  -8.8455423063152877E-002
  -9.3937972633257164E-002
 -0.10008286840901374     
 -0.10691755594390319     
 -0.11446963309918778     
 -0.12276616962869343     
 -0.13183437034598830     
 -0.14170097605110055     
 -0.15239283970053508     
 -0.16393641027434577     
 -0.17635822444784338     
 -0.18968447338965957     
 -0.20394141183203804     
 -0.21915500674993016     
 -0.23535126554730060     
 -0.25255596486338189     
 -0.27079489966456427     
 -0.29009368992942314     
 -0.31047795265733985     
 -0.33197318382035901     
 -0.35460485560341282     
  -6.8890685198241028E-002
  -6.8467250825831716E-002
  -6.7624768327146881E-002
  -6.6583103372988311E-002
  -6.5471058169671151E-002
  -6.4371598614952924E-002
  -6.3344238302678366E-002
  -6.2434009144910881E-002
  -6.1678253381287129E-002
  -6.1108403255560974E-002
  -6.0753046135746162E-002
  -6.0637822379494520E-002
  -6.0787310270557837E-002
  -6.1224351771344020E-002
  -6.1971459500488782E-002
  -6.3049971041148414E-002
  -6.4481210327161947E-002
  -6.6285614768828036E-002
  -6.8483739576438774E-002
  -7.1095416832484590E-002
  -7.4140640636495975E-002
  -7.7638784992725390E-002
  -8.1609387711832959E-002
  -8.6071440223535162E-002
  -9.1044079528348629E-002
  -9.6545956450886025E-002
 -0.10259584087257849     
 -0.10921207139176926     
 -0.11641307704440922     
 -0.12421690921616946     
 -0.13264168204319093     
 -0.14170518605280338     
 -0.15142524898218951     
 -0.16181942970092295     
 -0.17290530107450799     
 -0.18470022208578424     
 -0.19722154447938750     
 -0.21048646055442871     
 -0.22451213557270094     
 -0.23931562837575920     
  -6.9281768425676182E-002
  -6.8812417314758664E-002
  -6.7859815413568961E-002
  -6.6646027626463641E-002
  -6.5293516282085545E-002
  -6.3878078016736783E-002
  -6.2449937604617652E-002
  -6.1045906208706174E-002
  -5.9693732284535089E-002
  -5.8416509436433492E-002
  -5.7233289268590302E-002
  -5.6161398727315195E-002
  -5.5215999533541872E-002
  -5.4411667140107804E-002
  -5.3761624590617930E-002
  -5.3278987592965350E-002
  -5.2975912512975669E-002
  -5.2864650368119999E-002
  -5.2956700697407197E-002
  -5.3263732035471911E-002
  -5.3796781345836805E-002
  -5.4567067013436860E-002
  -5.5585252771130418E-002
  -5.6862166298609150E-002
  -5.8408137235720900E-002
  -6.0233628619696493E-002
  -6.2348653810319621E-002
  -6.4763325102047353E-002
  -6.7487351618904248E-002
  -7.0530507908508067E-002
  -7.3902213081663226E-002
  -7.7611921383864371E-002
  -8.1668781632373608E-002
  -8.6081951386269340E-002
  -9.0860334879327209E-002
  -9.6012822331120823E-002
 -0.10154810398119529     
 -0.10747483621155528     
 -0.11380152888234904     
 -0.12053664020053710     
  -6.9719676854797255E-002
  -6.9204053714130576E-002
  -6.8141460025518297E-002
  -6.6754462604917589E-002
  -6.5160320596158602E-002
  -6.3426075947780519E-002
  -6.1593794802203158E-002
  -5.9690578608815083E-002
  -5.7735664976697749E-002
  -5.5742403896335169E-002
  -5.3721329456494618E-002
  -5.1680132105045129E-002
  -4.9625504198224382E-002
  -4.7562515490458396E-002
  -4.5495974035652219E-002
  -4.3429621704494652E-002
  -4.1367249697331063E-002
  -3.9311861158343162E-002
  -3.7266631119642124E-002
  -3.5234095914492912E-002
  -3.3216995901833593E-002
  -3.1217518966704265E-002
  -2.9238044495787621E-002
  -2.7280454677269944E-002
  -2.5346789701621721E-002
  -2.3438634106988515E-002
  -2.1557689148055278E-002
  -1.9705237871706444E-002
  -1.7882638464701860E-002
  -1.6090869485670831E-002
  -1.4330946776963529E-002
  -1.2603548698332499E-002
  -1.0909358480253902E-002
  -9.2487681552521211E-003
  -7.6221478788497561E-003
  -6.0296264281260396E-003
  -4.4712889390219239E-003
  -2.9470312715221656E-003
  -1.4566877435537751E-003
   4.3711389779819832E-008
  -7.0206468998043337E-002
  -6.9645744979262333E-002
  -6.8474499840620442E-002
  -6.6916813379412132E-002
  -6.5083179661905952E-002
  -6.3033092723285708E-002
  -6.0799068601068144E-002
  -5.8399701511718374E-002
  -5.5844423645145316E-002
  -5.3137991130796841E-002
  -5.0281207298318059E-002
  -4.7273208160140821E-002
  -4.4111083137870655E-002
  -4.0791406383556536E-002
  -3.7309519730703990E-002
  -3.3660729312501567E-002
  -2.9839496223325650E-002
  -2.5840443468259089E-002
  -2.1657546706760043E-002
  -1.7285009314005471E-002
  -1.2716492952242392E-002
  -7.9458869987959167E-003
  -2.9665982182202387E-003
   2.2277718119244642E-003
   7.6440676433532761E-003
   1.3288986503204042E-002
   1.9169644132821583E-002
   2.5293060096939872E-002
   3.1666645560848021E-002
   3.8297763796980570E-002
   4.5194138886397998E-002
   5.2363488920389105E-002
   5.9813856097600433E-002
   6.7553310806597780E-002
   7.5590204730972624E-002
   8.3932944377999363E-002
   9.2590169640331399E-002
  0.10157059544146897     
  0.11088311876913121     
  0.12053672698590635     
  -7.0744824572387954E-002
  -7.0140300980482559E-002
  -6.8864337684807708E-002
  -6.7140728984485587E-002
  -6.5074379185600120E-002
  -6.2715904268968059E-002
  -6.0089568427725400E-002
  -5.7204271734451730E-002
  -5.4060915082282411E-002
  -5.0654561928214388E-002
  -4.6977499034385306E-002
  -4.3019286162358922E-002
  -3.8768553578569502E-002
  -3.4212434976818730E-002
  -2.9337877340184112E-002
  -2.4130886798797609E-002
  -1.8577594852441821E-002
  -1.2663465444961585E-002
  -6.3742074230584110E-003
   3.0499790919581347E-004
   7.3887000882281902E-003
   1.4891904383196101E-002
   2.2829372291045882E-002
   3.1216284824547299E-002
   4.0067629627891656E-002
   4.9398794585273284E-002
   5.9225034648289612E-002
   6.9561990969129711E-002
   8.0425232539980934E-002
   9.1830698284854476E-002
  0.10379430995941849     
  0.11633233641066454     
  0.12946107520215683     
  0.14319713973411607     
  0.15755720780597574     
  0.17255823348544930     
  0.18821726127999605     
  0.20455156552908543     
  0.22157852901988243     
  0.23931571325819154     
  -7.1336612261133317E-002
  -7.0691069378124957E-002
  -6.9315535954642127E-002
  -6.7434301120919027E-002
  -6.5145287747835748E-002
  -6.2491567878831193E-002
  -5.9488055721508067E-002
  -5.6135339458994772E-002
  -5.2424804041900384E-002
  -4.8343160388910442E-002
  -4.3873272920493644E-002
  -3.8996399280613027E-002
  -3.3691877182194241E-002
  -2.7938601505698390E-002
  -2.1714364986539416E-002
  -1.4997003024734000E-002
  -7.7636368380553968E-003
   8.3686316572860707E-006
   8.3421675981258173E-003
   1.7260605674695464E-002
   2.6786950063685085E-002
   3.6944166386212542E-002
   4.7755597300001049E-002
   5.9244330275628213E-002
   7.1433813988303563E-002
   8.4347308311459146E-002
   9.8008431748225239E-002
  0.11244068724070515     
  0.12766793628224268     
  0.14371399559534237     
  0.16060303545261312     
  0.17835924347463120     
  0.19700714641397546     
  0.21657133839989592     
  0.23707672701412080     
  0.25854832419805490     
  0.28101141877074520     
  0.30449142881427688     
  0.32901400376446593     
  0.35460493734513138     
  -7.1984189519739811E-002
  -7.1300535436345291E-002
  -6.9833050064470228E-002
  -6.7804635335462424E-002
  -6.5307438591472172E-002
  -6.2375919327846696E-002
  -5.9017096727645192E-002
  -5.5222366816270456E-002
  -5.0975052475505607E-002
  -4.6252723225916573E-002
  -4.1030219745161640E-002
  -3.5279779420015395E-002
  -2.8972775345329483E-002
  -2.2079213149929756E-002
  -1.4568985257247700E-002
  -6.4111767034920730E-003
   2.4249195851312084E-003
   1.1970540607558443E-002
   2.2256588734496832E-002
   3.3314355800619498E-002
   4.5174772936233842E-002
   5.7869095295502680E-002
   7.1428248697220281E-002
   8.5883461496080366E-002
  0.10126569752753126     
  0.11760622663272986     
  0.13493613617144973     
  0.15328683414364341     
  0.17268963287277278     
  0.19317618037005277     
  0.21477811085640183     
  0.23752740169187808     
  0.26145608657209757     
  0.28659653713640387     
  0.31298123592076293     
  0.34064298352989986     
  0.36961472956003660     
  0.39992970775563058     
  0.43162132392990821     
  0.46472322265736243     
  -7.2689044461204749E-002
  -7.1971566543040447E-002
  -7.0420857220098179E-002
  -6.8258986420539652E-002
  -6.5571110890507697E-002
  -6.2384523459383098E-002
  -5.8697542239543973E-002
  -5.4493915392692202E-002
  -4.9748226519627625E-002
  -4.4430416615444661E-002
  -3.8506701008426007E-002
  -3.1941745157901089E-002
  -2.4698419379574205E-002
  -1.6739214097532793E-002
  -8.0256461065291648E-003
   1.4806510458505980E-003
   1.1818620769968089E-002
   2.3026874390197336E-002
   3.5144395964049703E-002
   4.8209760431343375E-002
   6.2261813376667328E-002
   7.7338992997277825E-002
   9.3479967769112868E-002
  0.11072304991809295     
  0.12910678111131055     
  0.14866942889037540     
  0.16944951319818563     
  0.19148537838300400     
  0.21481565462030383     
  0.23947889862727412     
  0.26551398519226549     
  0.29295981051659942     
  0.32185561063016660     
  0.35224072252627742     
  0.38415482822211400     
  0.41763777040518479     
  0.45272972300462144     
  0.48947105957564152     
  0.52790245311557660     
  0.56806479654098829     
  -7.3453023489387134E-002
  -7.2706092263761152E-002
  -7.1083121961119405E-002
  -6.8803412319435972E-002
  -6.5946353320581672E-002
  -6.2531259545884427E-002
  -5.8549336598084742E-002
  -5.3976102515135592E-002
  -4.8779011379094163E-002
  -4.2919887467271420E-002
  -3.6357880262964971E-002
  -2.9049658797057835E-002
  -2.0951078836308847E-002
  -1.2016747616010817E-002
  -2.2012171825184440E-003
   8.5416408378405119E-003
   2.0257671600103028E-002
   3.2993107944457700E-002
   4.6793751497986681E-002
   6.1705635374278527E-002
   7.7774316954912701E-002
   9.5045509895139879E-002
  0.11356447378976256     
  0.13337660436393523     
  0.15452691131658677     
  0.17706055931537903     
  0.20102242666157494     
  0.22645759055541850     
  0.25341095899128074     
  0.28192769393030276     
  0.31205290860210005     
  0.34383202285522368     
  0.37731051857902881     
  0.41253422304089726     
  0.44954911659612107     
  0.48840154215003084     
  0.52913806137033759     
  0.57180559105203066     
  0.61645130612307852     
  0.66312270606005963     
  -7.4277058637584326E-002
  -7.3506275568847243E-002
  -7.1822912699121014E-002
  -6.9443845508183971E-002
  -6.6441659583598531E-002
  -6.2829223714331875E-002
  -5.8590103421120455E-002
  -5.3693263196759489E-002
  -4.8098642399399830E-002
  -4.1761604784571166E-002
  -3.4633921042197917E-002
  -2.6665857519837702E-002
  -1.7805996307414206E-002
  -8.0025785913998160E-003
   2.7970180778974086E-003
   1.4645247229982061E-002
   2.7595014016906109E-002
   4.1698813717701469E-002
   5.7009365289458783E-002
   7.3578870731136073E-002
   9.1459629538846246E-002
  0.11070339950366700     
  0.13136197891358925     
  0.15348666005191022     
  0.17712877240880001     
  0.20233922284517225     
  0.22916899425977261     
  0.25766876573029107     
  0.28788936023974643     
  0.31988143648075368     
  0.35369587825681020     
  0.38938354854534585     
  0.42699561324128171     
  0.46658334837335053     
  0.50819839244852894     
  0.55189259953903758     
  0.59771821739700581     
  0.64572778195153224     
  0.69597422183502866     
  0.74851079276496546     
  -7.5162317490614486E-002
  -7.4373284679479054E-002
  -7.2643296139076052E-002
  -7.0184844728756357E-002
  -6.7064936263212707E-002
  -6.3289424390135018E-002
  -5.8835922583563183E-002
  -5.3666536371047693E-002
  -4.7735420637414074E-002
  -4.0991269695248404E-002
  -3.3380161679507254E-002
  -2.4845808453018953E-002
  -1.5331133698453082E-002
  -4.7779054484031313E-003
   6.8721394251245009E-003
   1.9677845229338270E-002
   3.3697727196842733E-002
   4.8990564409955785E-002
   6.5614623039059419E-002
   8.3628242632050487E-002
  0.10308916415336188     
  0.12405509182574176     
  0.14658311598638346     
  0.17073024426902009     
  0.19655291531662342     
  0.22410749622357160     
  0.25344988334094865     
  0.28463596192560880     
  0.31772128769065411     
  0.35276150194125722     
  0.38981208425034647     
  0.42892871391716197     
  0.47016708193219864     
  0.51358318888274257     
  0.55923320438003965     
  0.60717369327842119     
  0.65746151317722434     
  0.71015396468347147     
  0.76530872165171993     
  0.82298390600510751     
  -7.6109026500427363E-002
  -7.5308386231190974E-002
  -7.3546153990195137E-002
  -7.1030601427988393E-002
  -6.7822289825432161E-002
  -6.3921642697520681E-002
  -5.9300047223182273E-002
  -5.3914518073115696E-002
  -4.7713305098244028E-002
  -4.0640192717106866E-002
  -3.2635515851972892E-002
  -2.3638133125925567E-002
  -1.3585304397186681E-002
  -2.4139481149322356E-003
   9.9398095854532961E-003
   2.3539666834860647E-002
   3.8449686781887690E-002
   5.4733483929833245E-002
   7.2454774228719487E-002
   9.1676669599502297E-002
  0.11246220964873990     
  0.13487374976813313     
  0.15897346680375607     
  0.18482283801924829     
  0.21248312039208903     
  0.24201492088726262     
  0.27347864990600929     
  0.30693418146805795     
  0.34244127826430515     
  0.38005933558204624     
  0.41984777045746513     
  0.46186583767301781     
  0.50617297099686309     
  0.55282865570973461     
  0.60189270808281992     
  0.65342518849068199     
  0.70748660732610813     
  0.76413786623248992     
  0.82344038410609688     
  0.88545606003023103     
  -7.7117537841531927E-002
  -7.6311819476205384E-002
  -7.4533202952848751E-002
  -7.1983802983624584E-002
  -6.8718940496556538E-002
  -6.4733257581016487E-002
  -5.9993658671747031E-002
  -5.4452006439547888E-002
  -4.8052450752882392E-002
  -4.0733904208464941E-002
  -3.2432728132255492E-002
  -2.3083018674420194E-002
  -1.2618073791936477E-002
  -9.7008777432045661E-004
   1.1928805892109567E-002
   2.6147008739237310E-002
   4.1752606649544464E-002
   5.8813878264770227E-002
   7.7398559354346155E-002
   9.7574339219889325E-002
  0.11940821491090832     
  0.14296696216997873     
  0.16831657487954502     
  0.19552271094568932     
  0.22465022076619892     
  0.25576357360514007     
  0.28892648042976304     
  0.32420230557687052     
  0.36165378559170708     
  0.40134342555781549     
  0.44333330799433679     
  0.48768546504889737     
  0.53446176266829970     
  0.58372423215454872     
  0.63553500832198151     
  0.68995660029856998     
  0.74705186135898627     
  0.80688418149757579     
  0.86951747191936724     
  0.93501627010897104     
  -7.8187258220950726E-002
  -7.7383806646113565E-002
  -7.5604922687569256E-002
  -7.3046572724312211E-002
  -6.9758135872813209E-002
  -6.5730068737569425E-002
  -6.0924736737395582E-002
  -5.5290659851213467E-002
  -4.8767994041426038E-002
  -4.1292593820391965E-002
  -3.2797022683615180E-002
  -2.3212377673400213E-002
  -1.2468210724873861E-002
  -4.9368073023785025E-004
   1.2782831451216926E-002
   2.7432832421002567E-002
   4.3528177959910236E-002
   6.1140313768033645E-002
   8.0340736200138430E-002
  0.10120031988726785     
  0.12378975174818917     
  0.14817893359802364     
  0.17443738597623659     
  0.20263372905866531     
  0.23283606410506269     
  0.26511154334673931     
  0.29952674153842496     
  0.33614732658696839     
  0.37503843193114667     
  0.41626443411461633     
  0.45988932834467672     
  0.50597660764041141     
  0.55458963084503532     
  0.60579158379370135     
  0.65964581610365780     
  0.71621585388960751     
  0.77556567506997354     
  0.83775974117995844     
  0.90286318481256689     
  0.97094183673833256     
  -7.9317627406857119E-002
  -7.8523538865878609E-002
  -7.6761497757106847E-002
  -7.4219456463119990E-002
  -7.0942011321573684E-002
  -6.6915268013723744E-002
  -6.2098799864660305E-002
  -5.6437924859738607E-002
  -4.9870630415033639E-002
  -4.2329956143387963E-002
  -3.3746469474031544E-002
  -2.4048563685807493E-002
  -1.3163787483843602E-002
  -1.0185894710189331E-003
   1.2460739762512545E-002
   2.7348473936820071E-002
   4.3718674709587749E-002
   6.1645619004479520E-002
   8.1203112592081947E-002
  0.10246489218465452     
  0.12550400314165000     
  0.15039316288632743     
  0.17720419952094021     
  0.20600838068171121     
  0.23687592353401082     
  0.26987630473513896     
  0.30507786091877837     
  0.34254810156849930     
  0.38235342118609372     
  0.42455943493896897     
  0.46923081629846791     
  0.51643166300650545     
  0.56622545632524512     
  0.61867544383382489     
  0.67384469318049889     
  0.73179645615356281     
  0.79259427114783521     
  0.85630226124805564     
  0.92298523626750839     
  0.99270888423040782     
  -8.0507160870789032E-002
  -7.9730098904422730E-002
  -7.8001866343045623E-002
  -7.5502293784227917E-002
  -7.2270642723411327E-002
  -6.8290227235168602E-002
  -6.3517946499106359E-002
  -5.7897708899365692E-002
  -5.1365618867465969E-002
  -4.3853712016350931E-002
  -3.5290917574995376E-002
  -2.5604698723615763E-002
  -1.4720999684561736E-002
  -2.5652685109698718E-003
   1.0937875280599129E-002
   2.5863848806823533E-002
   4.2288500306518005E-002
   6.0287422644462726E-002
   7.9936332653332207E-002
  0.10131044319383894     
  0.12448479792757447     
  0.14953368600696423     
  0.17653092575144419     
  0.20554932428431621     
  0.23666092029826571     
  0.26993650629925015     
  0.30544585549126063     
  0.34325733718364954     
  0.38343816328212993     
  0.42605413297355638     
  0.47116993383988054     
  0.51884904297381584     
  0.56915409992997745     
  0.62214696405231940     
  0.67788914179081683     
  0.73644196054137445     
  0.79786699410469553     
  0.86222628037487714     
  0.92958266793653721     
  0.99999999999999623     
  -8.1754334760791733E-002
  -8.1001566763960600E-002
  -7.9324580079811427E-002
  -7.6893337505467993E-002
  -7.3742852274441092E-002
  -6.9853628845381613E-002
  -6.5181584317307778E-002
  -5.9669509610810453E-002
  -5.3253410235847690E-002
  -4.5864715853485775E-002
  -3.7432493200265080E-002
  -2.7883729913624013E-002
  -1.7144498588245592E-002
  -5.1397346378793734E-003
   8.2059470439014934E-003
   2.2968607357635947E-002
   3.9224306451368471E-002
   5.7049468114383640E-002
   7.6520267263325267E-002
   9.7712953054127402E-002
  0.12070326754539974     
  0.14556670548114001     
  0.17237795173582249     
  0.20121107366089658     
  0.23213898221247106     
  0.26523357166461975     
  0.30056522964474403     
  0.33820296111463949     
  0.37821399434858005     
  0.42066394595414924     
  0.46561658376147130     
  0.51313409440826874     
  0.56327705499277059     
  0.61610483928303750     
  0.67167580626673318     
  0.73004782155945780     
  0.79127860067510614     
  0.85542625110612536     
  0.92254964758064795     
  0.99270886315510398     
  -8.3056749397155238E-002
  -8.2335849859952168E-002
  -8.0726981196433456E-002
  -7.8390052862383069E-002
  -7.5355409856563804E-002
  -7.1602218322076416E-002
  -6.7085655543303896E-002
  -6.1749106754644095E-002
  -5.5528889063761473E-002
  -4.8357570677352309E-002
  -4.0164843665705212E-002
  -3.0878945888257067E-002
  -2.0426614913240063E-002
  -8.7339562060613565E-003
   4.2738545613010661E-003
   1.8671905961498536E-002
   3.4535900956406899E-002
   5.1941575840171630E-002
   7.0965026038555548E-002
   9.1682157666843192E-002
  0.11416895032603527     
  0.13850091237271595     
  0.16475325845768196     
  0.19300035343037877     
  0.22331579760563772     
  0.25577186254443873     
  0.29043950078972042     
  0.32738780613309393     
  0.36668399991490513     
  0.40839298721870959     
  0.45257741095236786     
  0.49929740814636248     
  0.54861084200439036     
  0.60057335798094580     
  0.65523886827970490     
  0.71265993479727741     
  0.77288847297337826     
  0.83597635565365802     
  0.90197616506038292     
  0.97094179489505017     
  -8.4411915459483733E-002
  -8.3729914721216062E-002
  -8.2205975625855118E-002
  -7.9988377072615371E-002
  -7.7103781217320325E-002
  -7.3530102901090216E-002
  -6.9223355077509721E-002
  -6.4127904883285333E-002
  -5.8182057117117499E-002
  -5.1320014179145917E-002
  -4.3473778552027546E-002
  -3.4573398919475286E-002
  -2.4547943519667059E-002
  -1.3325295254492511E-002
  -8.3281777458515439E-004
   1.3002970123642738E-002
   2.8255850669648714E-002
   4.5000240200489039E-002
   6.3310694093042588E-002
   8.3262193352313815E-002
  0.10492965595026184     
  0.12838813975333577     
  0.15371232693513445     
  0.18097661278642141     
  0.21025453728325436     
  0.24161874143382467     
  0.27514033953293776     
  0.31088875521063186     
  0.34893107137376039     
  0.38933181623019408     
  0.43215239857028054     
  0.47745099236891841     
  0.52528223985869504     
  0.57569743888750846     
  0.62874471116416264     
  0.68446964943047051     
  0.74291602173246851     
  0.80412682700793514     
  0.86814533452789555     
  0.93501620810787944     
  -8.5816543944953957E-002
  -8.5180519461631354E-002
  -8.3757344290151484E-002
  -8.1683441863080963E-002
  -7.8981484144729996E-002
  -7.5629465259060738E-002
  -7.1584547145423602E-002
  -6.6793643458533933E-002
  -6.1197522522235051E-002
  -5.4733630561867308E-002
  -4.7336838907107437E-002
  -3.8940619752088956E-002
  -2.9476992678320088E-002
  -1.8877218009984258E-002
  -7.0715184268212543E-003
   6.0104081588807298E-003
   2.0439720574952677E-002
   3.6287998979782028E-002
   5.3627560756749744E-002
   7.2531051014750145E-002
   9.3071697730007924E-002
  0.11532288593317301     
  0.13935830819719411     
  0.16525147601018148     
  0.19307571645949348     
  0.22290357119379811     
  0.25480659432332253     
  0.28885460593707762     
  0.32511528248852134     
  0.36365329436638549     
  0.40452977537545459     
  0.44780150367190186     
  0.49352049639272910     
  0.54173356448303001     
  0.59248242902534543     
  0.64580406048043992     
  0.70173166360333961     
  0.76029597726021347     
  0.82152703276343775     
  0.88545597877544613     
  -8.7267228338591768E-002
  -8.6683576414675306E-002
  -8.5376424278714724E-002
  -8.3468977706370864E-002
  -8.0980773948899229E-002
  -7.7890034726544696E-002
  -7.4156467760973496E-002
  -6.9729957689017949E-002
  -6.4555235437080319E-002
  -5.8573521977836475E-002
  -5.1724081954103954E-002
  -4.3944416174415787E-002
  -3.5171027968762515E-002
  -2.5339227170760037E-002
  -1.4383629143470201E-002
  -2.2378439918292340E-003
   1.1165139953449281E-002
   2.5893289491667474E-002
   4.2015198228670073E-002
   5.9600395978486903E-002
   7.8719034748078690E-002
   9.9442131589776522E-002
  0.12184122070363348     
  0.14598847187318215     
  0.17195623882959460     
  0.19981697039685714     
  0.22964256039873387     
  0.26150395093375844     
  0.29547018814468573     
  0.33160764766546674     
  0.36997878074740803     
  0.41064104261374862     
  0.45364555155167835     
  0.49903613170188760     
  0.54684850887745806     
  0.59711028626745588     
  0.64984159238309347     
  0.70505681266255382     
  0.76276713570980048     
  0.82298380668150684     
  -8.8759865180785977E-002
  -8.8234781594475939E-002
  -8.7057557965438834E-002
  -8.5337953920812656E-002
  -8.3092157152180518E-002
  -8.0299755748715521E-002
  -7.6923334263246962E-002
  -7.2917099791026299E-002
  -6.8230225347819612E-002
  -6.2809110611390620E-002
  -5.6597977504619867E-002
  -4.9539782879187109E-002
  -4.1576153683120752E-002
  -3.2647897885202580E-002
  -2.2694742664375385E-002
  -1.1655682944459334E-002
   5.3134504359450877E-004
   1.3929201219708771E-002
   2.8601883503964497E-002
   4.4614316057391398E-002
   6.2032674989514168E-002
   8.0924193775868389E-002
  0.10135743063594310     
  0.12340203491114045     
  0.14712887934323576     
  0.17260968343687108     
  0.19991687349702006     
  0.22912288819747884     
  0.26029955595592735     
  0.29351684748276136     
  0.32884154077107053     
  0.36633525041629383     
  0.40605236021600899     
  0.44803758280484474     
  0.49232383714002836     
  0.53893056944105044     
  0.58786340078913069     
  0.63911545466602993     
  0.69267093828715831     
  0.74851067682091088     
  -9.0290227029028350E-002
  -8.9829111449722651E-002
  -8.8794676493558780E-002
  -8.7282129505136294E-002
  -8.5305007139069425E-002
  -8.2844431432482324E-002
  -7.9867023002706525E-002
  -7.6331715312062440E-002
  -7.2193377787121288E-002
  -6.7404090837334674E-002
  -6.1914324560825122E-002
  -5.5673072489103699E-002
  -4.8628407984623000E-002
  -4.0727302987779102E-002
  -3.1915961776569211E-002
  -2.2139530401516200E-002
  -1.1342316689324377E-002
   5.3254911150977613E-004
   1.3542974376146920E-002
   2.7748271392196395E-002
   4.3209082653965676E-002
   5.9987760506820469E-002
   7.8148336041031843E-002
   9.7756876015797356E-002
  0.11888143792608387     
  0.14159231227914265     
  0.16596182129860293     
  0.19206423416303178     
  0.21997510473326523     
  0.24977044436968951     
  0.28152506479021261     
  0.31531038108224069     
  0.35119112101310057     
  0.38922129179061282     
  0.42943928076302462     
  0.47186297891528883     
  0.51648579802419636     
  0.56327544252912309     
  0.61217712487714859     
  0.66312257518627660     
  -9.1853516316394740E-002
  -9.1461343909191320E-002
  -9.0580888394186862E-002
  -8.9292603901462791E-002
  -8.7607234621958380E-002
  -8.5508337175405041E-002
  -8.2966867420147361E-002
  -7.9947562250764076E-002
  -7.6411411161675866E-002
  -7.2317304539217780E-002
  -6.7622462934866442E-002
  -6.2283082121556033E-002
  -5.6254265569817101E-002
  -4.9490362204025730E-002
  -4.1944738276441310E-002
  -3.3569976283383610E-002
  -2.4317573173247765E-002
  -1.4138043004657765E-002
  -2.9805601122613458E-003
   9.2070310350270707E-003
   2.2478632823459584E-002
   3.6889987779132480E-002
   5.2499166857519236E-002
   6.9366772931963139E-002
   8.7556495170988916E-002
  0.10713539228352149     
  0.12817443676301110     
  0.15074872336209613     
  0.17493772280336975     
  0.20082494096387019     
  0.22849712708738318     
  0.25804225140524678     
  0.28954608840590396     
  0.32308651595968912     
  0.35872533831940279     
  0.39649738520524463     
  0.43639817703308276     
  0.47837296337751367     
  0.52231277365410123     
  0.56806465264591111     
  -9.3444824028424092E-002
  -9.3125690831950075E-002
  -9.2408959166157892E-002
  -9.1359513788312904E-002
  -8.9985824421254204E-002
  -8.8274031938689143E-002
  -8.6200297419294969E-002
  -8.3735492653128255E-002
  -8.0847675133710092E-002
  -7.7502957325755878E-002
  -7.3666296650740107E-002
  -6.9301575469228535E-002
  -6.4371957498757501E-002
  -5.8839742120764670E-002
  -5.2666555787512816E-002
  -4.5813113945087434E-002
  -3.8239311673259328E-002
  -2.9903920705373215E-002
  -2.0764583497522505E-002
  -1.0777434005587108E-002
   1.0302943367091878E-004
   1.1924435950371832E-002
   2.4736838940823794E-002
   3.8593380820115576E-002
   5.3550830389768329E-002
   6.9670497431237044E-002
   8.7019082035324324E-002
  0.10566988043351415     
  0.12570390844538984     
  0.14721119130962837     
  0.17029162494068198     
  0.19505522242283452     
  0.22162059217292254     
  0.25011048212049941     
  0.28064209157552000     
  0.31330976527391724     
  0.34815769615904907     
  0.38514339236820161     
  0.42410025279263563     
  0.46472306783930567     
  -9.5058818112819549E-002
  -9.4816205239187795E-002
  -9.4271039138381016E-002
  -9.3472486643399855E-002
  -9.2426658704225437E-002
  -9.1122904588034057E-002
  -8.9542815976242446E-002
  -8.7664150295778828E-002
  -8.5462348798818519E-002
  -8.2911539194149453E-002
  -7.9984793459409800E-002
  -7.6654510134150977E-002
  -7.2892361764998179E-002
  -6.8669481867704191E-002
  -6.3956304232766728E-002
  -5.8722651979884070E-002
  -5.2937513738009562E-002
  -4.6569049297836868E-002
  -3.9584297745669156E-002
  -3.1949078673728169E-002
  -2.3627596056320484E-002
  -1.4582181150045399E-002
  -4.7727166352752766E-003
   5.8438825980621882E-003
   1.7314566146688252E-002
   2.9691119559105580E-002
   4.3031635016092251E-002
   5.7402264507483827E-002
   7.2879676485975986E-002
   8.9554065620346054E-002
  0.10753304977021108     
  0.12694613865352788     
  0.14794948192412363     
  0.17072926955238113     
  0.19550063099539863     
  0.22249513125551196     
  0.25192480975136861     
  0.28390416124240775     
  0.31831164120074595     
  0.35460477386169115     
  -9.6690083021759077E-002
  -9.6526549515485269E-002
  -9.6159032659925731E-002
  -9.5620480485688955E-002
  -9.4914964270925953E-002
  -9.4035144186494751E-002
  -9.2968582690513668E-002
  -9.1700140212197856E-002
  -9.0213233366244913E-002
  -8.8490275977007329E-002
  -8.6513075503683826E-002
  -8.4262869270736951E-002
  -8.1720497112814955E-002
  -7.8866318570057728E-002
  -7.5680296075023398E-002
  -7.2141857353802324E-002
  -6.8229916672844490E-002
  -6.3922688989535931E-002
  -5.9197640618964070E-002
  -5.4031233576991834E-002
  -4.8398769742050610E-002
  -4.2274011767981623E-002
  -3.5628842734673663E-002
  -2.8432650946765930E-002
  -2.0651641369509869E-002
  -1.2247744265576099E-002
  -3.1772226362223556E-003
   6.6114285106674744E-003
   1.7180384768465194E-002
   2.8606827670894671E-002
   4.0989216085096508E-002
   5.4456637482785605E-002
   6.9182459273774005E-002
   8.5404006805401306E-002
  0.10344918913386524     
  0.12376783835715943     
  0.14695372570472462     
  0.17370931993623281     
  0.20461317982565819     
  0.23931554349332462     
  -9.8332942598000794E-002
  -9.8250283587238502E-002
  -9.8064463190888379E-002
  -9.7792131714562094E-002
  -9.7435281662546211E-002
  -9.6990204265402571E-002
  -9.6450553847843623E-002
  -9.5808680340171801E-002
  -9.5056144579413179E-002
  -9.4184056933547353E-002
  -9.3183163657006587E-002
  -9.2043974071529214E-002
  -9.0756740463128385E-002
  -8.9311517528077283E-002
  -8.7698103488303411E-002
  -8.5906063454980378E-002
  -8.3924644997861453E-002
  -8.1742767380041159E-002
  -7.9348905529337529E-002
  -7.6731031442047903E-002
  -7.3876444282582346E-002
  -7.0771630229689880E-002
  -6.7401988772203519E-002
  -6.3751536762623032E-002
  -5.9802419196362727E-002
  -5.5534286284590582E-002
  -5.0923320564363488E-002
  -4.5940856512996682E-002
  -4.0551213531782586E-002
  -3.4708350229868457E-002
  -2.8350382923726238E-002
  -2.1390427067128286E-002
  -1.3700581135028667E-002
  -5.0829573651430694E-003
   4.7848449074427172E-003
   1.6455960869253106E-002
   3.0927955642076232E-002
   5.0084274474544194E-002
   7.7618823347869612E-002
  0.12053655341516759     
  -9.9981676000439598E-002
  -9.9980767543056487E-002
  -9.9978725583610331E-002
  -9.9975732730193265E-002
  -9.9971811220529741E-002
  -9.9966919944568175E-002
  -9.9960989496575572E-002
  -9.9953935471624941E-002
  -9.9945665441535811E-002
  -9.9936081397630799E-002
  -9.9925081941358546E-002
  -9.9912562477570452E-002
  -9.9898416159181880E-002
  -9.9882533413656549E-002
  -9.9864802382540613E-002
  -9.9845108131189186E-002
  -9.9823332726645661E-002
  -9.9799354153450398E-002
  -9.9773045961899176E-002
  -9.9744275740008242E-002
  -9.9712904086108708E-002
  -9.9678782266086313E-002
  -9.9641749959957268E-002
  -9.9601631286661593E-002
  -9.9558230093477793E-002
  -9.9511322460896307E-002
  -9.9460646577734180E-002
  -9.9405886975406962E-002
  -9.9346651145342357E-002
  -9.9282432156845124E-002
  -9.9212548573630294E-002
  -9.9136042876725311E-002
  -9.9051504708079635E-002
  -9.8956749898262170E-002
  -9.8848216498473543E-002
  -9.8719782124766203E-002
  -9.8560086602512822E-002
  -9.8326348987503920E-002
  -9.6516776516584912E-002
  -1.3113416911741456E-007
