  -2.2366636531746105     
  -2.2179713843566757     
  -2.1795976519456337     
  -2.1299581509172913     
  -2.0735880019663737     
  -2.0131727719521333     
  -1.9504238686242059     
  -1.8865011770623585     
  -1.8222306528575052     
  -1.7582276296884671     
  -1.6949666489130479     
  -1.6328266146160046     
  -1.5721171932694511     
  -1.5130984784212704     
  -1.4559920838083578     
  -1.4009910536419430     
  -1.3482648208701300     
  -1.2979648914349653     
  -1.2502271058156222     
  -1.2051752887005043     
  -1.1629222460578355     
  -1.1235723334715937     
  -1.0872218363659973     
  -1.0539609034434387     
  -1.0238736227222041     
 -0.99703954251951976     
 -0.97353360269192868     
 -0.95342736048273757     
 -0.93678886220511326     
 -0.92368363957107213     
 -0.91417456948397313     
 -0.90832268008121686     
 -0.90618702645367954     
 -0.90782533175273594     
 -0.91329389571418995     
 -0.92264808867076031     
 -0.93594230342621842     
 -0.95323031583078277     
 -0.97456528666074838     
  -1.0000000000000000     
  -2.2372433528252329     
  -2.2185590621754114     
  -2.1802006782436765     
  -2.1305772504340097     
  -2.0742210149881433     
  -2.0138141161812624     
  -1.9510668732290644     
  -1.8871369068465482     
  -1.8228497737333886     
  -1.7588190960157679     
  -1.6955193445484062     
  -1.6333280441839590     
  -1.5725549690758216     
  -1.5134590625890920     
  -1.4562621441304600     
  -1.4011562753068800     
  -1.3483111401786885     
  -1.2978773863470314     
  -1.2499911121271514     
  -1.2047753751036396     
  -1.1623432161681326     
  -1.1227982895201025     
  -1.0862370702194613     
  -1.0527490520761973     
  -1.0224184513574992     
 -0.99532419419492779     
 -0.97154127664371925     
 -0.95114065728630848     
 -0.93419036048557724     
 -0.92075533735727677     
 -0.91089836227672061     
 -0.90467989823137640     
 -0.90215881758571359     
 -0.90339229319355596     
 -0.90843636427797825     
 -0.91734586644669802     
 -0.93017485799314426     
 -0.94697659706931570     
 -0.96780384058450830     
 -0.99270887369275973     
  -2.2389814976778308     
  -2.2203220940038224     
  -2.1820090743930276     
  -2.1324350012788731     
  -2.0761200566679467     
  -2.0157394592597706     
  -1.9529970048978020     
  -1.8890467049712516     
  -1.8247098267806601     
  -1.7605978644447731     
  -1.6971821638717561     
  -1.6348389324651296     
  -1.5738755426406696     
  -1.5145501157884103     
  -1.4570825585611533     
  -1.4016644183745459     
  -1.3484638021220783     
  -1.2976310188884976     
  -1.2493008118273514     
  -1.2035959751881622     
  -1.1606283289856589     
  -1.1205012619368584     
  -1.0833100953992956     
  -1.0491439977502626     
  -1.0180860494400616     
 -0.99021475045639062     
 -0.96560394506406078     
 -0.94432403882249660     
 -0.92644186738208456     
 -0.91202168778498693     
 -0.90112503811102262     
 -0.89381154143269581     
 -0.89013878331291574     
 -0.89016295298576997     
 -0.89393875487363583     
 -0.90151990417334793     
 -0.91295908235759038     
 -0.92830830029337708     
 -0.94761890393537584     
 -0.97094181581669503     
  -2.2418769738970994     
  -2.2232587268794046     
  -2.1850225018044576     
  -2.1355310602961888     
  -2.0792867678778730     
  -2.0189510971418558     
  -1.9562191555215018     
  -1.8922368341472982     
  -1.8278203163317250     
  -1.7635755542055722     
  -1.6999706247628270     
  -1.6373776642866815     
  -1.5761018546167798     
  -1.5163982001230827     
  -1.4584851051110552     
  -1.4025516473562496     
  -1.3487648643613721     
  -1.2972730266494090     
  -1.2482100515872023     
  -1.2016969603091341     
  -1.1578448438916165     
  -1.1167554546601184     
  -1.0785233691725453     
  -1.0432361586468695     
  -1.0109760598715645     
 -0.98181994488632585     
 -0.95584065846487354     
 -0.93310690111157302     
 -0.91368431827072238     
 -0.89763535810167949     
 -0.88502016074624912     
 -0.87589642521429689     
 -0.87032012807514592     
 -0.86834541930344700     
 -0.87002518980196020     
 -0.87541100804828331     
 -0.88455355054959428     
 -0.89750258650196701     
 -0.91430728240561987     
 -0.93501623910842879     
  -2.2459267433433614     
  -2.2273671778790498     
  -2.1892392240018497     
  -2.1398659350153535     
  -2.0837227258410898     
  -2.0234538484284879     
  -1.9607403322187213     
  -1.8967186187733573     
  -1.8321959432692307     
  -1.7677722985835598     
  -1.7039094509355983     
  -1.6409755186027437     
  -1.5792709919170014     
  -1.5190480796308585     
  -1.4605215786734087     
  -1.4038785685771014     
  -1.3492832140076720     
  -1.2968822845676296     
  -1.2468072985980487     
  -1.1991780425473912     
  -1.1541034780691142     
  -1.1116842079351135     
  -1.0720127898580116     
  -1.0351755921889441     
  -1.0012528242948273     
 -0.97032000168467680     
 -0.94244784942241144     
 -0.91770349090984948     
 -0.89615030635519732     
 -0.87784890748606537     
 -0.86285699539527616     
 -0.85123015707164273     
 -0.84302174723663803     
 -0.83828352894736113     
 -0.83706559345184728     
 -0.83941686002667437     
 -0.84538504202380549     
 -0.85501701741761671     
 -0.86835884584100376     
 -0.88545601940284191     
  -2.2511275650569442     
  -2.2326438707977014     
  -2.1946577733698409     
  -2.1454392410485257     
  -2.0894309984792905     
  -2.0292533321506214     
  -1.9665710661872009     
  -1.9025067363633117     
  -1.8378578457281014     
  -1.7732150417084815     
  -1.7090336266709694     
  -1.6456749605122249     
  -1.5834350387471652     
  -1.5225609926828179     
  -1.4632644160394936     
  -1.4057284598197171     
  -1.3501149357402895     
  -1.2965674574551251     
  -1.2452157097877479     
  -1.1961768030248991     
  -1.1495581228608394     
  -1.1054578427074668     
  -1.0639669951931134     
  -1.0251695846477284     
 -0.98914418907348112     
 -0.95596389075102828     
 -0.92569756495873279     
 -0.89840974017421937     
 -0.87416165585869199     
 -0.85301111072375246     
 -0.83501333477601047     
 -0.82022085684126933     
 -0.80868421708705895     
 -0.80045187064702628     
 -0.79557075711997693     
 -0.79408624947094153     
 -0.79604259210160067     
 -0.80148290003506450     
 -0.81044947475675144     
 -0.82298385634331028     
  -2.2574742266595025     
  -2.2390851207911915     
  -2.2012751890202691     
  -2.1522512853320581     
  -2.0964143863048457     
  -2.0363573990514139     
  -1.9737236464236407     
  -1.9096204632153007     
  -1.8448318109032236     
  -1.7799385736299156     
  -1.7153865727845181     
  -1.6515304437673968     
  -1.5886591996344874     
  -1.5270151968072445     
  -1.4668047407008338     
  -1.4082075231086384     
  -1.3513812398880920     
  -1.2964669123329087     
  -1.2435908879551285     
  -1.1928681986842955     
  -1.1444033547234285     
  -1.0982926798358159     
  -1.0546245378357735     
  -1.0134810857269301     
 -0.97493824068315083     
 -0.93906706869782064     
 -0.90593364629873974     
 -0.87560019630997354     
 -0.84812492334221601     
 -0.82356295560362647     
 -0.80196619494597288     
 -0.78338409688058697     
 -0.76786355606496992     
 -0.75544954303532064     
 -0.74618503560253036     
 -0.74011152402126579     
 -0.73726899333454432     
 -0.73769630550764609     
 -0.74143123494707597     
 -0.74851073479294106     
  -2.2649612292503893     
  -2.2466853686290227     
  -2.2090886320065239     
  -2.1603012945767990     
  -2.1046768912155733     
  -2.0447743369060789     
  -1.9822133941623805     
  -1.9180818363273118     
  -1.8531493206596144     
  -1.7879836299357619     
  -1.7230209361119881     
  -1.6586064288999407     
  -1.5950223058905497     
  -1.5325038802777851     
  -1.4712525519870014     
  -1.4114426519038150     
  -1.3532282851695727     
  -1.2967462844477524     
  -1.2421202689509572     
  -1.1894618477385563     
  -1.1388732952934346     
  -1.0904479423589946     
  -1.0442721051589581     
  -1.0004251039863741     
 -0.95898075371319103     
 -0.92000722681542191     
 -0.88356825980308185     
 -0.84972296999401775     
 -0.81852685741097331     
 -0.79003163051001979     
 -0.76428604499135455     
 -0.74133576565950732     
 -0.72122406409747375     
 -0.70399172923240083     
 -0.68967763607003774     
 -0.67831871006157385     
 -0.66995037453860795     
 -0.66460657030396153     
 -0.66232008759287408     
 -0.66312264062317072     
  -2.2735810279490347     
  -2.2554388200504243     
  -2.2180936171064265     
  -2.1695889290157826     
  -2.1142219176426100     
  -2.0545141918451089     
  -1.9920568060333257     
  -1.9279167353807158     
  -1.8628456110681952     
  -1.7973976993217973     
  -1.7319965426801089     
  -1.6669778867355252     
  -1.6026146380023627     
  -1.5391353288993157     
  -1.4767343825823163     
  -1.4155812159158414     
  -1.3558246188562251     
  -1.2975978138363340     
  -1.2410202667206025     
  -1.1862008251475680     
  -1.1332383547765457     
  -1.0822238888812565     
  -1.0332407261067891     
 -0.98636603111655519     
 -0.94167070169140232     
 -0.89922063811285891     
 -0.85907653342960544     
 -0.82129492200700727     
 -0.78592797004491310     
 -0.75302435942479262     
 -0.72262911579671163     
 -0.69478435578086595     
 -0.66952916906102744     
 -0.64690024266738699     
 -0.62693180274283755     
 -0.60965612276018621     
 -0.59510352538548428     
 -0.58330277867232061     
 -0.57428115619497122     
 -0.56806472459345181     
  -2.2833256718665780     
  -2.2653376916297718     
  -2.2282855697427006     
  -2.1801124976764426     
  -2.1250536518773555     
  -2.0655869190316749     
  -2.0032726931965645     
  -1.9391529349347851     
  -1.8739605252830045     
  -1.8082329484776523     
  -1.7423809291681835     
  -1.6767280704496448     
  -1.6115381037813070     
  -1.5470305156284831     
  -1.4833930842263015     
  -1.4207884241864879     
  -1.3593605123263488     
  -1.2992374129409447     
  -1.2405350729931393     
  -1.1833583335566382     
  -1.1278033765683502     
  -1.0739579513836903     
  -1.0219031074850879     
 -0.97171307676926488     
 -0.92345660161557819     
 -0.87719669156719426     
 -0.83299170284995472     
 -0.79089507934761283     
 -0.75095626257137538     
 -0.71322047050833526     
 -0.67772947673869310     
 -0.64452145073184575     
 -0.61363162363388424     
 -0.58509219770208853     
 -0.55893290563069487     
 -0.53518098884104937     
 -0.51386165249844884     
 -0.49499810887313000     
 -0.47861192879619102     
 -0.46472314524833586     
  -2.2941850679017453     
  -2.2763737977457552     
  -2.2396580672393984     
  -2.1918703984213219     
  -2.1371752405888924     
  -2.0780035933859979     
  -2.0158802545888364     
  -1.9518210255906614     
  -1.8865364439653296     
  -1.8205468091342338     
  -1.7542471004817113     
  -1.6879487341441963     
  -1.6219037959599170     
  -1.5563229169661983     
  -1.4913851508398754     
  -1.4272466933889332     
  -1.3640449949662508     
  -1.3019035154736609     
  -1.2409333150154651     
  -1.1812359255391522     
  -1.1229037918178342     
  -1.0660221826288190     
  -1.0106691161915096     
 -0.95691675273135735     
 -0.90483111622993406     
 -0.85447319060813409     
 -0.80589859576985590     
 -0.75915850093792014     
 -0.71429933386866251     
 -0.67136356771364525     
 -0.63038949954657186     
 -0.59141193618092569     
 -0.55446205472496968     
 -0.51956799630428085     
 -0.48675480893672757     
 -0.45604495005555751     
 -0.42745830607526647     
 -0.40101260154031160     
 -0.37672348764478741     
 -0.35460485560341282     
  -2.3061485686860972     
  -2.2885368231401286     
  -2.2522043325247272     
  -2.2048593378055332     
  -2.1505900797194073     
  -2.0917745266024923     
  -2.0299000838751464     
  -1.9659523803089611     
  -1.9006189524375412     
  -1.8343997551620626     
  -1.7676738154167251     
  -1.7007376916877570     
  -1.6338318642817562     
  -1.5671558264223895     
  -1.5008801425443510     
  -1.4351526773444552     
  -1.3701047776423423     
  -1.3058537563362094     
  -1.2425063926004210     
  -1.1801597275363405     
  -1.1189032393800962     
  -1.0588188688426292     
 -0.99998250194334903     
 -0.94246366933016634     
 -0.88632665273414113     
 -0.83163008466390465     
 -0.77842784214862915     
 -0.72676866332923218     
 -0.67669691251739206     
 -0.62825227050397758     
 -0.58147041084037254     
 -0.53638278682403029     
 -0.49301723406042630     
 -0.45139785795350790     
 -0.41154556420835192     
 -0.37347804055845130     
 -0.33721021062534334     
 -0.30275429920379965     
 -0.27012020310492613     
 -0.23931562837575920     
  -2.3192032744853339     
  -2.3018158517891112     
  -2.2659155017669295     
  -2.2190756955361892     
  -2.1652999909926165     
  -2.1069103701574634     
  -2.0453521970330604     
  -1.9815799219514991     
  -1.9162546692147193     
  -1.8498556804318125     
  -1.7827431795798199     
  -1.7151987682452754     
  -1.6474488475428586     
  -1.5796818522154199     
  -1.5120577320835684     
  -1.4447162774528348     
  -1.3777809723336667     
  -1.3113634365090616     
  -1.2455647945392145     
  -1.1804782580614210     
  -1.1161893516701535     
  -1.0527775447451362     
 -0.99031596601580907     
 -0.92887253166500983     
 -0.86850946959674435     
 -0.80928417729672675     
 -0.75124872554386368     
 -0.69445057056957771     
 -0.63893212559665102     
 -0.58473139099485172     
 -0.53188163477618045     
 -0.48041196855554219     
 -0.43034714976946170     
 -0.38170811009480288     
 -0.33451187560119250     
 -0.28877204273672741     
 -0.24449880398992085     
 -0.20169936151731230     
 -0.16037804259367919     
 -0.12053664020053710     
  -2.3333355631648347     
  -2.3161976820493315     
  -2.2807820516809354     
  -2.2345137684684611     
  -2.1813064223344183     
  -2.1234202226942491     
  -2.0622569142696463     
  -1.9987360314175877     
  -1.9334917387361990     
  -1.8669795585639719     
  -1.7995407007050166     
  -1.7314391806353719     
  -1.6628872631570433     
  -1.5940600005153134     
  -1.5251068091924413     
  -1.4561574098665331     
  -1.3873276817474343     
  -1.3187219326307480     
  -1.2504361106952537     
  -1.1825583927870185     
  -1.1151710719637418     
  -1.0483503638572427     
 -0.98216759831288936     
 -0.91668869321590141     
 -0.85197497741549344     
 -0.78808257319199448     
 -0.72506303046094467     
 -0.66296275076505551     
 -0.60182353184330695     
 -0.54168210294375829     
 -0.48257062978049031     
 -0.42451639123668916     
 -0.36754226355063646     
 -0.31166654304981550     
 -0.25690340906048498     
 -0.20326288195442310     
 -0.15075125359043065     
  -9.9371162084595052E-002
  -4.9121974300882033E-002
   4.3711389779819832E-008
  -2.3485294455407097     
  -2.3316682929913282     
  -2.2967921115445811     
  -2.2511670598507387     
  -2.1986086453282989     
  -2.1413126317418776     
  -2.0806328697363838     
  -2.0174531731086338     
  -1.9523775889486465     
  -1.8858376265435435     
  -1.8181527498328820     
  -1.7495692404746510     
  -1.6802827511994238     
  -1.6104548828235628     
  -1.5402223025133988     
  -1.4697047106626269     
  -1.3990084906610196     
  -1.3282308782408645     
  -1.2574611539150218     
  -1.1867829562843863     
  -1.1162743097392824     
  -1.0460089658959411     
 -0.97605588983395641     
 -0.90648007986882140     
 -0.83734184528438249     
 -0.76869735551797680     
 -0.70059790006778766     
 -0.63309031382393577     
 -0.56621632939341060     
 -0.50001296227394565     
 -0.43451201398147737     
 -0.36974045844835857     
 -0.30572011843426639     
 -0.24246806526849946     
 -0.17999646641109854     
 -0.11831299151043007     
  -5.7420813616006643E-002
   2.6809961788676734E-003
   6.1997339074350774E-002
  0.12053672698590635     
  -2.3647680324260087     
  -2.3482112185609112     
  -2.3139328225249658     
  -2.2690265685462294     
  -2.2172048719770685     
  -2.1605937184569535     
  -2.1004977797210778     
  -2.0377617764693139     
  -1.9729592652083023     
  -1.9064949604822505     
  -1.8386664035844764     
  -1.7696995897178709     
  -1.6997734012966457     
  -1.6290336072073628     
  -1.5576039955010479     
  -1.4855920975794936     
  -1.4130947842026069     
  -1.3402004043985263     
  -1.2669917720040274     
  -1.1935466090936160     
  -1.1199391797869387     
  -1.0462399025770430     
 -0.97251624379117929     
 -0.89883194710146053     
 -0.82524752411595892     
 -0.75181936102042612     
 -0.67860001088892008     
 -0.60563733844273593     
 -0.53297474245693865     
 -0.46065043711016773     
 -0.38869768072543004     
 -0.31714424644366729     
 -0.24601269406870580     
 -0.17532004765149778     
 -0.10507811741805438     
  -3.5293376096157417E-002
   3.4032682583108723E-002
  0.10290349352132243     
  0.17132705023931255     
  0.23931571325819154     
  -2.3820319589778776     
  -2.3658089480331936     
  -2.3321887128575058     
  -2.2880820055113915     
  -2.2370904981881239     
  -2.1812680880777702     
  -2.1218664659243194     
  -2.0596907356018628     
  -1.9952811517740121     
  -1.9290154834988469     
  -1.8611668075236323     
  -1.7919406725214364     
  -1.7214967398503997     
  -1.6499647126628749     
  -1.5774531587314329     
  -1.5040572001371182     
  -1.4298620693941511     
  -1.3549471078597497     
  -1.2793868919609568     
  -1.2032533648929116     
  -1.1266157474819838     
  -1.0495416377318711     
 -0.97209630195759889     
 -0.89434318258162337     
 -0.81634290735331771     
 -0.73815347324468239     
 -0.65982919056250289     
 -0.58142072243570053     
 -0.50297411093797617     
 -0.42453079411202843     
 -0.34612680990722250     
 -0.26779286637262550     
 -0.18955377553939723     
 -0.11142861241610647     
  -3.3430393681951567E-002
   4.4433671654309281E-002
  0.12216227282837000     
  0.19975967561435773     
  0.27723561520440054     
  0.35460493734513138     
  -2.4003007847180742     
  -2.3844413758232048     
  -2.3515429889836192     
  -2.3083201505382633     
  -2.2582591444388127     
  -2.2033370019110765     
  -2.1447515256942546     
  -2.0832653001182324     
  -2.0193851674463783     
  -1.9534594942130494     
  -1.8857368244550192     
  -1.8163998570046849     
  -1.7455888066285914     
  -1.6734148915080860     
  -1.5999710858547507     
  -1.5253377409751900     
  -1.4495880450896783     
  -1.3727901776489617     
  -1.2950102072513687     
  -1.2163125314550218     
  -1.1367613720014811     
  -1.0564202964408047     
 -0.97535287875733323     
 -0.89362172707377530     
 -0.81128864106639798     
 -0.72841341548216010     
 -0.64505372234020575     
 -0.56126388586309683     
 -0.47709466067055945     
 -0.39259212470260291     
 -0.30779747960413079     
 -0.22274616333950392     
 -0.13746775443855380     
  -5.1985360751637427E-002
   3.3684334676491658E-002
  0.11953139476007410     
  0.20555244166386930     
  0.29175070846498763     
  0.37813574083455442     
  0.46472322265736243     
  -2.4195515022948824     
  -2.4040871335909415     
  -2.3719759930751394     
  -2.3297260002481335     
  -2.2807009722278440     
  -2.2267992101960057     
  -2.1691614041945448     
  -2.1085074705826279     
  -2.0453084907655401     
  -1.9798835222440425     
  -1.9124543357404289     
  -1.8431806911956674     
  -1.7721810074560835     
  -1.6995476509202645     
  -1.6253555425874011     
  -1.5496696807927821     
  -1.4725487587474715     
  -1.3940491564329234     
  -1.3142261879840349     
  -1.2331362288695418     
  -1.1508366883148706     
  -1.0673870160127390     
 -0.98284792876168359     
 -0.89728169225993126     
 -0.81075091542600197     
 -0.72331837045521929     
 -0.63504558557853685     
 -0.54599241356670247     
 -0.45621561506614783     
 -0.36576835335605978     
 -0.27469892710752414     
 -0.18305033280240818     
  -9.0859263692615558E-002
   1.8441651309758892E-003
   9.5037085461785784E-002
  0.18870394501015766     
  0.28283682928885229     
  0.37743532944665431     
  0.47250654609255682     
  0.56806479654098829     
  -2.4397598669827327     
  -2.4247221321630481     
  -2.3934664268540282     
  -2.3522812154374519     
  -2.3044036587447128     
  -2.2516492040350857     
  -2.1951009873429492     
  -2.1354339397895110     
  -2.0730836445533098     
  -2.0083378515493404     
  -1.9413917186945948     
  -1.8723799408868287     
  -1.8013989450431231     
  -1.7285198705504838     
  -1.6537989989471464     
  -1.5772833949733123     
  -1.4990163842694766     
  -1.4190399229137389     
  -1.3373976191601034     
  -1.2541354059418877     
  -1.1693031245981165     
  -1.0829541813750443     
 -0.99514616768521469     
 -0.90593985197299165     
 -0.81539911631965112     
 -0.72358952432919432     
 -0.63057779625141386     
 -0.53643016593762016     
 -0.44121160491690753     
 -0.34498417347144861     
 -0.24780619331046602     
 -0.14973077808888785     
  -5.0805124144655600E-002
   4.8930636578631496E-002
  0.14944391054780495     
  0.25071038515603178     
  0.35271421510769313     
  0.45544834423802361     
  0.55891441424223132     
  0.66312270606005963     
  -2.4608990047870258     
  -2.4463208234122042     
  -2.4159899105852558     
  -2.3759652063400951     
  -2.3293508146786679     
  -2.2778779879636182     
  -2.2225697624495542     
  -2.1640564123651820     
  -2.1027362715845528     
  -2.0388662548515741     
  -1.9726131271986931     
  -1.9040866470901909     
  -1.8333591529351483     
  -1.7604801735309834     
  -1.6854848659258208     
  -1.6084014674939431     
  -1.5292551382833475     
  -1.4480721466903355     
  -1.3648814894216390     
  -1.2797172850313039     
  -1.1926191062333273     
  -1.1036331855518136     
  -1.0128118653650620     
 -0.92021390381268442     
 -0.82590326755492938     
 -0.72994873522761738     
 -0.63242222416942628     
 -0.53339789124104042     
 -0.43295020587267713     
 -0.33115277589149139     
 -0.22807640243843361     
 -0.12378787033642084     
  -1.8348214609953499E-002
   8.8188310250178620E-002
  0.19577556824727171     
  0.30437624260121160     
  0.41396267189835428     
  0.52451715520914144     
  0.63603226850235850     
  0.74851079276496546     
  -2.4829406682822412     
  -2.4688548501571463     
  -2.4395201411439196     
  -2.4007536938970540     
  -2.3555229051511590     
  -2.3054714471030904     
  -2.2515623598427132     
  -2.1943796440376735     
  -2.1342851444258328     
  -2.0715035633856371     
  -2.0061738309073784     
  -1.9383791151709917     
  -1.8681676835155374     
  -1.7955653079614535     
  -1.7205853662003359     
  -1.6432345778937616     
  -1.5635186303719320     
  -1.4814449681459241     
  -1.3970261916983715     
  -1.3102812775336767     
  -1.2212375959697275     
  -1.1299310826585944     
  -1.0364071969331301     
 -0.94072025062775433     
 -0.84293345281789800     
 -0.74311752056889124     
 -0.64134994148460511     
 -0.53771302126474896     
 -0.43229255457422366     
 -0.32517553639923841     
 -0.21644850465576407     
 -0.10619520321393559     
   5.5051001925368517E-003
  0.11857970012317139     
  0.23296387702415805     
  0.34860248666020527     
  0.46545092377491681     
  0.58347607374440680     
  0.70265673320647382     
  0.82298390600510751     
  -2.5058539581112580     
  -2.4922942362058462     
  -2.4640275709957979     
  -2.4266197389946593     
  -2.3828957981190571     
  -2.3344110800879343     
  -2.2820668460253746     
  -2.2264017217760661     
  -2.1677400482507982     
  -2.1062753246932022     
  -2.0421175295813310     
  -1.9753238031031490     
  -1.9059167433833306     
  -1.8338982017330467     
  -1.7592574995327595     
  -1.6819788185873206     
  -1.6020453629105218     
  -1.5194438997791384     
  -1.4341670028393030     
  -1.3462160294423549     
  -1.2556022091876049     
  -1.1623484930608907     
  -1.0664897183324529     
 -0.96807343658107603     
 -0.86715919642839001     
 -0.76381836998228081     
 -0.65813258378829820     
 -0.55019261194716429     
 -0.44009607796509626     
 -0.32794560472469014     
 -0.21384604475242452     
  -9.7902209685810371E-002
   1.9784000450805292E-002
  0.13911588531210772     
  0.26000450985771117     
  0.38237062174993708     
  0.50614657258322970     
  0.63127758921815891     
  0.75772286082615836     
  0.88545606003023103     
  -2.5296065020959806     
  -2.5166061590479245     
  -2.4894805022947630     
  -2.4535324404990786     
  -2.4114416453395515     
  -2.3646725187311399     
  -2.3140652454156889     
  -2.2601122562751716     
  -2.2031017648544058     
  -2.1431954857592017     
  -2.0804756060426381     
  -2.0149723156779742     
  -1.9466830564803470     
  -1.8755841589504938     
  -1.8016404755854778     
  -1.7248111537678401     
  -1.6450554175723506     
  -1.5623358826956053     
  -1.4766225243012168     
  -1.3878947483739739     
  -1.2961442419337252     
  -1.2013761639342526     
  -1.1036110212466006     
  -1.0028849813716672     
 -0.89925069260825352     
 -0.79277659953462210     
 -0.68354659187047284     
 -0.57165824514309538     
 -0.45722129089473823     
 -0.34035486729777109     
 -0.22118500574799188     
  -9.9841198345084356E-002
   2.3546684015778675E-002
  0.14885200775789162     
  0.27595446911610433     
  0.40474332127241958     
  0.53511992708027589     
  0.66700011602285680     
  0.80031581321047940     
  0.93501627010897104     
  -2.5541633029110296     
  -2.5417560663542442     
  -2.5158439031368971     
  -2.4814579154261369     
  -2.4411275905247960     
  -2.3962262445920461     
  -2.3475320142403779     
  -2.2954926680812546     
  -2.2403601323260678     
  -2.1822660384135548     
  -2.1212645530310841     
  -2.0573601818280309     
  -1.9905244484037106     
  -1.9207085926692962     
  -1.8478513479270049     
  -1.7718860984547335     
  -1.6927452711480273     
  -1.6103652210802968     
  -1.5246892030901014     
  -1.4356711536410240     
  -1.3432779024717303     
  -1.2474921680973958     
  -1.1483140886284935     
  -1.0457633402572881     
 -0.93987977963235569     
 -0.83072440668139902     
 -0.71837881242736801     
 -0.60294469876353451     
 -0.48454190689033405     
 -0.36330637742654692     
 -0.23938678619405251     
 -0.11294114475831175     
   1.5867574910745596E-002
  0.14687564032585659     
  0.27992324112579986     
  0.41485868425810563     
  0.55154254578402850     
  0.68985105505958444     
  0.82967901585666537     
  0.97094183673833256     
  -2.5794878371880703     
  -2.5677065847432710     
  -2.5430804391240502     
  -2.5103581551934830     
  -2.4719166245991122     
  -2.4290362993079793     
  -2.3824345786037808     
  -2.3325145965821301     
  -2.2794940674549369     
  -2.2234749049928619     
  -2.1644852238100563     
  -2.1025039468556983     
  -2.0374780475001439     
  -1.9693330687716444     
  -1.8979819598048273     
  -1.8233306035615173     
  -1.7452835170890073     
  -1.6637475402268864     
  -1.5786363167040576     
  -1.4898733044464931     
  -1.3973957024391714     
  -1.3011571026279281     
  -1.2011309235312790     
  -1.0973125612971937     
 -0.98972202410199306     
 -0.87840514938251346     
 -0.76343492018412451     
 -0.64491119128953500     
 -0.52296015128104678     
 -0.39773210621632227     
 -0.26939879243399467     
 -0.13814914127656022     
  -4.1846391421654179E-003
  0.13228643338841392     
  0.27105480484925454     
  0.41191646069755056     
  0.55467839600498459     
  0.69916407407095627     
  0.84521790711417344     
  0.99270888423040782     
  -2.6055410404867789     
  -2.5944185605525787     
  -2.5711494422436281     
  -2.5401919630164076     
  -2.5037664813501701     
  -2.4630610092786753     
  -2.4187320401571912     
  -2.3711402463410125     
  -2.3204698869360127     
  -2.2667956616965443     
  -2.2101204879341094     
  -2.1503999494421508     
  -2.0875569293698817     
  -2.0214927820166633     
  -1.9520942514490025     
  -1.8792399745088624     
  -1.8028047119073680     
  -1.7226642272726722     
  -1.6386987275280616     
  -1.5507973070147436     
  -1.4588613207698928     
  -1.3628087798286750     
  -1.2625777753132161     
  -1.1581307086565849     
  -1.0494574353150390     
 -0.93657879982291048     
 -0.81954879206989040     
 -0.69845654141579505     
 -0.57342655727944647     
 -0.44461825425469448     
 -0.31222344923312523     
 -0.17646280944063095     
  -3.7580332808788273E-002
  0.10416311479924872     
  0.24849767054308242     
  0.39515267357131389     
  0.54386527310429844     
  0.69438844208252204     
  0.84649829461990977     
  0.99999999999999623     
  -2.6322823226269523     
  -2.6218501159524061     
  -2.6000078803579698     
  -2.5709139873425375     
  -2.5366304802642499     
  -2.4982519237096303     
  -2.4563757694877939     
  -2.4113210824604643     
  -2.3632414483144868     
  -2.3121857428852710     
  -2.2581346079538078     
  -2.2010216686000676     
  -2.1407483055380863     
  -2.0771925851277508     
  -2.0102167855299720     
  -1.9396721410375692     
  -1.8654038909687278     
  -1.7872547804303061     
  -1.7050695209121904     
  -1.6186982989573329     
  -1.5280014806378104     
  -1.4328536553388176     
  -1.3331488551274349     
  -1.2288051613311406     
  -1.1197702137176653     
  -1.0060258838813088     
 -0.88759329307033186     
 -0.76453648566312493     
 -0.63696563338183088     
 -0.50503819775016168     
 -0.36895873923729300     
 -0.22897608019642285     
  -8.5378532370152638E-002
   6.1513603161080149E-002
  0.21135731976445413     
  0.36379812325447214     
  0.51848196668412905     
  0.67506752225712929     
  0.83323755307161718     
  0.99270886315510398     
  -2.6596686990710543     
  -2.6499576109578449     
  -2.6296094913908292     
  -2.6024756210161586     
  -2.5704566342285111     
  -2.5345545707178978     
  -2.4953083944518024     
  -2.4529982972904278     
  -2.4077488308397559     
  -2.3595863612362056     
  -2.3084712881688101     
  -2.2543186870310028     
  -2.1970104477575334     
  -2.1364044189858147     
  -2.0723399086443401     
  -2.0046428857448189     
  -1.9331293330456298     
  -1.8576093268379990     
  -1.7778901213615994     
  -1.6937804307594193     
  -1.6050942226294331     
  -1.5116559344837661     
  -1.4133055033893500     
  -1.3099048326568508     
  -1.2013441254056298     
  -1.0875493626756005     
 -0.96848932455252801     
 -0.84418301886000580     
 -0.71470583694742684     
 -0.58019488845723788     
 -0.44085182406889190     
 -0.29694335355507873     
 -0.14879803015352197     
   3.2003547017990471E-003
  0.15862349106887788     
  0.31701245833396285     
  0.47789450908283720     
  0.64080109893189541     
  0.80528601361706831     
  0.97094179489505017     
  -2.6876557179950602     
  -2.6786948557153152     
  -2.6599056895778932     
  -2.6348242271312214     
  -2.6051884903556051     
  -2.5719076560882566     
  -2.5354644867884697     
  -2.4961018639929633     
  -2.4539186868910448     
  -2.4089211723054440     
  -2.3610533560417646     
  -2.3102145326369361     
  -2.2562711437586502     
  -2.1990636494923645     
  -2.1384121697940013     
  -2.0741197568133996     
  -2.0059759568925672     
  -1.9337591483111345     
  -1.8572398599931459     
  -1.7761835524398668     
  -1.6903548124706802     
  -1.5995215448326727     
  -1.5034608996550123     
  -1.4019656145980393     
  -1.2948522484596992     
  -1.1819699905141796     
  -1.0632111323816327     
 -0.93852173275084894     
 -0.80791300099863439     
 -0.67147161950606649     
 -0.52936887923287856     
 -0.38186656566539240     
 -0.22931903889219951     
  -7.2169621092563641E-002
   8.9058969844558536E-002
  0.25378092135816532     
  0.42136932695340595     
  0.59118274787902125     
  0.76259366751504409     
  0.93501620810787944     
  -2.7161967448973847     
  -2.7080139895551891     
  -2.6908448742546400     
  -2.6679040015622930     
  -2.6407644689467018     
  -2.6102438696099854     
  -2.5767698788948139     
  -2.5405511832564374     
  -2.5016633865185010     
  -2.4600965323284547     
  -2.4157814141693974     
  -2.3686061018869475     
  -2.3184252644807746     
  -2.2650668849512470     
  -2.2083358340445214     
  -2.1480171005403883     
  -2.0838774101030380     
  -2.0156674178103748     
  -1.9431231034839009     
  -1.8659682912508002     
  -1.7839170253290724     
  -1.6966775788292443     
  -1.6039569961313915     
  -1.5054678197559235     
  -1.4009360432131899     
  -1.2901117314925203     
  -1.1727813396855011     
  -1.0487827320789804     
 -0.91802160629485197     
 -0.78048950340259282     
 -0.63628137118484884     
 -0.48561169059304771     
 -0.32882623396793209     
 -0.16640750579492072     
   1.0292043151911871E-003
  0.17275061930173083     
  0.34793224630027625     
  0.52569566539754242     
  0.70515338749762946     
  0.88545597877544613     
  -2.7452437960260112     
  -2.7378648554674876     
  -2.7223732694823961     
  -2.7016554014733023     
  -2.6771187076483365     
  -2.6494893697004018     
  -2.6191424746130751     
  -2.5862545602549432     
  -2.5508816718637131     
  -2.5130007772764116     
  -2.4725340439760433     
  -2.4293623162719484     
  -2.3833339152907582     
  -2.3342691894453425     
  -2.2819638886892473     
  -2.2261904238493031     
  -2.1666991721881681     
  -2.1032186034552378     
  -2.0354560504558732     
  -1.9630979459245665     
  -1.8858112198036863     
  -1.8032448703886987     
  -1.7150333774655282     
  -1.6208012383064538     
  -1.5201703100621728     
  -1.4127694982742232     
  -1.2982484042525944     
  -1.1762945249335772     
  -1.0466551790467029     
 -0.90916322769785807     
 -0.76376651689938435     
 -0.61055857827707671     
 -0.44980820731696136     
 -0.28198308510191838     
 -0.10776261213262033     
   7.1966106012754244E-002
  0.25613338733772573     
  0.44353541287549736     
  0.63290312514420410     
  0.82298380668150684     
  -2.7747469805271137     
  -2.7681957905933725     
  -2.7544344127350993     
  -2.7360159687206771     
  -2.7141806432348399     
  -2.6895646502672381     
  -2.6624919283186848     
  -2.6331100799595824     
  -2.6014583600647696     
  -2.5675049610053113     
  -2.5311672938290539     
  -2.4923243450769679     
  -2.4508231456039331     
  -2.4064829720563279     
  -2.3590968273666948     
  -2.3084323821029749     
  -2.2542313333560240     
  -2.1962088774733961     
  -2.1340521826340053     
  -2.0674193764639797     
  -1.9959380704752168     
  -1.9192049152216646     
  -1.8367854907027332     
  -1.7482161508465039     
  -1.6530075594247498     
  -1.5506518040670594     
  -1.4406333648640510     
  -1.3224461077526373     
  -1.1956169501668776     
  -1.0597381718212866     
 -0.91450842344224903     
 -0.75978259113408364     
 -0.59562759774237040     
 -0.42237946766935658     
 -0.24069263866351526     
  -5.1569983123161425E-002
  0.14364055522915908     
  0.34329457638441119     
  0.54555039133321448     
  0.74851067682091088     
  -2.8046552338749042     
  -2.7989531658566098     
  -2.7869699218404898     
  -2.7709199651376286     
  -2.7518758571922319     
  -2.7303843242971353     
  -2.7067205965243923     
  -2.6810055537745363     
  -2.6532653746795396     
  -2.6234628877514758     
  -2.5915156241456039     
  -2.5573054328823530     
  -2.5206843292160790     
  -2.4814768692257574     
  -2.4394813578666588     
  -2.3944691127008029     
  -2.3461833680248940     
  -2.2943367982032816     
  -2.2386089655064039     
  -2.1786426935921699     
  -2.1140405740252564     
  -2.0443607853379864     
  -1.9691134959309975     
  -1.8877574045119323     
  -1.7996980030725562     
  -1.7042878104138766     
  -1.6008308696446720     
  -1.4885928979020084     
  -1.3668205159695286     
  -1.2347723261191808     
  -1.0917661542682326     
 -0.93724537550831177     
 -0.77086662446091203     
 -0.59260658390156196     
 -0.40287975564413364     
 -0.20264876539925342     
   6.5019538236476644E-003
  0.22236751192843252     
  0.44223516283321329     
  0.66312257518627660     
  -2.8349159192842222     
  -2.8300820807919620     
  -2.8199191644572221     
  -2.8062991493230665     
  -2.7901259021582465     
  -2.7718580489644458     
  -2.7517235935778359     
  -2.7298196475885068     
  -2.7061620699069677     
  -2.6807124401070217     
  -2.6533924352996903     
  -2.6240922554074086     
  -2.5926745629329706     
  -2.5589765476844097     
  -2.5228097283542628     
  -2.4839590151692899     
  -2.4421801753520791     
  -2.3971968237167074     
  -2.3486959726917012     
  -2.2963230665605634     
  -2.2396755621168452     
  -2.1782958942275399     
  -2.1116630416722457     
  -2.0391836168615929     
  -1.9601821072727050     
  -1.8738916767101381     
  -1.7794461732861167     
  -1.6758761301274794     
  -1.5621116748482833     
  -1.4369981373108960     
  -1.2993313968772933     
  -1.1479233598422400     
 -0.98170891597070131     
 -0.79990592045565490     
 -0.60223316794214821     
 -0.38917641611753084     
 -0.16226269638878207     
   7.5739475862941719E-002
  0.32082060173205756     
  0.56806465264591111     
  -2.8654754538554004     
  -2.8615260681716399     
  -2.8532199433832801     
  -2.8420826159574037     
  -2.8288491380704914     
  -2.8138906054534907     
  -2.7973898790134282     
  -2.7794223115918668     
  -2.7599966701502354     
  -2.7390764477218466     
  -2.7165919097178346     
  -2.6924462114240719     
  -2.6665187752327322     
  -2.6386660893127822     
  -2.6087214594835766     
  -2.5764931032575245     
  -2.5417615746145570     
  -2.5042756801906969     
  -2.4637476023187617     
  -2.4198462977694630     
  -2.3721896795651340     
  -2.3203345921314309     
  -2.2637649043788901     
  -2.2018767188872270     
  -2.1339609454319439     
  -2.0591824568733941     
  -1.9765564670512623     
  -1.8849224536243392     
  -1.7829182505123649     
  -1.6689584688703747     
  -1.5412262988634540     
  -1.3976934323884149     
  -1.2361928344188142     
  -1.0545801538542543     
 -0.85103083966625903     
 -0.62451981701421388     
 -0.37550048107098571     
 -0.10670428487098209     
  0.17621259354083138     
  0.46472306783930567     
  -2.8962790684314301     
  -2.8932276846384468     
  -2.8868083431969471     
  -2.8781975130773909     
  -2.8679607940511498     
  -2.8563828643666800     
  -2.8436026778840162     
  -2.8296761475624779     
  -2.8146072220466434     
  -2.7983646374409483     
  -2.7808906792552150     
  -2.7621061182235938     
  -2.7419122192490857     
  -2.7201914296364884     
  -2.6968064561127942     
  -2.6715986225436619     
  -2.6443848789379505     
  -2.6149540403461811     
  -2.5830614727072851     
  -2.5484225578835891     
  -2.5107039979628105     
  -2.4695129877178581     
  -2.4243830564068087     
  -2.3747561583931511     
  -2.3199593695516265     
  -2.2591751117881866     
  -2.1914026394205184     
  -2.1154090319297953     
  -2.0296672331783472     
  -1.9322802078506509     
  -1.8208923913974076     
  -1.6925968722586053     
  -1.5438605912108094     
  -1.3705184593868069     
  -1.1679369526693910     
 -0.93152602100140158     
 -0.65787045545118594     
 -0.34678052040346324     
  -4.2785786579081766E-003
  0.35460477386169115     
  -2.9272713184006696     
  -2.9251283771539547     
  -2.9206193222107202     
  -2.9145690756642884     
  -2.9073737745758641     
  -2.8992321409902408     
  -2.8902406717952740     
  -2.8804372911536902     
  -2.8698234076403186     
  -2.8583753216316632     
  -2.8460505783585157     
  -2.8327910633237834     
  -2.8185245489688144     
  -2.8031647581556776     
  -2.7866107408627383     
  -2.7687451893628148     
  -2.7494321627300073     
  -2.7285136762478159     
  -2.7058054108467422     
  -2.6810908471455539     
  -2.6541138142814740     
  -2.6245684946214576     
  -2.5920864198761007     
  -2.5562189418559642     
  -2.5164138114392451     
  -2.4719831165029107     
  -2.4220592971878330     
  -2.3655337477235689     
  -2.3009706087194406     
  -2.2264844582983403     
  -2.1395665724528143     
  -2.0368391769141150     
  -1.9137153617236997     
  -1.7639523104442920     
  -1.5791350349090369     
  -1.3482811896303846     
  -1.0581601391235747     
 -0.69582718681269662     
 -0.25647760041820172     
  0.23931554349332462     
  -2.9583959988210164     
  -2.9571689597338806     
  -2.9545867283866598     
  -2.9511212653448751     
  -2.9469989364396953     
  -2.9423331663765269     
  -2.9371787422626960     
  -2.9315569589360688     
  -2.9254680558331674     
  -2.9188978881028391     
  -2.9118213739095138     
  -2.9042043844219401     
  -2.8960044305613515     
  -2.8871707806360600     
  -2.8776438778802484     
  -2.8673543947451705     
  -2.8562216413717172     
  -2.8441515161769821     
  -2.8310336192507051     
  -2.8167375637370049     
  -2.8011079588425649     
  -2.7839578447622291     
  -2.7650597346527128     
  -2.7441335115275578     
  -2.7208295683387966     
  -2.6947051720471089     
  -2.6651904445828234     
  -2.6315385710664625     
  -2.5927509361753724     
  -2.5474617538498752     
  -2.4937548135701038     
  -2.4288632981702758     
  -2.3486615212961106     
  -2.2467768973189282     
  -2.1129986061808181     
  -1.9304044452434044     
  -1.6703621689549504     
  -1.2852012508508786     
 -0.70487976797482021     
  0.12053655341516759     
  -2.9895965313459580     
  -2.9892896358491878     
  -2.9886437839279001     
  -2.9877769820771611     
  -2.9867458354099883     
  -2.9855786795501529     
  -2.9842892055341355     
  -2.9828827041367134     
  -2.9813592175460517     
  -2.9797151652555978     
  -2.9779442446845144     
  -2.9760378630238811     
  -2.9739853439610582     
  -2.9717739173409896     
  -2.9693886038893256     
  -2.9668119386817442     
  -2.9640235968639375     
  -2.9609998379536124     
  -2.9577127966458798     
  -2.9541295074969414     
  -2.9502106418274874     
  -2.9459087876519425     
  -2.9411661547718233     
  -2.9359114034695128     
  -2.9300552590781495     
  -2.9234842735426620     
  -2.9160518289122592     
  -2.9075648013125184     
  -2.8977633258263551     
  -2.8862891106121160     
  -2.8726341046423087     
  -2.8560535072248907     
  -2.8354085531810331     
  -2.8088503802934452     
  -2.7730651029797024     
  -2.7210259298452963     
  -2.6338598349211910     
  -2.4478274090331560     
  -1.9140916077207759     
  -1.3113416911741456E-007
