 -0.21752464986086228     
 -0.21612757681968914     
 -0.21337431562011910     
 -0.21003584948283430     
 -0.20657440694358414     
 -0.20329790631040606     
 -0.20042911733315485     
 -0.19814256654437978     
 -0.19658200522974409     
 -0.19587257946804876     
 -0.19612581302050530     
 -0.19744491308562423     
 -0.19992599681759235     
 -0.20366104036889829     
 -0.20873780453703497     
 -0.21524181602762804     
 -0.22325581378834769     
 -0.23286125927547038     
 -0.24413761682598636     
 -0.25716359199723871     
 -0.27201637812717855     
 -0.28877270996709253     
 -0.30750813661506093     
 -0.32829793161310861     
 -0.35121642125048796     
 -0.37633777198429552     
 -0.40373538856845337     
 -0.43348259025578517     
 -0.46565208597516938     
 -0.50031654630749867     
 -0.53754815909944409     
 -0.57741910208874025     
 -0.62000118016488970     
 -0.66536620256267109     
 -0.71358570163886614     
 -0.76473121818418521     
 -0.81887410068040833     
 -0.87608570221340121     
 -0.93643725850586124     
  -1.0000000000000000     
 -0.21757749854200725     
 -0.21617801421622299     
 -0.21341943007412131     
 -0.21007167775606564     
 -0.20659723147890455     
 -0.20330262989148593     
 -0.20041079212324564     
 -0.19809490997964455     
 -0.19649887119115086     
 -0.19574655476669703     
 -0.19594960414396592     
 -0.19721002412579794     
 -0.19962402668398016     
 -0.20328244600608017     
 -0.20827310634674984     
 -0.21468044920271956     
 -0.22258724051757542     
 -0.23207391012204578     
 -0.24321990883532701     
 -0.25610296141810340     
 -0.27080020401308019     
 -0.28738743904671066     
 -0.30594011240180313     
 -0.32653261179456916     
 -0.34923911270769542     
 -0.37413294064874214     
 -0.40128730111248112     
 -0.43077471594667666     
 -0.46266764614019068     
 -0.49703800729624098     
 -0.53395769095881440     
 -0.57349816133046538     
 -0.61573087941226157     
 -0.66072698141435016     
 -0.70855760937290846     
 -0.75929367061612818     
 -0.81300607833127292     
 -0.86976559068277415     
 -0.92964296482777142     
 -0.99270887369275973     
 -0.21773575593360064     
 -0.21632990034273047     
 -0.21355466501762713     
 -0.21018002838655431     
 -0.20666604643835135     
 -0.20331822143676098     
 -0.20035689951135718     
 -0.19795422782739461     
 -0.19625163690825098     
 -0.19537200280696160     
 -0.19542462835231597     
 -0.19651053819415784     
 -0.19872370376386164     
 -0.20215398301682555     
 -0.20688704536771940     
 -0.21300634492329437     
 -0.22059256664358085     
 -0.22972512960523234     
 -0.24048146757114067     
 -0.25293826126068908     
 -0.26717068542026545     
 -0.28325345728847939     
 -0.30126011032308686     
 -0.32126390000102090     
 -0.34333713315746872     
 -0.36755195192729806     
 -0.39397973309113893     
 -0.42269176154274002     
 -0.45375870678867636     
 -0.48725119284797291     
 -0.52323935521277432     
 -0.56179331196662596     
 -0.60298280233898105     
 -0.64687756287678300     
 -0.69354704739438477     
 -0.74306071167402854     
 -0.79548781372141342     
 -0.85089761041497125     
 -0.90935923632244131     
 -0.97094181581669503     
 -0.21800017912135020     
 -0.21658333716576611     
 -0.21378128378999892     
 -0.21036192493924033     
 -0.20678339611798607     
 -0.20334743117533341     
 -0.20027212319044113     
 -0.19772593743836128     
 -0.19584814328169525     
 -0.19475811204960861     
 -0.19456306873669416     
 -0.19536068506991650     
 -0.19724290529950786     
 -0.20029635912957042     
 -0.20460471241301409     
 -0.21024829357552152     
 -0.21730578589103244     
 -0.22585356700677406     
 -0.23596705301323725     
 -0.24771995211481235     
 -0.26118539083624209     
 -0.27643517020994213     
 -0.29354073346701026     
 -0.31257246621291629     
 -0.33360053456011679     
 -0.35669424960639068     
 -0.38192279115990924     
 -0.40935464661545434     
 -0.43905822891332003     
 -0.47110139465955392     
 -0.50555196185789331     
 -0.54247730925334070     
 -0.58194479793907183     
 -0.62402145222601835     
 -0.66877428862834121     
 -0.71627007749867333     
 -0.76657558272639170     
 -0.81975740263965124     
 -0.87588212379966279     
 -0.93501623910842879     
 -0.21837093806743171     
 -0.21693955639652374     
 -0.21410031289627965     
 -0.21062008681764680     
 -0.20695246239813991     
 -0.20339578262528654     
 -0.20016322681902193     
 -0.19741991339940207     
 -0.19530042146856574     
 -0.19392092803238933     
 -0.19338418392619222     
 -0.19378477684723094     
 -0.19521035189507541     
 -0.19774452378746199     
 -0.20146679998053502     
 -0.20645453014006349     
 -0.21278235200461185     
 -0.22052367383547186     
 -0.22974995565830172     
 -0.24053192337849755     
 -0.25293881733333623     
 -0.26703942519170254     
 -0.28290135791973814     
 -0.30059194255142335     
 -0.32017755444342810     
 -0.34172439060710241     
 -0.36529787250239354     
 -0.39096331112887944     
 -0.41878538730586734     
 -0.44882871519291545     
 -0.48115740313684641     
 -0.51583552015251866     
 -0.55292673824404004     
 -0.59249470543050231     
 -0.63460276913993841     
 -0.67931425902883402     
 -0.72669229019161807     
 -0.77679995899937992     
 -0.82970022425374856     
 -0.88545601940284191     
 -0.21884921848979602     
 -0.21739929220818219     
 -0.21451410060838572     
 -0.21095733021940086     
 -0.20717853060018898     
 -0.20347000269379314     
 -0.20004039436967622     
 -0.19704893515658067     
 -0.19462587798938813     
 -0.19288179933583968     
 -0.19191530732308398     
 -0.19181562717841963     
 -0.19266638760911561     
 -0.19454603014459609     
 -0.19753012626773758     
 -0.20169100290941772     
 -0.20709940541643915     
 -0.21382383756559817     
 -0.22193187983567561     
 -0.23148944455460391     
 -0.24256187963489775     
 -0.25521322714444072     
 -0.26950717183288259     
 -0.28550634456808338     
 -0.30327314455217352     
 -0.32286910783725342     
 -0.34435561822319466     
 -0.36779335075468467     
 -0.39324287968994415     
 -0.42076420156408029     
 -0.45041724545682105     
 -0.48226147731081176     
 -0.51635631626908807     
 -0.55276082026680651     
 -0.59153401162249919     
 -0.63273464289151515     
 -0.67642143475830696     
 -0.72265292044932483     
 -0.77148759906543718     
 -0.82298385634331028     
 -0.21943559024860115     
 -0.21796435505889741     
 -0.21502469965239707     
 -0.21137806172294546     
 -0.20746739089147764     
 -0.20357939027091995     
 -0.19991563638269680     
 -0.19662989214749796     
 -0.19384568140100583     
 -0.19166838007379350     
 -0.19019018192704418     
 -0.18949530859260308     
 -0.18966122358116755     
 -0.19076149987531954     
 -0.19286574111982796     
 -0.19604149263696191     
 -0.20035368758998159     
 -0.20586609546980195     
 -0.21264060479645203     
 -0.22073840722601051     
 -0.23021924847385491     
 -0.24114243511721115     
 -0.25356611386292027     
 -0.26754814217173106     
 -0.28314542475096643     
 -0.30041466863577132     
 -0.31941179104534023     
 -0.34019256992481262     
 -0.36281212988066824     
 -0.38732549454341486     
 -0.41378715334921312     
 -0.44225151987423339     
 -0.47277258002326822     
 -0.50540425951911472     
 -0.54020015276109890     
 -0.57721380233360753     
 -0.61649850698377739     
 -0.65810751603106854     
 -0.70209391435897917     
 -0.74851073479294106     
 -0.22013158050469739     
 -0.21863600850901480     
 -0.21563538714957833     
 -0.21188666647273849     
 -0.20782674316606894     
 -0.20373420272700229     
 -0.19980403261035418     
 -0.19618214121982835     
 -0.19298579617231956     
 -0.19031292083175316     
 -0.18824973535962519     
 -0.18687333094549172     
 -0.18625539857895149     
 -0.18646263463191343     
 -0.18755900957175922     
 -0.18960539358699915     
 -0.19266117709417752     
 -0.19678361242670633     
 -0.20202909422098572     
 -0.20845241702831313     
 -0.21610784547046649     
 -0.22504837603131345     
 -0.23532665642315168     
 -0.24699429313742399     
 -0.26010264903430769     
 -0.27470221692108826     
 -0.29084331031767952     
 -0.30857551285733897     
 -0.32794827039886454     
 -0.34901042057623860     
 -0.37181069112479803     
 -0.39639731091058483     
 -0.42281841779715557     
 -0.45112175077630429     
 -0.48135497009037648     
 -0.51356542906921332     
 -0.54780040910629069     
 -0.58410696916644078     
 -0.62253209835507772     
 -0.66312264062317072     
 -0.22093805504749250     
 -0.21941650634755061     
 -0.21634905102165328     
 -0.21248895043596538     
 -0.20826457955975425     
 -0.20394694584227396     
 -0.19972208282191220     
 -0.19572859111660257     
 -0.19207526133923747     
 -0.18885309152728705     
 -0.18614023575206304     
 -0.18400714062573856     
 -0.18251775185639554     
 -0.18173232201125938     
 -0.18170733138812648     
 -0.18249734775215265     
 -0.18415447480161459     
 -0.18672975487423468     
 -0.19027245466844209     
 -0.19483120812265839     
 -0.20045327069391369     
 -0.20718548950901930     
 -0.21507358652355676     
 -0.22416299735971448     
 -0.23449821250203151     
 -0.24612350566411792     
 -0.25908234728570362     
 -0.27341803342512944     
 -0.28917317818622462     
 -0.30639024926522579     
 -0.32511114180005973     
 -0.34537762431696190     
 -0.36723099416624433     
 -0.39071243654478033     
 -0.41586276033550390     
 -0.44272267253097275     
 -0.47133259249387482     
 -0.50173284414718244     
 -0.53396354617625519     
 -0.56806472459345181     
 -0.22185675297404389     
 -0.22030748576648532     
 -0.21716966391560127     
 -0.21319052983683734     
 -0.20879052430756667     
 -0.20423073404848588     
 -0.19968885287486740     
 -0.19529399224702043     
 -0.19114708165028005     
 -0.18733014744664747     
 -0.18391386113642705     
 -0.18096009888441694     
 -0.17852559617343342     
 -0.17666235138787145     
 -0.17541983367202069     
 -0.17484461179910979     
 -0.17498192117865091     
 -0.17587500991850505     
 -0.17756637062815614     
 -0.18009700220749600     
 -0.18350743586509258     
 -0.18783700089727068     
 -0.19312470469338736     
 -0.19940854454039156     
 -0.20672627111422240     
 -0.21511476702032378     
 -0.22461070904875746     
 -0.23525002346697813     
 -0.24706845525430163     
 -0.26010110442393752     
 -0.27438290687007216     
 -0.28994825276770442     
 -0.30683138191087667     
 -0.32506608337750731     
 -0.34468600749958622     
 -0.36572444489966349     
 -0.38821455707574554     
 -0.41218923228780935     
 -0.43768123690513344     
 -0.46472314524833586     
 -0.22288869314128704     
 -0.22131145992673801     
 -0.21810068674226923     
 -0.21399821702899960     
 -0.20941421387465270     
 -0.20460050158854126     
 -0.19972429170839720     
 -0.19490590773241639     
 -0.19023642746715744     
 -0.18578958985495209     
 -0.18162671641925821     
 -0.17780175404062307     
 -0.17436247460273605     
 -0.17135321028794703     
 -0.16881477823606705     
 -0.16678627902687251     
 -0.16530455177403558     
 -0.16440552155574945     
 -0.16412349131612550     
 -0.16449223372523164     
 -0.16554425045631407     
 -0.16731169557711018     
 -0.16982566293159634     
 -0.17311698313395635     
 -0.17721556895194460     
 -0.18215110746216420     
 -0.18795247834241116     
 -0.19464835265866059     
 -0.20226669104097969     
 -0.21083525534845360     
 -0.22038118922611002     
 -0.23093144616507072     
 -0.24251245231946381     
 -0.25515045314502177     
 -0.26887125681655150     
 -0.28370050111975187     
 -0.29966347492610895     
 -0.31678530699846058     
 -0.33509086249225523     
 -0.35460485560341282     
 -0.22403566238605416     
 -0.22243024029172181     
 -0.21914649045512566     
 -0.21491842653259724     
 -0.21014657005604817     
 -0.20507135660091058     
 -0.19985028601813096     
 -0.19459296294257936     
 -0.18938139819684163     
 -0.18427924502393384     
 -0.17933922559331139     
 -0.17460567204171576     
 -0.17011809240820241     
 -0.16591157638462620     
 -0.16201893313147120     
 -0.15847032947319017     
 -0.15529479560717935     
 -0.15251958082892486     
 -0.15017132858646598     
 -0.14827534585505225     
 -0.14685657592567936     
 -0.14593886952973345     
 -0.14554581560605809     
 -0.14570005703271274     
 -0.14642400988467072     
 -0.14773924555050597     
 -0.14966711474768421     
 -0.15222820692854025     
 -0.15544288792875929     
 -0.15933084144341536     
 -0.16391152515521820     
 -0.16920379540502853     
 -0.17522628446256688     
 -0.18199710729111160     
 -0.18953416155577613     
 -0.19785491405903760     
 -0.20697662472588646     
 -0.21691620954892019     
 -0.22769038988405069     
 -0.23931562837575920     
 -0.22529865960128312     
 -0.22366637764717889     
 -0.22031079086990751     
 -0.21595850105461095     
 -0.21099819596726582     
 -0.20565971626307508     
 -0.20008896840123266     
 -0.19438571504644653     
 -0.18862117825428523     
 -0.18284978726714091     
 -0.17711405834605271     
 -0.17144952346741429     
 -0.16588592496803770     
 -0.16044986870347852     
 -0.15516475972939348     
 -0.15005253340267466     
 -0.14513312486886634     
 -0.14042575537730101     
 -0.13594823642271830     
 -0.13171800357204574     
 -0.12775138421040924     
 -0.12406446558225523     
 -0.12067238725438995     
 -0.11759008639172507     
 -0.11483164610607462     
 -0.11241094094202449     
 -0.11034105747085721     
 -0.10863485277714664     
 -0.10730445546240219     
 -0.10636174427239796     
 -0.10581793270896811     
 -0.10568397165047989     
 -0.10597021761389870     
 -0.10668676135099250     
 -0.10784317780629503     
 -0.10944878175013521     
 -0.11151245628632052     
 -0.11404283632043097     
 -0.11704821184106969     
 -0.12053664020053710     
 -0.22667933024027689     
 -0.22502162672808668     
 -0.22159801325198838     
 -0.21712515045955239     
 -0.21198058261579794     
 -0.20638167694591997     
 -0.20046368915970625     
 -0.19431489352462764     
 -0.18799669305714042     
 -0.18155277486615312     
 -0.17501638129876732     
 -0.16841282754709344     
 -0.16176296588032285     
 -0.15508360017078468     
 -0.14838954827139156     
 -0.14169329940960784     
 -0.13500645526422134     
 -0.12833910461581782     
 -0.12170093763569642     
 -0.11510052954689427     
 -0.10854625418301166     
 -0.10204556382677732     
  -9.5605762457208213E-002
  -8.9233325545376052E-002
  -8.2934564954389320E-002
  -7.6715012247167147E-002
  -7.0579993397224414E-002
  -6.4534088429598194E-002
  -5.8581626547220537E-002
  -5.2726228451648580E-002
  -4.6971227920050110E-002
  -4.1319298876852144E-002
  -3.5772806571510066E-002
  -3.0333518567345844E-002
  -2.5002886928788780E-002
  -1.9781840389090827E-002
  -1.4670998079607679E-002
  -9.6705390077394694E-003
  -4.7803476433710586E-003
   4.3711389779819832E-008
 -0.22817846063197819     
 -0.22649832948467405     
 -0.22301177300253233     
 -0.21842571579114314     
 -0.21310454021428429     
 -0.20725407838988030     
 -0.20099734299223643     
 -0.19441218385859788     
 -0.18754875992454043     
 -0.18044106569133070     
 -0.17311174888666600     
 -0.16557690347227691     
 -0.15784726178167494     
 -0.14993075861209962     
 -0.14183248843802140     
 -0.13355636756020922     
 -0.12510463025099261     
 -0.11647905329574773     
 -0.10768028307123785     
  -9.8708809100104586E-002
  -8.9564247544826558E-002
  -8.0246148813782628E-002
  -7.0753298227580044E-002
  -6.1084401402307073E-002
  -5.1237434732362253E-002
  -4.1210233536228179E-002
  -3.0999911082962260E-002
  -2.0603364757864208E-002
  -1.0016774289781254E-002
   7.6396467824479898E-004
   1.1743657922053943E-002
   2.2927446244995344E-002
   3.4321137075467176E-002
   4.5930902595601147E-002
   5.7763527171886181E-002
   6.9826169122112175E-002
   8.2126527483803696E-002
   9.4672667460173138E-002
  0.10747311116208351     
  0.12053672698590635     
 -0.22979735215128008     
 -0.22809793522437391     
 -0.22455617890428900     
 -0.21986665806465083     
 -0.21438133997917858     
 -0.20829291354880958     
 -0.20171326895486461     
 -0.19470849278678021     
 -0.18731866068369479     
 -0.17956685790730997     
 -0.17146625508853489     
 -0.16302259468710578     
 -0.15423754100797998     
 -0.14510911174680874     
 -0.13563366312103650     
 -0.12580558038933376     
 -0.11561865635195601     
 -0.10506549954347637     
  -9.4138589819575791E-002
  -8.2829588507136315E-002
  -7.1130192326242944E-002
  -5.9031429810649801E-002
  -4.6524372802611708E-002
  -3.3599463051808866E-002
  -2.0247114463814730E-002
  -6.4570955034886999E-003
   7.7809569881474002E-003
   2.2478083679842512E-002
   3.7645563571647160E-002
   5.3295378599701945E-002
   6.9439840151588286E-002
   8.6091967669571015E-002
  0.10326517566336436     
  0.12097356550518214     
  0.13923167062057482     
  0.15805466369471993     
  0.17745815969827927     
  0.19745834281649749     
  0.21807182802779271     
  0.23931571325819154     
 -0.23153637828126880     
 -0.22982232056359189     
 -0.22623437436479940     
 -0.22145475914146945     
 -0.21582120085598339     
 -0.20951432848049367     
 -0.20263362451580449     
 -0.19523466426548797     
 -0.18734632877215754     
 -0.17898203180651409     
 -0.17014444660355413     
 -0.16083013840652802     
 -0.15103075539381139     
 -0.14073549819783007     
 -0.12993111153464729     
 -0.11860348019893685     
 -0.10673716905198337     
  -9.4316591531617297E-002
  -8.1325376817794157E-002
  -6.7747288128021207E-002
  -5.3565535893052657E-002
  -3.8763526520442126E-002
  -2.3324179809004641E-002
  -7.2305510290919415E-003
   9.5348142482825464E-003
   2.6989358038626135E-002
   4.5151096226696066E-002
   6.4038177721676859E-002
   8.3669397207119717E-002
  0.10406382205846053     
  0.12524122214529351     
  0.14722175531147574     
  0.17002630948890685     
  0.19367624140410897     
  0.21819363044100681     
  0.24360106849340493     
  0.26992182842124257     
  0.29717970532505028     
  0.32539910482759021     
  0.35460493734513138     
 -0.23339629236408782     
 -0.23167237812803462     
 -0.22804977584079347     
 -0.22319567732339587     
 -0.21743436932466167     
 -0.21093309608054772     
 -0.20378022627005871     
 -0.19601980445406170     
 -0.18767086468272576     
 -0.17873624499039073     
 -0.16920941915202414     
 -0.15907693911435250     
 -0.14832165647740364     
 -0.13692317880974936     
 -0.12485977772549285     
 -0.11210812947289985     
  -9.8644638136385090E-002
  -8.4444897976926295E-002
  -6.9484700081073505E-002
  -5.3739389115171156E-002
  -3.7184666018163157E-002
  -1.9795917078259076E-002
  -1.5488675724800545E-003
   1.7581075433013488E-002
   3.7618286078245029E-002
   5.8587536699780750E-002
   8.0513554372174348E-002
  0.10342157823323880     
  0.12733699134250268     
  0.15228580360890867     
  0.17829434466149188     
  0.20538966221136501     
  0.23359926577820228     
  0.26295143517573832     
  0.29347500926279468     
  0.32519960401300801     
  0.35815544439804625     
  0.39237349555783713     
  0.42788533888373254     
  0.46472322265736243     
 -0.23537685957549667     
 -0.23364926812547487     
 -0.23000468907691257     
 -0.22509508456727095     
 -0.21922968161418735     
 -0.21256355927969739     
 -0.20517300052435788     
 -0.19709194933097363     
 -0.18832880122372433     
 -0.17887723546279158     
 -0.16872081165347858     
 -0.15783741123323403     
 -0.14620042431467020     
 -0.13378111770775369     
 -0.12054867360523149     
 -0.10647172462968570     
  -9.1517958541944361E-002
  -7.5655242723526264E-002
  -5.8851055959439201E-002
  -4.1073365916997874E-002
  -2.2289995820069103E-002
  -2.4693268924800573E-003
   1.8420348617472670E-002
   4.0410261977206506E-002
   6.3531798259833655E-002
   8.7816042023044841E-002
  0.11329436833335683     
  0.13999807800647110     
  0.16795893017063043     
  0.19720884781919654     
  0.22778037575669424     
  0.25970644020758860     
  0.29302072021452003     
  0.32775744939081636     
  0.36395169426754698     
  0.40163919147776644     
  0.44085653233265387     
  0.48164103374935402     
  0.52403083339757794     
  0.56806479654098829     
 -0.23747809258477023     
 -0.23575308819256188     
 -0.23210147965247035     
 -0.22715730546358168     
 -0.22121558477890091     
 -0.21441819260117406     
 -0.20683077795730370     
 -0.19847648425860578     
 -0.18935458862508850     
 -0.17944902070962326     
 -0.16873489127944619     
 -0.15718086958856936     
 -0.14475225677414588     
 -0.13141147043996387     
 -0.11711987426492447     
 -0.10183758533026430     
  -8.5524752049657926E-002
  -6.8141095757636563E-002
  -4.9646885787827742E-002
  -3.0002372190063957E-002
  -9.1685573749956586E-003
   1.2893413493122998E-002
   3.6221638980032840E-002
   6.0854079758382300E-002
   8.6828076658504338E-002
  0.11418095496359959     
  0.14294965221355785     
  0.17317128771120607     
  0.20488287826811297     
  0.23812185233543803     
  0.27292583185767172     
  0.30933307192436127     
  0.34738228913172658     
  0.38711301180645818     
  0.42856544019723836     
  0.47178069880614787     
  0.51680072037035762     
  0.56366839922318035     
  0.61242749770725891     
  0.66312270606005963     
 -0.23969897002586174     
 -0.23798405185749008     
 -0.23434127803521357     
 -0.22938639053083010     
 -0.22339879380847460     
 -0.21650849642161243     
 -0.20876984917476926     
 -0.20019678265641921     
 -0.19077897896826770     
 -0.18049219662564903     
 -0.16930268557043526     
 -0.15717139825921772     
 -0.14405516146513492     
 -0.12990893001998904     
 -0.11468588013039530     
  -9.8338886432743383E-002
  -8.0820211764472058E-002
  -6.2082602689390295E-002
  -4.2078815932352846E-002
  -2.0762478868189722E-002
   1.9124546993958234E-003
   2.5991020883764895E-002
   5.1517821869513231E-002
   7.8536492499631808E-002
  0.10709028786613443     
  0.13722168202568055     
  0.16897294952549252     
  0.20238587677708803     
  0.23750231707607855     
  0.27436399094142977     
  0.31301299084682654     
  0.35349164421104495     
  0.39584294382558927     
  0.44011044868084670     
  0.48633862041558368     
  0.53457274316144288     
  0.58485915458264592     
  0.63724517483884957     
  0.69177923066758107     
  0.74851079276496546     
 -0.24203859468628172     
 -0.24034125138998585     
 -0.23672507936333784     
 -0.23178485426710380     
 -0.22578525717156650     
 -0.21884366916663500     
 -0.21100472613796004     
 -0.20227275356120430     
 -0.19262950691270392     
 -0.18204228779017159     
 -0.17047009839373239     
 -0.15786592187489734     
 -0.14417961888926326     
 -0.12935843458260998     
 -0.11334874090540495     
  -9.6095920790890341E-002
  -7.7545607456693338E-002
  -5.7643329274392682E-002
  -3.6335474010833556E-002
  -1.3568833674861596E-002
   1.0708622907674928E-002
   3.6548254402109466E-002
   6.4000136286297721E-002
   9.3113596099678786E-002
  0.12393675270199521     
  0.15651707272477275     
  0.19090104875301164     
  0.22713476378230799     
  0.26526369011695106     
  0.30533324024575303     
  0.34738865907295141     
  0.39147553196744606     
  0.43763973694952163     
  0.48592787820303668     
  0.53638726547158644     
  0.58906624616039516     
  0.64401418701853375     
  0.70128168907077537     
  0.76092055920919788     
  0.82298390600510751     
 -0.24449500924652381     
 -0.24282375859503555     
 -0.23925255015354829     
 -0.23435468413153576     
 -0.22837892690139397     
 -0.22143145981506815     
 -0.21354682935544417     
 -0.20472146961710400     
 -0.19492903189659322     
 -0.18413007473250856     
 -0.17227623323236091     
 -0.15931414956522846     
 -0.14518660684883050     
 -0.12983464469553974     
 -0.11319770296905673     
  -9.5215033875653554E-002
  -7.5825488260987742E-002
  -5.4968592070745920E-002
  -3.2584195469178741E-002
  -8.6133437764674727E-003
   1.7002133535448317E-002
   4.4318915328127317E-002
   7.3392638603646379E-002
  0.10427734649992075     
  0.13702597596445612     
  0.17168996271347015     
  0.20831976757440487     
  0.24696463465324314     
  0.28767314741754407     
  0.33049312256556423     
  0.37547217171951197     
  0.42265769763434363     
  0.47209742360599516     
  0.52383944774048719     
  0.57793269644015988     
  0.63442699188466145     
  0.69337339177125357     
  0.75482423607306715     
  0.81883335109353250     
  0.88545606003023103     
 -0.24706627179241947     
 -0.24542949152770996     
 -0.24192305435286388     
 -0.23709619198161541     
 -0.23118267119188385     
 -0.22427697159879267     
 -0.21640522760453154     
 -0.20755587340240478     
 -0.19769623829774077     
 -0.18678013907183616     
 -0.17475357863832297     
 -0.16155688530357801     
 -0.14712739149251214     
 -0.13139994284617390     
 -0.11430853004824146     
  -9.5786244534490902E-002
  -7.5766472106963065E-002
  -5.4182652729490535E-002
  -3.0969246685573215E-002
  -6.0614241160204755E-003
   2.0604125802942318E-002
   4.9089539162970909E-002
   7.9455112433235553E-002
  0.11175968277222957     
  0.14606011904151109     
  0.18241175444511393     
  0.22086804969953991     
  0.26148109130380909     
  0.30430143227948586     
  0.34937865260785644     
  0.39676136075973234     
  0.44649778806688090     
  0.49863590845902972     
  0.55322401534272392     
  0.61031089825841878     
  0.66994633990470498     
  0.73218128606543254     
  0.79706820811054346     
  0.86466121888285319     
  0.93501627010897104     
 -0.24974937856733873     
 -0.24815623308173776     
 -0.24473457321961040     
 -0.24000895784867007     
 -0.23419717358396669     
 -0.22738347863636382     
 -0.21958548065317635     
 -0.21078541077995125     
 -0.20094437031444989     
 -0.19001124831779254     
 -0.17792657093313319     
 -0.16462609064191805     
 -0.15004184570303847     
 -0.13410409848434668     
 -0.11674150711153400     
  -9.7882446473968085E-002
  -7.7454881702702275E-002
  -5.5387416148029577E-002
  -3.1609073493892449E-002
  -6.0501941774029474E-003
   2.1357804647570262E-002
   5.0681651705060067E-002
   8.1986475928325406E-002
  0.11533515885640556     
  0.15078862708325694     
  0.18840536673300393     
  0.22824179075821774     
  0.27035195100087345     
  0.31478801102237852     
  0.36160017480504097     
  0.41083727021067595     
  0.46254687919953363     
  0.51677599765199844     
  0.57357131027360719     
  0.63297985380464827     
  0.69504934804107654     
  0.75982876987574743     
  0.82736864679340028     
  0.89772146071687287     
  0.97094183673833256     
 -0.25254125167505442     
 -0.25100061119656614     
 -0.24768465437536885     
 -0.24309080724832427     
 -0.23742179407377467     
 -0.23075137926377495     
 -0.22309036661885689     
 -0.21441492299002102     
 -0.20468177210707914     
 -0.19383513474334832     
 -0.18181188328589259     
 -0.16854348603520375     
 -0.15395841526019230     
 -0.13798262156241139     
 -0.12054101263510182     
 -0.10155745119328692     
  -8.0955869804638939E-002
  -5.8660128569175268E-002
  -3.4594968211796966E-002
  -8.6858509061835312E-003
   1.9140177799458102E-002
   4.8954629738034584E-002
   8.0826795796189552E-002
  0.11482388219328343     
  0.15101034787363196     
  0.18944808330121407     
  0.23019592116298118     
  0.27330992196872878     
  0.31884312174128748     
  0.36684598202661278     
  0.41736641610768088     
  0.47045042357149952     
  0.52614238418897008     
  0.58448583412693655     
  0.64552394798767210     
  0.70930034811186127     
  0.77585964066330704     
  0.84524811498810581     
  0.91751419073061047     
  0.99270888423040782     
 -0.25543777737436002     
 -0.25395903060034014     
 -0.25076945475281603     
 -0.24633868802334230     
 -0.24085361098584818     
 -0.23437898071216720     
 -0.22691890038892476     
 -0.21844529817074426     
 -0.20891084541506164     
 -0.19825696262629652     
 -0.18641727034469319     
 -0.17332077079060210     
 -0.15889278565613671     
 -0.14305666395024952     
 -0.12573393838760813     
 -0.10684550388768543     
  -8.6311536981288225E-002
  -6.4052469912190463E-002
  -3.9988875677908771E-002
  -1.4042364346125385E-002
   1.3864487265114644E-002
   4.3807273531051377E-002
   7.5859769427199825E-002
  0.11009311127137331     
  0.14657577681773604     
  0.18537286252161467     
  0.22654610909560940     
  0.27015336722569172     
  0.31624877350550207     
  0.36488251274615968     
  0.41610124665629333     
  0.46994825378551874     
  0.52646415925651613     
  0.58568745178035209     
  0.64765545901353916     
  0.71240512423883717     
  0.77997405701068823     
  0.85040135549013163     
  0.92372850121383909     
  0.99999999999999623     
 -0.25843470083361586     
 -0.25702677469884078     
 -0.25398460888444790     
 -0.24974778379157517     
 -0.24448823046096402     
 -0.23826161671774651     
 -0.23106705493022228     
 -0.22287257135163591     
 -0.21362864588083302     
 -0.20327437390072650     
 -0.19174199009768825     
 -0.17895856131509388     
 -0.16484806553073167     
 -0.14933178274224435     
 -0.13232956082021713     
 -0.11375980050890329     
  -9.3540425100330588E-002
  -7.1588775934025267E-002
  -4.7822486992805328E-002
  -2.2159425587022493E-002
   5.4814375580940636E-003
   3.5179982079382319E-002
   6.7014038114186061E-002
  0.10105922457039339     
  0.13738803571618363     
  0.17606960918694287     
  0.21716887567211954     
  0.26074636692464737     
  0.30685756992667512     
  0.35555294319997216     
  0.40687765759834793     
  0.46087200172391252     
  0.51757166327257698     
  0.57700862689558063     
  0.63921201926672278     
  0.70420942506416695     
  0.77202811061326038     
  0.84269647332458619     
  0.91624528123783588     
  0.99270886315510398     
 -0.26152678713050864     
 -0.26019884563441703     
 -0.25732440293378162     
 -0.25331232101673784     
 -0.24831898154610182     
 -0.24239240156087410     
 -0.23552697093566677     
 -0.22768860269303795     
 -0.21882608740839282     
 -0.20887805744440555     
 -0.19777596663559588     
 -0.18544680196762414     
 -0.17181385158422607     
 -0.15679812394040143     
 -0.14031843293878662     
 -0.12229236197878575     
 -0.10263615575736695     
  -8.1265531227302859E-002
  -5.8095576858078528E-002
  -3.3041551516636979E-002
  -6.0188975394043125E-003
   2.3055890608885840E-002
   5.4265076547430985E-002
   8.7688700682926363E-002
  0.12340419465756228     
  0.16148529900306563     
  0.20200153309334082     
  0.24501711109705626     
  0.29059042347912256     
  0.33877316599963786     
  0.38961010388750361     
  0.44313872467844106     
  0.49938961001200755     
  0.55838690727285267     
  0.62014952465686002     
  0.68469249879901350     
  0.75202890766436270     
  0.82217181711261589     
  0.89513639840165027     
  0.97094179489505017     
 -0.26470861786649041     
 -0.26346919445130679     
 -0.26078255782483534     
 -0.25702482630950579     
 -0.25233767194203588     
 -0.24676152245508701     
 -0.24028767454242470     
 -0.23288040151908995     
 -0.22448860530674958     
 -0.21505108747749579     
 -0.20450036822881607     
 -0.19276408046681101     
 -0.17976666884192494     
 -0.16542965063841003     
 -0.14967260611405764     
 -0.13241308287212564     
 -0.11356733067226595     
  -9.3050135023049749E-002
  -7.0775490254209442E-002
  -4.6656508167285622E-002
  -2.0606148391318250E-002
   7.4626921881917043E-003
   3.7636295032125573E-002
   6.9999761238404068E-002
  0.10463589776264470     
  0.14162453658321664     
  0.18104117485066021     
  0.22295601032959197     
  0.26743244919705067     
  0.31452606922815701     
  0.36428331922400453     
  0.41674085281365308     
  0.47192496350481916     
  0.52985189264512000     
  0.59052858311717882     
  0.65395441851145619     
  0.72012349749851190     
  0.78902763917530638     
  0.86065957541428995     
  0.93501620810787944     
 -0.26797388055865135     
 -0.26683146438247135     
 -0.26435154030915126     
 -0.26087685956945067     
 -0.25653394335899066     
 -0.25135696111664363     
 -0.24533448821220100     
 -0.23843083446508581     
 -0.23059562391271515     
 -0.22176960772144977     
 -0.21188711681774250     
 -0.20087825834770490     
 -0.18866948043003939     
 -0.17518465805794908     
 -0.16034505939785842     
 -0.14407002603509111     
 -0.12627675434976152     
 -0.10688083000018561     
  -8.5796005846844103E-002
  -6.2934731658835188E-002
  -3.8208053815981587E-002
  -1.1526262431864888E-002
   1.7200959011190651E-002
   4.8063632056205847E-002
   8.1150938710555232E-002
  0.11654991947457760     
  0.15434440192984220     
  0.19461320367145085     
  0.23742851179147159     
  0.28285368454149096     
  0.33094134471593895     
  0.38173126101639065     
  0.43524889088706087     
  0.49150432731135618     
  0.55049246520532569     
  0.61219422487898079     
  0.67657935352595655     
  0.74361042737113758     
  0.81324798053239156     
  0.88545597877544613     
 -0.27131606185961082     
 -0.27027835418827439     
 -0.26802325583270298     
 -0.26485842007480015     
 -0.26089596912200785     
 -0.25616396671716452     
 -0.25064974267919349     
 -0.24431818248531911     
 -0.23712129008336782     
 -0.22900247949378158     
 -0.21989963807185525     
 -0.20974619666018068     
 -0.19847242215563352     
 -0.18600552561269396     
 -0.17227033867777861     
 -0.15718908960647571     
 -0.14068182757875874     
 -0.12266609503617154     
 -0.10305725714152342     
  -8.1768195950950459E-002
  -5.8709660733592475E-002
  -3.3790107160329770E-002
  -6.9162107078329007E-003
   2.2006977577152979E-002
   5.3075146937422178E-002
   8.6384008241546087E-002
  0.12202775866435564     
  0.16009750296310865     
  0.20067878725662738     
  0.24384895855605437     
  0.28967373223878951     
  0.33820374186321722     
  0.38947081752756402     
  0.44348496147084587     
  0.50023219990085777     
  0.55967441094069947     
  0.62175144872477928     
  0.68638622372158065     
  0.75349236675678011     
  0.82298380668150684     
 -0.27472786949275646     
 -0.27380225933152741     
 -0.27178850042000779     
 -0.26895860011370509     
 -0.26540997306361869     
 -0.26116573957442091     
 -0.25621239275239921     
 -0.25051687556799324     
 -0.24403421133355793     
 -0.23671208442508629     
 -0.22849273565608921     
 -0.21931462679066480     
 -0.20911279906596220     
 -0.19781961697294062     
 -0.18536460645233788     
 -0.17167482406606380     
 -0.15667448600135273     
 -0.14028514971273032     
 -0.12242525809970739     
 -0.10301022789510549     
  -8.1951996853754108E-002
  -5.9159116773174064E-002
  -3.4536428447910258E-002
  -7.9853273289616361E-003
   2.0596203972799321E-002
   5.1312846501302876E-002
   8.4271145276705359E-002
  0.11957775661000383     
  0.15733725672225765     
  0.19764869203042806     
  0.24060132346770019     
  0.28626899313698778     
  0.33470377148537955     
  0.38592892998994993     
  0.43993254026243278     
  0.49666273916696629     
  0.55602669928048520     
  0.61789480199066082     
  0.68211127881507339     
  0.74851067682091088     
 -0.27820181679224526     
 -0.27739477164819260     
 -0.27563755746941271     
 -0.27316514190384739     
 -0.27006086214814162     
 -0.26634308533350642     
 -0.26199871601635832     
 -0.25699728323192267     
 -0.25129825421171537     
 -0.24485428727036898     
 -0.23761351738696318     
 -0.22952030741543339     
 -0.22051614443184578     
 -0.21053961508509572     
 -0.19952678251917860     
 -0.18741084746895914     
 -0.17412225798188272     
 -0.15958819873142180     
 -0.14373251539549350     
 -0.12647508380216366     
 -0.10773158851294813     
  -8.7412815958293463E-002
  -6.5424351911288550E-002
  -4.1665904494602085E-002
  -1.6031094328888343E-002
   1.1592914856713099E-002
   4.1325104415281588E-002
   7.3290024838332010E-002
  0.10761605153528117     
  0.14443262529886633     
  0.18386549237555608     
  0.22602991074033721     
  0.27102101077217428     
  0.31890164089724832     
  0.36968801543857327     
  0.42333526426095136     
  0.47972597752443830     
  0.53866682910110131     
  0.59989851699507579     
  0.66312257518627660     
 -0.28172977978929370     
 -0.28104721287156625     
 -0.27955979204781445     
 -0.27746500471774160     
 -0.27483190826971138     
 -0.27167505155633426     
 -0.26798213032040796     
 -0.26372646484572432     
 -0.25887254890960665     
 -0.25337934845176208     
 -0.24720163663851147     
 -0.24029114118774528     
 -0.23259673053057159     
 -0.22406485460493919     
 -0.21463930552273516     
 -0.20426132573378541     
 -0.19286913834500247     
 -0.18039781816743430     
 -0.16677862990616507     
 -0.15193866404712500     
 -0.13579996295252081     
 -0.11827888929268185     
  -9.9285006869891293E-002
  -7.8720162492402310E-002
  -5.6477140696541563E-002
  -3.2438555426610720E-002
  -6.4755141824387923E-003
   2.1553209124341142E-002
   5.1801650727697691E-002
   8.4435773589445332E-002
  0.11963082037839159     
  0.15756534113367540     
  0.19841073449079558     
  0.24231430355624553     
  0.28937477108516912     
  0.33961009834049105     
  0.39292116385769427     
  0.44906009527987545     
  0.50761965253559316     
  0.56806465264591111     
 -0.28530346783066213     
 -0.28475027207980030     
 -0.28354414518614823     
 -0.28184407180372811     
 -0.27970530665027660     
 -0.27713875852296355     
 -0.27413386606645629     
 -0.27066818471248755     
 -0.26671233613914636     
 -0.26223219110416707     
 -0.25719038105528397     
 -0.25154676214490507     
 -0.24525896051270610     
 -0.23828227946685848     
 -0.23056985263167420     
 -0.22207228479143523     
 -0.21273755311893910     
 -0.20251043651251596     
 -0.19133216381568907     
 -0.17913958991201678     
 -0.16586451377521444     
 -0.15143249076844414     
 -0.13576167575374323     
 -0.11876109298585058     
 -0.10032879592008115     
  -8.0349370946028301E-002
  -5.8691210288560759E-002
  -3.5203141425574444E-002
  -9.7109490177490175E-003
   1.7986217073548406E-002
   4.8118423340619311E-002
   8.0945341557797507E-002
  0.11675154278621055     
  0.15583273006060591     
  0.19846655714938041     
  0.24486071412905053     
  0.29507193055377118     
  0.34889856967004118     
  0.40577278610893724     
  0.46472306783930567     
 -0.28891411692472874     
 -0.28849442593869257     
 -0.28757887007124533     
 -0.28628762274609687     
 -0.28466201609972847     
 -0.28270997573994949     
 -0.28042297500244129     
 -0.27778365871372013     
 -0.27476922114330193     
 -0.27135339880985010     
 -0.26750726124401381     
 -0.26319987723013522     
 -0.25839838791285613     
 -0.25306822032565635     
 -0.24717287154678586     
 -0.24067387958066230     
 -0.23353041244141670     
 -0.22569901950010607     
 -0.21713299938374631     
 -0.20778186298541637     
 -0.19759036817954753     
 -0.18649753158186461     
 -0.17443510336468929     
 -0.16132581747535749     
 -0.14708088598094468     
 -0.13159692256833425     
 -0.11475170654288412     
  -9.6398807565519731E-002
  -7.6360411778463824E-002
  -5.4418270737884113E-002
  -3.0302306387472163E-002
  -3.6774057368819161E-003
   2.5870226855650977E-002
   5.8842558778736481E-002
   9.5825171914299526E-002
  0.13744825953373646     
  0.18427719985754604     
  0.23657882149960763     
  0.29391301193057906     
  0.35460477386169115     
 -0.29255284135643927     
 -0.29226971374631833     
 -0.29165191696922199     
 -0.29078018686800811     
 -0.28968223179332225     
 -0.28836311967574330     
 -0.28681695733078921     
 -0.28503177529893886     
 -0.28299204053417759     
 -0.28067975782332211     
 -0.27807522454823713     
 -0.27515724961688176     
 -0.27190340708492738     
 -0.26828995911051084     
 -0.26429189288087618     
 -0.25988268423493543     
 -0.25503417334572015     
 -0.24971617415845743     
 -0.24389615537494236     
 -0.23753862634233516     
 -0.23060451283164626     
 -0.22305015637084225     
 -0.21482614923470048     
 -0.20587560774150934     
 -0.19613197419256295     
 -0.18551584341864333     
 -0.17393066499379811     
 -0.16125652735364798     
 -0.14734135279184368     
 -0.13198798942707268     
 -0.11493538038746043     
  -9.5830744912544091E-002
  -7.4188953627981349E-002
  -4.9334424750187282E-002
  -2.0323085548875519E-002
   1.4147607634308021E-002
   5.5796405599164073E-002
  0.10663534881242022     
  0.16823920570338483     
  0.23931554349332462     
 -0.29621046299715986     
 -0.29606603883322768     
 -0.29575080887229538     
 -0.29530591160008535     
 -0.29474537608184237     
 -0.29407175388994272     
 -0.29328194464487317     
 -0.29236981101323417     
 -0.29132733502578656     
 -0.29014529736020983     
 -0.28881354370729767     
 -0.28732120646960785     
 -0.28565672159080951     
 -0.28380789035860854     
 -0.28176179064931883     
 -0.27950474646092038     
 -0.27702215942419084     
 -0.27429838477420410     
 -0.27131646058474163     
 -0.26805784625260687     
 -0.26450198014916809     
 -0.26062577701409695     
 -0.25640286122764683     
 -0.25180259650163178     
 -0.24678865416919049     
 -0.24131705373532714     
 -0.23533325024291629     
 -0.22876787708661192     
 -0.22153019547357841     
 -0.21349787715675200     
 -0.20450039711916587     
 -0.19429122858010064     
 -0.18249939997959766     
 -0.16854196154394446     
 -0.15145965350735885     
 -0.12959741032917790     
  -9.9963289012670126E-002
  -5.6912888265877613E-002
   1.0470971739338066E-002
  0.12053655341516759     
 -0.29987773914601590     
 -0.29987307954949227     
 -0.29986290999291182     
 -0.29984855648987147     
 -0.29983047261202600     
 -0.29980873955975335     
 -0.29978325825441321     
 -0.29975382963450575     
 -0.29972019592089294     
 -0.29968205867116771     
 -0.29963909111790082     
 -0.29959094168406236     
 -0.29953723804027177     
 -0.29947758569441080     
 -0.29941156840200983     
 -0.29933874401667870     
 -0.29925864207931602     
 -0.29917075688837336     
 -0.29907454153113067     
 -0.29896939675094214     
 -0.29885465916899251     
 -0.29872958258675042     
 -0.29859331543404599     
 -0.29844486714124502     
 -0.29828306373288355     
 -0.29810648228750203     
 -0.29791335807285874     
 -0.29770144436099660     
 -0.29746780055338712     
 -0.29720845731791229     
 -0.29691787485626142     
 -0.29658803043606602     
 -0.29620682756654643     
 -0.29575520940664152     
 -0.29520170310379645     
 -0.29449117427349630     
 -0.29350657626242188     
 -0.29160332950094814     
 -0.27747489890991384     
  -1.3113416911741456E-007
