  -4.70243245E-02
  -4.70744446E-02
  -4.72387969E-02
  -4.75743860E-02
  -4.81421947E-02
  -4.89996001E-02
  -5.01994640E-02
  -5.17910756E-02
  -5.38209490E-02
  -5.63334562E-02
  -5.93715422E-02
  -6.29769862E-02
  -6.71905950E-02
  -7.20525905E-02
  -7.76026398E-02
  -8.38799700E-02
  -9.09234732E-02
  -9.87718105E-02
 -0.107463360    
 -0.117036380    
 -0.127528816    
 -0.138978601    
 -0.151423603    
 -0.164901465    
 -0.179449782    
 -0.195106059    
 -0.211907849    
 -0.229892477    
 -0.249097213    
 -0.269559324    
 -0.291316092    
 -0.314404756    
 -0.338862479    
 -0.364726424    
 -0.392033607    
 -0.420821160    
 -0.451126099    
 -0.482985556    
 -0.516436517    
 -0.551515758    
 -0.588260531    
 -0.626707554    
 -0.666893721    
 -0.708856344    
 -0.752631962    
 -0.798257649    
 -0.845770478    
 -0.895207226    
 -0.946604788    
  -1.00000000    
  -4.70227972E-02
  -4.70716506E-02
  -4.72329631E-02
  -4.75639179E-02
  -4.81254645E-02
  -4.89748865E-02
  -5.01648895E-02
  -5.17446250E-02
  -5.37604354E-02
  -5.62565066E-02
  -5.92756458E-02
  -6.28594458E-02
  -6.70485422E-02
  -7.18829781E-02
  -7.74022639E-02
  -8.36454481E-02
  -9.06512514E-02
  -9.84581783E-02
 -0.107104413    
 -0.116628051    
 -0.127066895    
 -0.138458684    
 -0.150841087    
 -0.164251611    
 -0.178727701    
 -0.194306642    
 -0.211025879    
 -0.228922546    
 -0.248033702    
 -0.268396437    
 -0.290047944    
 -0.313025266    
 -0.337365329    
 -0.363105208    
 -0.390281707    
 -0.418931693    
 -0.449092239    
 -0.480800122    
 -0.514092386    
 -0.549005389    
 -0.585576296    
 -0.623841524    
 -0.663837910    
 -0.705602884    
 -0.749172270    
 -0.794583380    
 -0.841872811    
 -0.891077578    
 -0.942234159    
 -0.995379090    
  -4.70182933E-02
  -4.70633581E-02
  -4.72155809E-02
  -4.75326739E-02
  -4.80755046E-02
  -4.89010401E-02
  -5.00615761E-02
  -5.16057834E-02
  -5.35795316E-02
  -5.60264848E-02
  -5.89889549E-02
  -6.25080094E-02
  -6.66237846E-02
  -7.13758245E-02
  -7.68030956E-02
  -8.29441771E-02
  -8.98372531E-02
  -9.75202993E-02
 -0.106031001    
 -0.115406975    
 -0.125685483    
 -0.136903778    
 -0.149099052    
 -0.162308216    
 -0.176568300    
 -0.191916004    
 -0.208388254    
 -0.226021767    
 -0.244853139    
 -0.264918774    
 -0.286255330    
 -0.308899552    
 -0.332887828    
 -0.358256549    
 -0.385042250    
 -0.413281232    
 -0.443009943    
 -0.474264652    
 -0.507081687    
 -0.541497529    
 -0.577548265    
 -0.615269899    
 -0.654699028    
 -0.695872247    
 -0.738825262    
 -0.783594429    
 -0.830216110    
 -0.878726661    
 -0.929162264    
 -0.981559157    
  -4.70110402E-02
  -4.70498353E-02
  -4.71870117E-02
  -4.74811569E-02
  -4.79929969E-02
  -4.87789847E-02
  -4.98907194E-02
  -5.13760969E-02
  -5.32801673E-02
  -5.56457788E-02
  -5.85143939E-02
  -6.19262233E-02
  -6.59205690E-02
  -7.05361292E-02
  -7.58110285E-02
  -8.17829818E-02
  -8.84893239E-02
  -9.59671959E-02
 -0.104253449    
 -0.113384813    
 -0.123397768    
 -0.134328723    
 -0.146213964    
 -0.159089640    
 -0.172991857    
 -0.187956542    
 -0.204019770    
 -0.221217394    
 -0.239585072    
 -0.259158671    
 -0.279973805    
 -0.302066386    
 -0.325471818    
 -0.350225836    
 -0.376364052    
 -0.403922200    
 -0.432935357    
 -0.463439494    
 -0.495469630    
 -0.529061615    
 -0.564250708    
 -0.601072371    
 -0.639561713    
 -0.679754674    
 -0.721686482    
 -0.765392721    
 -0.810908794    
 -0.858269632    
 -0.907510638    
 -0.958667874    
  -4.70014252E-02
  -4.70315330E-02
  -4.71478552E-02
  -4.74101789E-02
  -4.78790626E-02
  -4.86102290E-02
  -4.96542864E-02
  -5.10581024E-02
  -5.28655685E-02
  -5.51183894E-02
  -5.78568392E-02
  -6.11199737E-02
  -6.49459213E-02
  -6.93722144E-02
  -7.44357929E-02
  -8.01731423E-02
  -8.66205096E-02
  -9.38138217E-02
 -0.101788729    
 -0.110580847    
 -0.120225482    
 -0.130757838    
 -0.142213076    
 -0.154626176    
 -0.168032050    
 -0.182465479    
 -0.197961301    
 -0.214554295    
 -0.232279003    
 -0.251169950    
 -0.271261781    
 -0.292589128    
 -0.315186262    
 -0.339087695    
 -0.364327729    
 -0.390941173    
 -0.418962121    
 -0.448424757    
 -0.479363561    
 -0.511812925    
 -0.545807004    
 -0.581379831    
 -0.618565857    
 -0.657399356    
 -0.697914898    
 -0.740146816    
 -0.784128368    
 -0.829894423    
 -0.877479136    
 -0.926916778    
  -4.69899774E-02
  -4.70090620E-02
  -4.70989309E-02
  -4.73208912E-02
  -4.77352813E-02
  -4.83968705E-02
  -4.93550561E-02
  -5.06553352E-02
  -5.23401909E-02
  -5.44498339E-02
  -5.70230670E-02
  -6.00974225E-02
  -6.37095869E-02
  -6.78955540E-02
  -7.26908147E-02
  -7.81303346E-02
  -8.42488855E-02
  -9.10808891E-02
  -9.86604989E-02
 -0.107021838    
 -0.116198815    
 -0.126225024    
 -0.137134209    
 -0.148959845    
 -0.161735490    
 -0.175494254    
 -0.190269664    
 -0.206094846    
 -0.223003015    
 -0.241027176    
 -0.260200471    
 -0.280556053    
 -0.302126735    
 -0.324945450    
 -0.349045366    
 -0.374459118    
 -0.401219636    
 -0.429360032    
 -0.458913177    
 -0.489911586    
 -0.522388041    
 -0.556375265    
 -0.591906369    
 -0.629013717    
 -0.667730451    
 -0.708089411    
 -0.750122964    
 -0.793864191    
 -0.839345396    
 -0.886599302    
  -4.69773635E-02
  -4.69832085E-02
  -4.70412895E-02
  -4.72147390E-02
  -4.75636199E-02
  -4.81415726E-02
  -4.89965081E-02
  -5.01723103E-02
  -5.17096780E-02
  -5.36471382E-02
  -5.60216382E-02
  -5.88689260E-02
  -6.22239113E-02
  -6.61208108E-02
  -7.05932751E-02
  -7.56744817E-02
  -8.13973993E-02
  -8.77946690E-02
  -9.48986858E-02
 -0.102741763    
 -0.111355968    
 -0.120773189    
 -0.131025389    
 -0.142144248    
 -0.154161409    
 -0.167108521    
 -0.181017071    
 -0.195918366    
 -0.211843908    
 -0.228824988    
 -0.246892959    
 -0.266079068    
 -0.286414653    
 -0.307930648    
 -0.330658376    
 -0.354628861    
 -0.379872978    
 -0.406422406    
 -0.434307814    
 -0.463560373    
 -0.494210780    
 -0.526290178    
 -0.559829593    
 -0.594859838    
 -0.631412327    
 -0.669517875    
 -0.709207237    
 -0.750511646    
 -0.793461561    
 -0.838088095    
  -4.69643995E-02
  -4.69549112E-02
  -4.69761863E-02
  -4.70934659E-02
  -4.73664664E-02
  -4.78475280E-02
  -4.85828556E-02
  -4.96144071E-02
  -5.09808548E-02
  -5.27187251E-02
  -5.48628569E-02
  -5.74469529E-02
  -6.05037995E-02
  -6.40655309E-02
  -6.81637377E-02
  -7.28295147E-02
  -7.80937001E-02
  -8.39868933E-02
  -9.05394182E-02
  -9.77814719E-02
 -0.105743088    
 -0.114454158    
 -0.123944417    
 -0.134243593    
 -0.145381287    
 -0.157386869    
 -0.170290023    
 -0.184120014    
 -0.198906034    
 -0.214677364    
 -0.231463507    
 -0.249293476    
 -0.268196553    
 -0.288201809    
 -0.309338033    
 -0.331634551    
 -0.355120242    
 -0.379824281    
 -0.405775666    
 -0.433003217    
 -0.461535871    
 -0.491402596    
 -0.522632420    
 -0.555254221    
 -0.589296639    
 -0.624788940    
 -0.661759436    
 -0.700237572    
 -0.740251958    
 -0.781831443    
  -4.69520129E-02
  -4.69252616E-02
  -4.69050854E-02
  -4.69590835E-02
  -4.71465960E-02
  -4.75184582E-02
  -4.81189638E-02
  -4.89878766E-02
  -5.01616187E-02
  -5.16744182E-02
  -5.35587445E-02
  -5.58459498E-02
  -5.85665070E-02
  -6.17501400E-02
  -6.54261187E-02
  -6.96231946E-02
  -7.43698403E-02
  -7.96942562E-02
  -8.56244937E-02
  -9.21884179E-02
  -9.94136333E-02
 -0.107327804    
 -0.115958266    
 -0.125332430    
 -0.135477632    
 -0.146420926    
 -0.158189416    
 -0.170810178    
 -0.184310243    
 -0.198716596    
 -0.214056075    
 -0.230355471    
 -0.247641936    
 -0.265941888    
 -0.285282105    
 -0.305689454    
 -0.327190578    
 -0.349812239    
 -0.373581141    
 -0.398523599    
 -0.424666375    
 -0.452036202    
 -0.480659515    
 -0.510562837    
 -0.541772604    
 -0.574315727    
 -0.608218133    
 -0.643506944    
 -0.680208623    
 -0.718349338    
  -4.69412580E-02
  -4.68954779E-02
  -4.68296222E-02
  -4.68138680E-02
  -4.69071083E-02
  -4.71585542E-02
  -4.76103127E-02
  -4.82997671E-02
  -4.92608659E-02
  -5.05252331E-02
  -5.21227829E-02
  -5.40822484E-02
  -5.64314947E-02
  -5.91976605E-02
  -6.24074042E-02
  -6.60868809E-02
  -7.02619329E-02
  -7.49582425E-02
  -8.02011788E-02
  -8.60160887E-02
  -9.24279690E-02
  -9.94618759E-02
 -0.107142620    
 -0.115495048    
 -0.124543853    
 -0.134313524    
 -0.144828707    
 -0.156113863    
 -0.168193310    
 -0.181091577    
 -0.194832951    
 -0.209441647    
 -0.224942103    
 -0.241358519    
 -0.258714736    
 -0.277035147    
 -0.296343952    
 -0.316665202    
 -0.338022947    
 -0.360441089    
 -0.383943677    
 -0.408554763    
 -0.434298486    
 -0.461198837    
 -0.489279777    
 -0.518564939    
 -0.549078524    
 -0.580844343    
 -0.613886356    
 -0.648228347    
  -4.69332933E-02
  -4.68669273E-02
  -4.67516221E-02
  -4.66603413E-02
  -4.66514714E-02
  -4.67724167E-02
  -4.70629632E-02
  -4.75578792E-02
  -4.82884198E-02
  -4.92833853E-02
  -5.05698733E-02
  -5.21738306E-02
  -5.41202798E-02
  -5.64335026E-02
  -5.91373481E-02
  -6.22551553E-02
  -6.58099577E-02
  -6.98246062E-02
  -7.43216723E-02
  -7.93236047E-02
  -8.48527104E-02
  -9.09311771E-02
  -9.75810736E-02
 -0.104824387    
 -0.112683080    
 -0.121178858    
 -0.130333513    
 -0.140168652    
 -0.150706023    
 -0.161967188    
 -0.173973680    
 -0.186747029    
 -0.200308681    
 -0.214680135    
 -0.229882687    
 -0.245937660    
 -0.262866408    
 -0.280690283    
 -0.299430609    
 -0.319108397    
 -0.339745075    
 -0.361361772    
 -0.383979738    
 -0.407620251    
 -0.432304382    
 -0.458052933    
 -0.484887451    
 -0.512828767    
 -0.541898310    
 -0.572116613    
  -4.69293743E-02
  -4.68410738E-02
  -4.66730483E-02
  -4.65012118E-02
  -4.63833958E-02
  -4.63650748E-02
  -4.64835055E-02
  -4.67706695E-02
  -4.72549424E-02
  -4.79620732E-02
  -4.89162169E-02
  -5.01402654E-02
  -5.16561940E-02
  -5.34852855E-02
  -5.56483306E-02
  -5.81656545E-02
  -6.10572919E-02
  -6.43430501E-02
  -6.80425465E-02
  -7.21751675E-02
  -7.67602026E-02
  -8.18169564E-02
  -8.73643681E-02
  -9.34215412E-02
 -0.100007311    
 -0.107140504    
 -0.114839919    
 -0.123124264    
 -0.132012159    
 -0.141522214    
 -0.151673079    
 -0.162483186    
 -0.173971087    
 -0.186155304    
 -0.199054167    
 -0.212685913    
 -0.227068797    
 -0.242221504    
 -0.258162051    
 -0.274908751    
 -0.292480022    
 -0.310893655    
 -0.330168307    
 -0.350322098    
 -0.371372849    
 -0.393338889    
 -0.416238308    
 -0.440089226    
 -0.464909613    
 -0.490717530    
  -4.69308347E-02
  -4.68194671E-02
  -4.65959981E-02
  -4.63393927E-02
  -4.61068861E-02
  -4.59418669E-02
  -4.58789840E-02
  -4.59471978E-02
  -4.61718254E-02
  -4.65754718E-02
  -4.71791215E-02
  -4.80024256E-02
  -4.90642041E-02
  -5.03825136E-02
  -5.19749150E-02
  -5.38585819E-02
  -5.60503229E-02
  -5.85667863E-02
  -6.14244156E-02
  -6.46394193E-02
  -6.82279170E-02
  -7.22060055E-02
  -7.65895173E-02
  -8.13943446E-02
  -8.66362527E-02
  -9.23308507E-02
  -9.84938070E-02
 -0.105140671    
 -0.112287007    
 -0.119948149    
 -0.128139675    
 -0.136876822    
 -0.146174952    
 -0.156049654    
 -0.166515902    
 -0.177588895    
 -0.189283893    
 -0.201616094    
 -0.214600459    
 -0.228252262    
 -0.242586568    
 -0.257618219    
 -0.273362696    
 -0.289834708    
 -0.307049274    
 -0.325021327    
 -0.343765855    
 -0.363297880    
 -0.383632034    
 -0.404783279    
  -4.69390787E-02
  -4.68037575E-02
  -4.65226695E-02
  -4.61779386E-02
  -4.58261222E-02
  -4.55084555E-02
  -4.52567935E-02
  -4.50969711E-02
  -4.50511090E-02
  -4.51385342E-02
  -4.53768671E-02
  -4.57824245E-02
  -4.63706851E-02
  -4.71563302E-02
  -4.81536165E-02
  -4.93763573E-02
  -5.08380346E-02
  -5.25519736E-02
  -5.45312949E-02
  -5.67888692E-02
  -5.93375377E-02
  -6.21900707E-02
  -6.53590187E-02
  -6.88569769E-02
  -7.26963803E-02
  -7.68896192E-02
  -8.14490095E-02
  -8.63869414E-02
  -9.17155445E-02
  -9.74470079E-02
 -0.103593454    
 -0.110167012    
 -0.117179722    
 -0.124643713    
 -0.132570922    
 -0.140973270    
 -0.149862617    
 -0.159250915    
 -0.169149891    
 -0.179571345    
 -0.190527171    
 -0.202029064    
 -0.214088932    
 -0.226718292    
 -0.239928991    
 -0.253732562    
 -0.268140614    
 -0.283164918    
 -0.298816949    
 -0.315108210    
  -4.69555818E-02
  -4.67956439E-02
  -4.64553684E-02
  -4.60200459E-02
  -4.55455035E-02
  -4.50707152E-02
  -4.46246527E-02
  -4.42299582E-02
  -4.39053662E-02
  -4.36668135E-02
  -4.35285121E-02
  -4.35032994E-02
  -4.36031334E-02
  -4.38392982E-02
  -4.42225747E-02
  -4.47633043E-02
  -4.54715714E-02
  -4.63572219E-02
  -4.74299416E-02
  -4.86992039E-02
  -5.01744300E-02
  -5.18649220E-02
  -5.37798889E-02
  -5.59285246E-02
  -5.83197810E-02
  -6.09627105E-02
  -6.38662726E-02
  -6.70394152E-02
  -7.04908893E-02
  -7.42295533E-02
  -7.82641172E-02
  -8.26032981E-02
  -8.72558057E-02
  -9.22302753E-02
  -9.75354314E-02
 -0.103179686    
 -0.109171525    
 -0.115519509    
 -0.122232065    
 -0.129317597    
 -0.136784524    
 -0.144641191    
 -0.152895913    
 -0.161557108    
 -0.170633033    
 -0.180131897    
 -0.190061912    
 -0.200431287    
 -0.211248219    
 -0.222520858    
  -4.69818264E-02
  -4.67968918E-02
  -4.63964455E-02
  -4.58689816E-02
  -4.52695154E-02
  -4.46347222E-02
  -4.39905524E-02
  -4.33564037E-02
  -4.27475385E-02
  -4.21764255E-02
  -4.16537412E-02
  -4.11887914E-02
  -4.07899469E-02
  -4.04649898E-02
  -4.02211249E-02
  -4.00651917E-02
  -4.00037132E-02
  -4.00430560E-02
  -4.01893631E-02
  -4.04486060E-02
  -4.08267081E-02
  -4.13294807E-02
  -4.19626534E-02
  -4.27319109E-02
  -4.36427705E-02
  -4.47007939E-02
  -4.59114984E-02
  -4.72803265E-02
  -4.88126278E-02
  -5.05137146E-02
  -5.23889400E-02
  -5.44435307E-02
  -5.66827506E-02
  -5.91117963E-02
  -6.17358200E-02
  -6.45599216E-02
  -6.75890893E-02
  -7.08284155E-02
  -7.42828771E-02
  -7.79574364E-02
  -8.18569735E-02
  -8.59864503E-02
  -9.03506801E-02
  -9.49545577E-02
  -9.98028666E-02
 -0.104900412    
 -0.110251911    
 -0.115862019    
 -0.121735536    
 -0.127877146    
  -4.70193438E-02
  -4.68092822E-02
  -4.63483147E-02
  -4.57280874E-02
  -4.50027771E-02
  -4.42066416E-02
  -4.33626361E-02
  -4.24867943E-02
  -4.15908583E-02
  -4.06837910E-02
  -3.97726595E-02
  -3.88631932E-02
  -3.79601642E-02
  -3.70677263E-02
  -3.61895077E-02
  -3.53287719E-02
  -3.44884694E-02
  -3.36713865E-02
  -3.28800716E-02
  -3.21169943E-02
  -3.13845128E-02
  -3.06848940E-02
  -3.00203394E-02
  -2.93929707E-02
  -2.88048610E-02
  -2.82580126E-02
  -2.77544260E-02
  -2.72960402E-02
  -2.68847179E-02
  -2.65223011E-02
  -2.62106042E-02
  -2.59514097E-02
  -2.57464498E-02
  -2.55974401E-02
  -2.55060066E-02
  -2.54737828E-02
  -2.55023018E-02
  -2.55931225E-02
  -2.57477220E-02
  -2.59675719E-02
  -2.62540821E-02
  -2.66086403E-02
  -2.70326231E-02
  -2.75273602E-02
  -2.80941315E-02
  -2.87342053E-02
  -2.94487923E-02
  -3.02390847E-02
  -3.11062708E-02
  -3.20515111E-02
  -4.70696576E-02
  -4.68346067E-02
  -4.63134013E-02
  -4.56007421E-02
  -4.47499268E-02
  -4.37927619E-02
  -4.27491367E-02
  -4.16317135E-02
  -4.04487215E-02
  -3.92055325E-02
  -3.79056334E-02
  -3.65511253E-02
  -3.51431556E-02
  -3.36822756E-02
  -3.21684964E-02
  -3.06014512E-02
  -2.89805289E-02
  -2.73049027E-02
  -2.55735554E-02
  -2.37853900E-02
  -2.19391882E-02
  -2.00336631E-02
  -1.80674698E-02
  -1.60391927E-02
  -1.39473621E-02
  -1.17904758E-02
  -9.56699252E-03
  -7.27533782E-03
  -4.91388375E-03
  -2.48096697E-03
   2.50972262E-05
   2.60603172E-03
   5.26360888E-03
   7.99962413E-03
   1.08159352E-02
   1.37144215E-02
   1.66969988E-02
   1.97656415E-02
   2.29223538E-02
   2.61691827E-02
   2.95082349E-02
   3.29415761E-02
   3.64714302E-02
   4.00999598E-02
   4.38293777E-02
   4.76619303E-02
   5.15999720E-02
   5.56457937E-02
   5.98017834E-02
   6.40703440E-02
  -4.71342988E-02
  -4.68746498E-02
  -4.62941043E-02
  -4.54903170E-02
  -4.45156135E-02
  -4.33993340E-02
  -4.21582907E-02
  -4.08017784E-02
  -3.93345393E-02
  -3.77583355E-02
  -3.60730812E-02
  -3.42772454E-02
  -3.23684216E-02
  -3.03435102E-02
  -2.81989444E-02
  -2.59307660E-02
  -2.35347692E-02
  -2.10065469E-02
  -1.83415376E-02
  -1.55350678E-02
  -1.25823831E-02
  -9.47865378E-03
  -6.21899636E-03
  -2.79847113E-03
   7.87892961E-04
   4.54510655E-03
   8.47821124E-03
   1.25922812E-02
   1.68924201E-02
   2.13837717E-02
   2.60714833E-02
   3.09607685E-02
   3.60568762E-02
   4.13650647E-02
   4.68906760E-02
   5.26390485E-02
   5.86155243E-02
   6.48255870E-02
   7.12746978E-02
   7.79683962E-02
   8.49122554E-02
   9.21117961E-02
   9.95727256E-02
  0.107300803    
  0.115301609    
  0.123580910    
  0.132144600    
  0.140998408    
  0.150148213    
  0.159599945    
  -4.72147614E-02
  -4.69311811E-02
  -4.62928265E-02
  -4.54001501E-02
  -4.43044342E-02
  -4.30325791E-02
  -4.15982865E-02
  -4.00075428E-02
  -3.82616185E-02
  -3.63587253E-02
  -3.42952535E-02
  -3.20660770E-02
  -2.96652485E-02
  -2.70860996E-02
  -2.43215170E-02
  -2.13639848E-02
  -1.82057545E-02
  -1.48388995E-02
  -1.12553313E-02
  -7.44686928E-03
  -3.40525643E-03
   8.77833634E-04
   5.41076623E-03
   1.02019496E-02
   1.52598256E-02
   2.05928534E-02
   2.62095165E-02
   3.21183540E-02
   3.83278653E-02
   4.48466502E-02
   5.16832136E-02
   5.88462614E-02
   6.63443729E-02
   7.41863027E-02
   8.23807940E-02
   9.09365118E-02
   9.98622626E-02
  0.109166920    
  0.118859358    
  0.128948525    
  0.139443427    
  0.150352910    
  0.161686212    
  0.173452407    
  0.185660675    
  0.198320031    
  0.211439818    
  0.225029290    
  0.239097863    
  0.253654689    
  -4.73125018E-02
  -4.70059179E-02
  -4.63118926E-02
  -4.53334861E-02
  -4.41208966E-02
  -4.26985510E-02
  -4.10771482E-02
  -3.92593555E-02
  -3.72430459E-02
  -3.50230001E-02
  -3.25920954E-02
  -2.99417395E-02
  -2.70624794E-02
  -2.39441805E-02
  -2.05762293E-02
  -1.69476513E-02
  -1.30472369E-02
  -8.86359811E-03
  -4.38520452E-03
   3.99557553E-04
   5.50236972E-03
   1.09349769E-02
   1.67091433E-02
   2.28366833E-02
   2.93294098E-02
   3.61991525E-02
   4.34577614E-02
   5.11171184E-02
   5.91890886E-02
   6.76856264E-02
   7.66185299E-02
   8.59998167E-02
   9.58414376E-02
  0.106155440    
  0.116953827    
  0.128248647    
  0.140052006    
  0.152376100    
  0.165233091    
  0.178635225    
  0.192594826    
  0.207123980    
  0.222235397    
  0.237941369    
  0.254254431    
  0.271187037    
  0.288751930    
  0.306961387    
  0.325828224    
  0.345365107    
  -4.74289320E-02
  -4.71004993E-02
  -4.63535674E-02
  -4.52934988E-02
  -4.39693891E-02
  -4.24032062E-02
  -4.06026691E-02
  -3.85672860E-02
  -3.62915918E-02
  -3.37670147E-02
  -3.09830550E-02
  -2.79277377E-02
  -2.45882254E-02
  -2.09510140E-02
  -1.70021113E-02
  -1.27271749E-02
  -8.11164640E-03
  -3.14078038E-03
   2.20028427E-03
   7.92649388E-03
   1.40528418E-02
   2.05943827E-02
   2.75661927E-02
   3.49833444E-02
   4.28609215E-02
   5.12140431E-02
   6.00577854E-02
   6.94072619E-02
   7.92776421E-02
   8.96840319E-02
  0.100641444    
  0.112165146    
  0.124270238    
  0.136971936    
  0.150285378    
  0.164225966    
  0.178808972    
  0.194049671    
  0.209963486    
  0.226565823    
  0.243872046    
  0.261897504    
  0.280658156    
  0.300169557    
  0.320447326    
  0.341507167    
  0.363365054    
  0.386036485    
  0.409537435    
  0.433883846    
  -4.75653708E-02
  -4.72165048E-02
  -4.64199968E-02
  -4.52832244E-02
  -4.38540950E-02
  -4.21522111E-02
  -4.01823819E-02
  -3.79410461E-02
  -3.54195312E-02
  -3.26060615E-02
  -2.94868611E-02
  -2.60467473E-02
  -2.22696252E-02
  -1.81387272E-02
  -1.36368396E-02
  -8.74639489E-03
  -3.44961090E-03
   2.27146829E-03
   8.43490753E-03
   1.50588425E-02
   2.21614484E-02
   2.97609642E-02
   3.78756113E-02
   4.65236455E-02
   5.57232164E-02
   6.54926151E-02
   7.58499876E-02
   8.68136138E-02
   9.84017253E-02
  0.110632412    
  0.123523913    
  0.137094423    
  0.151362136    
  0.166345358    
  0.182062134    
  0.198531032    
  0.215770155    
  0.233797997    
  0.252632856    
  0.272293210    
  0.292797416    
  0.314164013    
  0.336411685    
  0.359559387    
  0.383625567    
  0.408628941    
  0.434588611    
  0.461522996    
  0.489451349    
  0.518392622    
  -4.77230735E-02
  -4.73554172E-02
  -4.65132073E-02
  -4.53055128E-02
  -4.37790081E-02
  -4.19509709E-02
  -3.98234166E-02
  -3.73898558E-02
  -3.46385688E-02
  -3.15546989E-02
  -2.81213988E-02
  -2.43204031E-02
  -2.01325435E-02
  -1.55379614E-02
  -1.05163781E-02
  -5.04717417E-03
   8.90504918E-04
   7.31765432E-03
   1.42553821E-02
   2.17248518E-02
   2.97472551E-02
   3.83438468E-02
   4.75358330E-02
   5.73444515E-02
   6.77908510E-02
   7.88962245E-02
   9.06817466E-02
  0.103168540    
  0.116377763    
  0.130330503    
  0.145047814    
  0.160550743    
  0.176860422    
  0.193997979    
  0.211984381    
  0.230840921    
  0.250588536    
  0.271248490    
  0.292842180    
  0.315390587    
  0.338914901    
  0.363436759    
  0.388977826    
  0.415559471    
  0.443202913    
  0.471930087    
  0.501762748    
  0.532722533    
  0.564831018    
  0.598110497    
  -4.79031838E-02
  -4.75185961E-02
  -4.66350764E-02
  -4.53630313E-02
  -4.37478535E-02
  -4.18045446E-02
  -3.95324938E-02
  -3.69223952E-02
  -3.39596905E-02
  -3.06266379E-02
  -2.69034859E-02
  -2.27690823E-02
  -1.82013661E-02
  -1.31776175E-02
  -7.67466146E-03
  -1.66900572E-03
   4.86306241E-03
   1.19453967E-02
   1.96019523E-02
   2.78567318E-02
   3.67337689E-02
   4.62571383E-02
   5.64508364E-02
   6.73389137E-02
   7.89453015E-02
   9.12939534E-02
  0.104408793    
  0.118313655    
  0.133032471    
  0.148589030    
  0.165007100    
  0.182310313    
  0.200522602    
  0.219667614    
  0.239769042    
  0.260850698    
  0.282936215    
  0.306049377    
  0.330214173    
  0.355454385    
  0.381793857    
  0.409256667    
  0.437867075    
  0.467648983    
  0.498626292    
  0.530823708    
  0.564265609    
  0.598976195    
  0.634979665    
  0.672300994    
  -4.81067188E-02
  -4.77072708E-02
  -4.67873029E-02
  -4.54582386E-02
  -4.37640510E-02
  -4.17176001E-02
  -3.93157974E-02
  -3.65466960E-02
  -3.33931111E-02
  -2.98346058E-02
  -2.58487333E-02
  -2.14117114E-02
  -1.64987836E-02
  -1.10845780E-02
  -5.14325127E-03
   1.35134277E-03
   8.42555799E-03
   1.61058996E-02
   2.44189389E-02
   3.33913341E-02
   4.30497192E-02
   5.34207635E-02
   6.45311102E-02
   7.64073208E-02
   8.90760049E-02
  0.102563567    
  0.116896495    
  0.132101178    
  0.148203999    
  0.165231317    
  0.183209389    
  0.202164233    
  0.222122207    
  0.243109375    
  0.265151888    
  0.288275898    
  0.312507421    
  0.337872565    
  0.364397794    
  0.392109126    
  0.421032965    
  0.451195538    
  0.482623369    
  0.515342951    
  0.549380720    
  0.584763229    
  0.621517479    
  0.659670353    
  0.699248254    
  0.740278065    
  -4.83346060E-02
  -4.79225330E-02
  -4.69714440E-02
  -4.55933176E-02
  -4.38307002E-02
  -4.16943729E-02
  -3.91789526E-02
  -3.62700596E-02
  -3.29481103E-02
  -2.91901920E-02
  -2.49714218E-02
  -2.02655941E-02
  -1.50455413E-02
  -9.28344298E-03
  -2.95105460E-03
   3.98018537E-03
   1.15390373E-02
   1.97544135E-02
   2.86552794E-02
   3.82706784E-02
   4.86296415E-02
   5.97612299E-02
   7.16944113E-02
   8.44581276E-02
   9.80813280E-02
  0.112592734    
  0.128021136    
  0.144395277    
  0.161743715    
  0.180095062    
  0.199477747    
  0.219920307    
  0.241450995    
  0.264098138    
  0.287890077    
  0.312855154    
  0.339021355    
  0.366416961    
  0.395070374    
  0.425009906    
  0.456263721    
  0.488860488    
  0.522828817    
  0.558197141    
  0.594993830    
  0.633247733    
  0.672987819    
  0.714242876    
  0.757041812    
  0.801413655    
  -4.85876016E-02
  -4.81653139E-02
  -4.71888296E-02
  -4.57702093E-02
  -4.39505316E-02
  -4.17386368E-02
  -3.91269997E-02
  -3.60990502E-02
  -3.26329991E-02
  -2.87037864E-02
  -2.42843349E-02
  -1.93462558E-02
  -1.38602462E-02
  -7.79631175E-03
  -1.12405408E-03
   6.18723128E-03
   1.41684553E-02
   2.28506587E-02
   3.22649665E-02
   4.24425527E-02
   5.34145758E-02
   6.52122274E-02
   7.78665245E-02
   9.14086476E-02
  0.105869576    
  0.121280111    
  0.137671039    
  0.155073211    
  0.173517212    
  0.193033576    
  0.213652730    
  0.235405177    
  0.258321255    
  0.282431066    
  0.307764798    
  0.334352642    
  0.362224430    
  0.391410440    
  0.421940476    
  0.453845054    
  0.487153918    
  0.521897614    
  0.558106363    
  0.595810294    
  0.635039747    
  0.675825596    
  0.718197823    
  0.762187719    
  0.807825804    
  0.855142891    
  -4.88663167E-02
  -4.84363884E-02
  -4.74405549E-02
  -4.59905304E-02
  -4.41258773E-02
  -4.18535993E-02
  -3.91642377E-02
  -3.60392928E-02
  -3.24550122E-02
  -2.83844452E-02
  -2.37986390E-02
  -1.86672769E-02
  -1.29592055E-02
  -6.64255442E-03
   3.14946112E-04
   7.94586726E-03
   1.62829868E-02
   2.53592078E-02
   3.52075249E-02
   4.58609685E-02
   5.73525503E-02
   6.97153062E-02
   8.29821602E-02
   9.71860513E-02
  0.112359814    
  0.128536120    
  0.145747513    
  0.164026573    
  0.183405712    
  0.203917205    
  0.225593075    
  0.248465642    
  0.272566885    
  0.297928452    
  0.324582160    
  0.352559716    
  0.381892949    
  0.412613213    
  0.444751710    
  0.478340536    
  0.513411105    
  0.549994886    
  0.588124275    
  0.627830207    
  0.669144392    
  0.712099850    
  0.756727517    
  0.803060114    
  0.851129711    
  0.900968909    
  -4.91712280E-02
  -4.87363413E-02
  -4.77275103E-02
  -4.62556183E-02
  -4.43586707E-02
  -4.20419686E-02
  -3.92943211E-02
  -3.60955484E-02
  -3.24202366E-02
  -2.82398351E-02
  -2.35237814E-02
  -1.82401706E-02
  -1.23562692E-02
  -5.83864655E-03
   1.34653959E-03
   9.23342630E-03
   1.78563613E-02
   2.72498187E-02
   3.74483615E-02
   4.84865867E-02
   6.03990853E-02
   7.32204169E-02
   8.69851410E-02
  0.101727754    
  0.117482565    
  0.134283885    
  0.152165771    
  0.171162143    
  0.191307113    
  0.212634340    
  0.235177398    
  0.258969724    
  0.284044951    
  0.310436040    
  0.338176012    
  0.367297828    
  0.397834480    
  0.429818749    
  0.463283122    
  0.498260468    
  0.534783602    
  0.572884977    
  0.612597585    
  0.653954327    
  0.696987569    
  0.741731286    
  0.788217604    
  0.836480498    
  0.886552811    
  0.938468456    
  -4.95026484E-02
  -4.90655676E-02
  -4.80503365E-02
  -4.65664715E-02
  -4.46504094E-02
  -4.23058420E-02
  -3.95201258E-02
  -3.62716094E-02
  -3.25335599E-02
  -2.82761119E-02
  -2.34674010E-02
  -1.80742647E-02
  -1.20626818E-02
  -5.39799035E-03
   1.95490592E-03
   1.00313993E-02
   1.88670903E-02
   2.84977015E-02
   3.89590822E-02
   5.02870604E-02
   6.25175461E-02
   7.56863356E-02
   8.98292512E-02
  0.104982108    
  0.121180415    
  0.138459787    
  0.156855449    
  0.176402718    
  0.197136790    
  0.219092622    
  0.242304817    
  0.266808093    
  0.292636961    
  0.319825679    
  0.348408252    
  0.378418356    
  0.409890115    
  0.442856938    
  0.477352619    
  0.513410509    
  0.551064312    
  0.590346873    
  0.631292462    
  0.673934519    
  0.718305647    
  0.764440894    
  0.812373340    
  0.862137020    
  0.913766146    
  0.967294872    
  -4.98606972E-02
  -4.94242795E-02
  -4.84094173E-02
  -4.69237491E-02
  -4.50021066E-02
  -4.26467247E-02
  -3.98437120E-02
  -3.65702510E-02
  -3.27986069E-02
  -2.84978785E-02
  -2.36352421E-02
  -1.81765892E-02
  -1.20869670E-02
  -5.33078518E-03
   2.12797103E-03
   1.03256153E-02
   1.92986764E-02
   2.90838256E-02
   3.97178233E-02
   5.12374789E-02
   6.36796355E-02
   7.70810917E-02
   9.14786085E-02
  0.106908947    
  0.123408668    
  0.141014278    
  0.159761950    
  0.179688022    
  0.200828686    
  0.223219723    
  0.246896639    
  0.271894991    
  0.298249811    
  0.325996757    
  0.355170250    
  0.385804564    
  0.417934448    
  0.451594144    
  0.486817718    
  0.523638904    
  0.562091768    
  0.602209926    
  0.644027293    
  0.687578142    
  0.732895315    
  0.780013800    
  0.828967512    
  0.879790485    
  0.932517052    
  0.987181842    
  -5.02453446E-02
  -4.98124957E-02
  -4.88048829E-02
  -4.73277643E-02
  -4.54143174E-02
  -4.30654958E-02
  -4.02663425E-02
  -3.69932465E-02
  -3.32177058E-02
  -2.89081428E-02
  -2.40310952E-02
  -1.85518451E-02
  -1.24348477E-02
  -5.64392423E-03
   1.85751903E-03
   1.01063875E-02
   1.91397984E-02
   2.89950240E-02
   3.97094339E-02
   5.13204895E-02
   6.38656095E-02
   7.73822963E-02
   9.19079483E-02
  0.107479975    
  0.124135636    
  0.141912043    
  0.160846159    
  0.180975020    
  0.202335373    
  0.224963546    
  0.248895958    
  0.274168521    
  0.300816894    
  0.328877181    
  0.358384222    
  0.389373004    
  0.421878248    
  0.455934554    
  0.491575956    
  0.528836727    
  0.567750692    
  0.608351529    
  0.650673211    
  0.694749415    
  0.740613163    
  0.788299382    
  0.837841451    
  0.889273703    
  0.942629993    
  0.997945428    
  -5.06563745E-02
  -5.02300113E-02
  -4.92365919E-02
  -4.77784798E-02
  -4.58871350E-02
  -4.35623825E-02
  -4.07884866E-02
  -3.75412926E-02
  -3.37918587E-02
  -2.95082591E-02
  -2.46567465E-02
  -1.92023199E-02
  -1.31091839E-02
  -6.34092232E-03
   1.13929878E-03
   9.36862081E-03
   1.83844212E-02
   2.82242224E-02
   3.89256813E-02
   5.05265221E-02
   6.30644858E-02
   7.65773803E-02
   9.11030024E-02
  0.106679015    
  0.123343065    
  0.141132712    
  0.160085350    
  0.180238307    
  0.201628715    
  0.224293351    
  0.248269022    
  0.273591816    
  0.300297916    
  0.328423351    
  0.358003438    
  0.389073372    
  0.421667665    
  0.455820829    
  0.491567075    
  0.528940082    
  0.567973733    
  0.608700931    
  0.651155472    
  0.695370078    
  0.741377831    
  0.789212525    
  0.838907063    
  0.890495121    
  0.944009900    
  0.999486208    
  -5.10933883E-02
  -5.06764352E-02
  -4.97041494E-02
  -4.82754856E-02
  -4.64201532E-02
  -4.41369936E-02
  -4.14097570E-02
  -3.82140353E-02
  -3.45207304E-02
  -3.02979536E-02
  -2.55119745E-02
  -2.01278701E-02
  -1.41099328E-02
  -7.42186327E-03
  -2.69368029E-05
   8.11188295E-03
   1.70318689E-02
   2.67704614E-02
   3.73652428E-02
   4.88539077E-02
   6.12741448E-02
   7.46637955E-02
   8.90605673E-02
  0.104502223    
  0.121026479    
  0.138670906    
  0.157473177    
  0.177470580    
  0.198700398    
  0.221199632    
  0.245005026    
  0.270152807    
  0.296679407    
  0.324620664    
  0.354012102    
  0.384888560    
  0.417284578    
  0.451234192    
  0.486771315    
  0.523929119    
  0.562740386    
  0.603238106    
  0.645454347    
  0.689421237    
  0.735170722    
  0.782735407    
  0.832147360    
  0.883438587    
  0.936641753    
  0.991789997    
  -5.15558198E-02
  -5.11511751E-02
  -5.02068885E-02
  -4.88180146E-02
  -4.70124744E-02
  -4.47882786E-02
  -4.21289206E-02
  -3.90100218E-02
  -3.54026668E-02
  -3.12752798E-02
  -2.65945289E-02
  -2.13259086E-02
  -1.54341431E-02
  -8.88339616E-03
  -1.63740839E-03
   6.34040171E-03
   1.50868688E-02
   2.46389788E-02
   3.50339040E-02
   4.63089533E-02
   5.85014336E-02
   7.16488361E-02
   8.57886001E-02
  0.100958101    
  0.117194898    
  0.134536296    
  0.153019756    
  0.172682494    
  0.193561628    
  0.215693980    
  0.239116237    
  0.263864636    
  0.289975166    
  0.317483693    
  0.346425444    
  0.376835197    
  0.408746958    
  0.442194164    
  0.477210313    
  0.513827443    
  0.552077711    
  0.591992617    
  0.633603513    
  0.676940441    
  0.722034156    
  0.768915832    
  0.817615092    
  0.868162990    
  0.920590043    
  0.974927843    
  -5.20429090E-02
  -5.16534038E-02
  -5.07438704E-02
  -4.94049601E-02
  -4.76627387E-02
  -4.55145612E-02
  -4.29439247E-02
  -3.99267711E-02
  -3.64346392E-02
  -3.24366391E-02
  -2.79001426E-02
  -2.27914155E-02
  -1.70759596E-02
  -1.07187489E-02
  -3.68432957E-03
   4.06307541E-03
   1.25594931E-02
   2.18411405E-02
   3.19444090E-02
   4.29058708E-02
   5.47621325E-02
   6.75499663E-02
   8.13062042E-02
   9.60675925E-02
  0.111871079    
  0.128753498    
  0.146751806    
  0.165902823    
  0.186243162    
  0.207809493    
  0.230637997    
  0.254764706    
  0.280225217    
  0.307055175    
  0.335289568    
  0.364962369    
  0.396107465    
  0.428757697    
  0.462945372    
  0.498701870    
  0.536058009    
  0.575043917    
  0.615689099    
  0.658022225    
  0.702071428    
  0.747866094    
  0.795433462    
  0.844801784    
  0.895999432    
  0.949055731    
  -5.25537319E-02
  -5.21821342E-02
  -5.13139181E-02
  -5.00348583E-02
  -4.83690985E-02
  -4.63135466E-02
  -4.38518971E-02
  -4.09607142E-02
  -3.76123302E-02
  -3.37768123E-02
  -2.94225663E-02
  -2.45169867E-02
  -1.90266892E-02
  -1.29177775E-02
  -6.15596492E-03
   1.29338156E-03
   9.46513843E-03
   1.83944032E-02
   2.81164311E-02
   3.86667363E-02
   5.00808470E-02
   6.23944849E-02
   7.56435171E-02
   8.98638293E-02
  0.105091400    
  0.121362135    
  0.138712391    
  0.157178149    
  0.176795512    
  0.197600365    
  0.219628528    
  0.242915511    
  0.267496526    
  0.293406695    
  0.320680469    
  0.349351764    
  0.379453570    
  0.411018223    
  0.444077075    
  0.478660554    
  0.514797926    
  0.552517951    
  0.591848075    
  0.632814944    
  0.675444067    
  0.719761550    
  0.765792072    
  0.813560486    
  0.863092005    
  0.914412618    
  -5.30872010E-02
  -5.27361669E-02
  -5.19155897E-02
  -5.07058762E-02
  -4.91292551E-02
  -4.71823066E-02
  -4.48491909E-02
  -4.21073101E-02
  -3.89301367E-02
  -3.52889933E-02
  -3.11536361E-02
  -2.64929011E-02
  -2.12748535E-02
  -1.54670551E-02
  -9.03672352E-03
  -1.95071101E-03
   5.82437590E-03
   1.43221598E-02
   2.35764422E-02
   3.36212963E-02
   4.44908477E-02
   5.62194660E-02
   6.88416883E-02
   8.23921114E-02
   9.69055220E-02
  0.112416655    
  0.128960803    
  0.146572918    
  0.165288240    
  0.185141787    
  0.206168711    
  0.228403792    
  0.251881778    
  0.276637107    
  0.302704006    
  0.330115914    
  0.358905315    
  0.389103889    
  0.420742363    
  0.453850150    
  0.488455325    
  0.524585009    
  0.562264562    
  0.601517975    
  0.642367721    
  0.684836507    
  0.728945136    
  0.774714291    
  0.822164953    
  0.871318579    
  -5.36420718E-02
  -5.33141233E-02
  -5.25471978E-02
  -5.14158793E-02
  -4.99404557E-02
  -4.81173471E-02
  -4.59313616E-02
  -4.33610193E-02
  -4.03812341E-02
  -3.69648524E-02
  -3.30833159E-02
  -2.87071764E-02
  -2.38062721E-02
  -1.83499623E-02
  -1.23072872E-02
  -5.64690074E-03
   1.66277110E-03
   9.65354498E-03
   1.83574520E-02
   2.78067533E-02
   3.80338617E-02
   4.90714125E-02
   6.09523095E-02
   7.37095252E-02
   8.73762369E-02
  0.101985842    
  0.117572151    
  0.134168789    
  0.151809826    
  0.170529231    
  0.190361112    
  0.211339548    
  0.233498618    
  0.256872296    
  0.281494111    
  0.307397336    
  0.334614068    
  0.363175750    
  0.393112808    
  0.424454093    
  0.457226545    
  0.491455942    
  0.527165592    
  0.564376771    
  0.603108943    
  0.643380404    
  0.685207069    
  0.728604436    
  0.773587525    
  0.820172131    
  -5.42169288E-02
  -5.39144538E-02
  -5.32068200E-02
  -5.21624088E-02
  -5.07995449E-02
  -4.91145998E-02
  -4.70932499E-02
  -4.47153896E-02
  -4.19576205E-02
  -3.87946181E-02
  -3.51997726E-02
  -3.11456546E-02
  -2.66041961E-02
  -2.15468630E-02
  -1.59447771E-02
  -9.76873841E-03
  -2.98930402E-03
   4.42321971E-03
   1.24987513E-02
   2.12674383E-02
   3.07596307E-02
   4.10059206E-02
   5.20371832E-02
   6.38844520E-02
   7.65790269E-02
   9.01524946E-02
  0.104636870    
  0.120064259    
  0.136467069    
  0.153878018    
  0.172330007    
  0.191856101    
  0.212489694    
  0.234263852    
  0.257212102    
  0.281367302    
  0.306761533    
  0.333426535    
  0.361392677    
  0.390688956    
  0.421342164    
  0.453377217    
  0.486816078    
  0.521677792    
  0.557977915    
  0.595730603    
  0.634945512    
  0.675631344    
  0.717795610    
  0.761445880    
  -5.48102185E-02
  -5.45354299E-02
  -5.38923219E-02
  -5.29427156E-02
  -5.17029539E-02
  -5.01694679E-02
  -4.83289957E-02
  -4.61630598E-02
  -4.36501876E-02
  -4.07671221E-02
  -3.74895073E-02
  -3.37922014E-02
  -2.96494886E-02
  -2.50352398E-02
  -1.99229531E-02
  -1.42858522E-02
  -8.09694454E-03
  -1.32895284E-03
   6.04561111E-03
   1.40544800E-02
   2.27256101E-02
   3.20872217E-02
   4.21678089E-02
   5.29961474E-02
   6.46013021E-02
   7.70126656E-02
   9.02601331E-02
  0.104373880    
  0.119384445    
  0.135322839    
  0.152220502    
  0.170109242    
  0.189021349    
  0.208989397    
  0.230046257    
  0.252224922    
  0.275557905    
  0.300077438    
  0.325815022    
  0.352800608    
  0.381062120    
  0.410624921    
  0.441510975    
  0.473737866    
  0.507318735    
  0.542262435    
  0.578571975    
  0.616247296    
  0.655285239    
  0.695682347    
  -5.54202683E-02
  -5.51751703E-02
  -5.46013787E-02
  -5.37538007E-02
  -5.26467524E-02
  -5.12768775E-02
  -4.96321544E-02
  -4.76958863E-02
  -4.54487950E-02
  -4.28699479E-02
  -3.99374850E-02
  -3.66287716E-02
  -3.29207443E-02
  -2.87899114E-02
  -2.42124405E-02
  -1.91642325E-02
  -1.36210164E-02
  -7.55823683E-03
  -9.51120222E-04
   6.22535124E-03
   1.39964269E-02
   2.23876331E-02
   3.14247943E-02
   4.11340334E-02
   5.15418239E-02
   6.26750588E-02
   7.45611042E-02
   8.72278214E-02
  0.100703441    
  0.115016982    
  0.130197912    
  0.146276474    
  0.163283661    
  0.181251049    
  0.200211018    
  0.220196679    
  0.241241112    
  0.263377845    
  0.286640376    
  0.311061025    
  0.336670548    
  0.363497376    
  0.391565800    
  0.420894653    
  0.451496333    
  0.483375907    
  0.516529560    
  0.550945401    
  0.586605728    
  0.623489618    
  -5.60452677E-02
  -5.58316484E-02
  -5.53314723E-02
  -5.45923896E-02
  -5.36266789E-02
  -5.24312891E-02
  -5.09956330E-02
  -4.93049510E-02
  -4.73423824E-02
  -4.50895242E-02
  -4.25272211E-02
  -3.96356210E-02
  -3.63945030E-02
  -3.27832624E-02
  -2.87809782E-02
  -2.43664999E-02
  -1.95185095E-02
  -1.42154377E-02
  -8.43549054E-03
  -2.15665018E-03
   4.64333687E-03
   1.19870007E-02
   1.98971853E-02
   2.83970498E-02
   3.75101119E-02
   4.72603403E-02
   5.76722287E-02
   6.87708780E-02
   8.05818290E-02
   9.31315348E-02
  0.106447130    
  0.120556779    
  0.135489553    
  0.151275799    
  0.167946994    
  0.185535982    
  0.204076782    
  0.223604441    
  0.244155228    
  0.265765637    
  0.288471758    
  0.312308073    
  0.337305874    
  0.363490045    
  0.390877426    
  0.419473261    
  0.449268490    
  0.480238169    
  0.512343049    
  0.545534551    
  -5.66832870E-02
  -5.65027408E-02
  -5.60799204E-02
  -5.54549731E-02
  -5.46381585E-02
  -5.36267720E-02
  -5.24117947E-02
  -5.09806573E-02
  -4.93190065E-02
  -4.74111997E-02
  -4.52409685E-02
  -4.27914448E-02
  -4.00454476E-02
  -3.69854793E-02
  -3.35937440E-02
  -2.98522785E-02
  -2.57429145E-02
  -2.12473236E-02
  -1.63469184E-02
  -1.10229375E-02
  -5.25639066E-03
   9.71983711E-04
   7.68173998E-03
   1.48927560E-02
   2.26252656E-02
   3.08999512E-02
   3.97380665E-02
   4.91614230E-02
   5.91924638E-02
   6.98545054E-02
   8.11717808E-02
   9.31696519E-02
  0.105874822    
  0.119315401    
  0.133521438    
  0.148524866    
  0.164359942    
  0.181063250    
  0.198674187    
  0.217234477    
  0.236788109    
  0.257379860    
  0.279054046    
  0.301850498    
  0.325800776    
  0.350921720    
  0.377207488    
  0.404622495    
  0.433098376    
  0.462538213    
  -5.73323071E-02
  -5.71861789E-02
  -5.68438917E-02
  -5.63378781E-02
  -5.56763522E-02
  -5.48570454E-02
  -5.38726188E-02
  -5.27128465E-02
  -5.13660125E-02
  -4.98194173E-02
  -4.80598509E-02
  -4.60735857E-02
  -4.38466668E-02
  -4.13648449E-02
  -3.86136808E-02
  -3.55785452E-02
  -3.22446711E-02
  -2.85971276E-02
  -2.46207602E-02
  -2.03002840E-02
  -1.56202065E-02
  -1.05647771E-02
  -5.11800032E-03
   7.36430404E-04
   7.01514957E-03
   1.37352245E-02
   2.09142175E-02
   2.85702683E-02
   3.67221758E-02
   4.53895889E-02
   5.45931347E-02
   6.43546283E-02
   7.46973976E-02
   8.56464580E-02
   9.72290784E-02
  0.109475173    
  0.122417793    
  0.136093736    
  0.150544599    
  0.165817112    
  0.181964055    
  0.199044272    
  0.217122123    
  0.236264691    
  0.256537080    
  0.277992636    
  0.300656229    
  0.324502945    
  0.349434406    
  0.375266761    
  -5.79902232E-02
  -5.78796118E-02
  -5.76204397E-02
  -5.72372600E-02
  -5.67362085E-02
  -5.61155491E-02
  -5.53696863E-02
  -5.44908457E-02
  -5.34701347E-02
  -5.22978604E-02
  -5.09640537E-02
  -4.94582206E-02
  -4.77698296E-02
  -4.58879843E-02
  -4.38017696E-02
  -4.15000506E-02
  -3.89715955E-02
  -3.62050720E-02
  -3.31889093E-02
  -2.99114920E-02
  -2.63610277E-02
  -2.25254819E-02
  -1.83926392E-02
  -1.39500136E-02
  -9.18485504E-03
  -4.08404227E-03
   1.36596092E-03
   7.17919692E-03
   1.33703183E-02
   1.99547298E-02
   2.69487239E-02
   3.43697742E-02
   4.22367230E-02
   5.05702086E-02
   5.93931563E-02
   6.87314123E-02
   7.86144286E-02
   8.90764520E-02
  0.100157991    
  0.111907519    
  0.124383830    
  0.137658685    
  0.151819825    
  0.166972831    
  0.183241621    
  0.200761303    
  0.219657883    
  0.240003213    
  0.261732131    
  0.284527630    
  -5.86548820E-02
  -5.85806035E-02
  -5.84065206E-02
  -5.81491254E-02
  -5.78124896E-02
  -5.73954396E-02
  -5.68942279E-02
  -5.63036054E-02
  -5.56175783E-02
  -5.48295788E-02
  -5.39329574E-02
  -5.29206209E-02
  -5.17854765E-02
  -5.05201966E-02
  -4.91174422E-02
  -4.75696959E-02
  -4.58694063E-02
  -4.40089218E-02
  -4.19804379E-02
  -3.97761464E-02
  -3.73880714E-02
  -3.48081067E-02
  -3.20279710E-02
  -2.90392023E-02
  -2.58331746E-02
  -2.24009622E-02
  -1.87333561E-02
  -1.48207657E-02
  -1.06531335E-02
  -6.21982850E-03
  -1.50952220E-03
   3.49000841E-03
   8.79212562E-03
   1.44116664E-02
   2.03653704E-02
   2.66725402E-02
   3.33558321E-02
   4.04425114E-02
   4.79662381E-02
   5.59695624E-02
   6.45076707E-02
   7.36540034E-02
   8.35082605E-02
   9.42081138E-02
  0.105945498    
  0.118985802    
  0.133682325    
  0.150458932    
  0.169676915    
  0.191158488    
  -5.93240596E-02
  -5.92866614E-02
  -5.91989942E-02
  -5.90693615E-02
  -5.88998161E-02
  -5.86897470E-02
  -5.84372766E-02
  -5.81397489E-02
  -5.77941425E-02
  -5.73971383E-02
  -5.69453910E-02
  -5.64353168E-02
  -5.58633432E-02
  -5.52257933E-02
  -5.45189455E-02
  -5.37390001E-02
  -5.28821684E-02
  -5.19445688E-02
  -5.09222634E-02
  -4.98113334E-02
  -4.86077480E-02
  -4.73073982E-02
  -4.59060967E-02
  -4.43995595E-02
  -4.27834354E-02
  -4.10531648E-02
  -3.92040946E-02
  -3.72313485E-02
  -3.51297706E-02
  -3.28939483E-02
  -3.05180140E-02
  -2.79956758E-02
  -2.53199469E-02
  -2.24830285E-02
  -1.94760207E-02
  -1.62885152E-02
  -1.29080201E-02
  -9.31913219E-03
  -5.50228031E-03
  -1.43167714E-03
   2.92794290E-03
   7.62677612E-03
   1.27395215E-02
   1.83826182E-02
   2.47468110E-02
   3.21605466E-02
   4.12178524E-02
   5.30441366E-02
   6.98601305E-02
   9.60227177E-02
  -5.99955097E-02
  -5.99952713E-02
  -5.99946938E-02
  -5.99938370E-02
  -5.99927194E-02
  -5.99913187E-02
  -5.99896498E-02
  -5.99876754E-02
  -5.99853881E-02
  -5.99827655E-02
  -5.99797592E-02
  -5.99763878E-02
  -5.99725991E-02
  -5.99683672E-02
  -5.99637032E-02
  -5.99585250E-02
  -5.99528551E-02
  -5.99466488E-02
  -5.99398687E-02
  -5.99325113E-02
  -5.99245429E-02
  -5.99159412E-02
  -5.99066615E-02
  -5.98966703E-02
  -5.98859675E-02
  -5.98745234E-02
  -5.98622710E-02
  -5.98492101E-02
  -5.98352887E-02
  -5.98204806E-02
  -5.98047450E-02
  -5.97880408E-02
  -5.97703233E-02
  -5.97515330E-02
  -5.97316138E-02
  -5.97105175E-02
  -5.96881285E-02
  -5.96643537E-02
  -5.96390739E-02
  -5.96121177E-02
  -5.95832393E-02
  -5.95521145E-02
  -5.95182553E-02
  -5.94808720E-02
  -5.94386980E-02
  -5.93895540E-02
  -5.93294501E-02
  -5.92457764E-02
  -5.85718676E-02
   0.00000000    
