  -406.673950    
  -403.777618    
  -397.471375    
  -389.080658    
  -379.393524    
  -368.903198    
  -357.928772    
  -346.683929    
  -335.314270    
  -323.920532    
  -312.574066    
  -301.324860    
  -290.208191    
  -279.249023    
  -268.464539    
  -257.866394    
  -247.462082    
  -237.256149    
  -227.250717    
  -217.446381    
  -207.842087    
  -198.436172    
  -189.226181    
  -180.209061    
  -171.381332    
  -162.739334    
  -154.279312    
  -145.997147    
  -137.888763    
  -129.950089    
  -122.177048    
  -114.565582    
  -107.111694    
  -99.8114471    
  -92.6609344    
  -85.6563568    
  -78.7940063    
  -72.0702515    
  -65.4815598    
  -59.0244904    
  -52.6956749    
  -46.4918365    
  -40.4098282    
  -34.4465866    
  -28.5991116    
  -22.8645172    
  -17.2399940    
  -11.7228146    
  -6.31033707    
  -1.00000000    
  -406.762177    
  -403.865601    
  -397.558838    
  -389.167389    
  -379.479309    
  -368.987915    
  -358.012299    
  -346.766144    
  -335.395111    
  -323.999847    
  -312.651794    
  -301.400940    
  -290.282532    
  -279.321533    
  -268.535126    
  -257.935059    
  -247.528778    
  -237.320801    
  -227.313278    
  -217.506805    
  -207.900360    
  -198.492279    
  -189.280060    
  -180.260712    
  -171.430725    
  -162.786453    
  -154.324173    
  -146.039749    
  -137.929108    
  -129.988144    
  -122.212822    
  -114.599098    
  -107.142967    
  -99.8404617    
  -92.6877060    
  -85.6809006    
  -78.8163376    
  -72.0903931    
  -65.4995422    
  -59.0403175    
  -52.7093658    
  -46.5034027    
  -40.4192886    
  -34.4539795    
  -28.6044445    
  -22.8678169    
  -17.2412777    
  -11.7221079    
  -6.30766296    
 -0.995379090    
  -407.026855    
  -404.129578    
  -397.821198    
  -389.427551    
  -379.736694    
  -369.242096    
  -358.262939    
  -347.012848    
  -335.637665    
  -324.237915    
  -312.885071    
  -301.629181    
  -290.505524    
  -279.539093    
  -268.747040    
  -258.141174    
  -247.728928    
  -237.514801    
  -227.501007    
  -217.688126    
  -208.075195    
  -198.660583    
  -189.441788    
  -180.415726    
  -171.579010    
  -162.927994    
  -154.458878    
  -146.167618    
  -138.050217    
  -130.102432    
  -122.320236    
  -114.699730    
  -107.236816    
  -99.9275589    
  -92.7681122    
  -85.7546616    
  -78.8834763    
  -72.1509476    
  -65.5535355    
  -59.0878258    
  -52.7504730    
  -46.5381470    
  -40.4477425    
  -34.4761925    
  -28.6204853    
  -22.8777523    
  -17.2451782    
  -11.7200356    
  -6.29968357    
 -0.981559157    
  -407.468018    
  -404.569580    
  -398.258606    
  -389.861206    
  -380.165771    
  -369.665863    
  -358.680786    
  -347.424225    
  -336.041992    
  -324.634766    
  -313.274017    
  -302.009766    
  -290.877319    
  -279.901855    
  -269.100464    
  -258.484924    
  -248.062668    
  -237.838348    
  -227.814163    
  -217.990631    
  -208.366974    
  -198.941437    
  -189.711609    
  -180.674408    
  -171.826508    
  -163.164215    
  -154.683716    
  -146.381104    
  -138.252243    
  -130.293091    
  -122.499611    
  -114.867760    
  -107.393532    
  -100.073044    
  -92.9023743    
  -85.8778000    
  -78.9955521    
  -72.2520599    
  -65.6437683    
  -59.1672478    
  -52.8191643    
  -46.5962486    
  -40.4953423    
  -34.5133781    
  -28.6473904    
  -22.8944855    
  -17.2518444    
  -11.7167397    
  -6.28653622    
 -0.958667874    
  -408.085815    
  -405.185760    
  -398.871063    
  -390.468445    
  -380.766602    
  -370.259338    
  -359.265900    
  -348.000336    
  -336.608368    
  -325.190704    
  -313.818878    
  -302.542938    
  -291.398285    
  -280.410156    
  -269.595764    
  -258.966583    
  -248.530472    
  -238.291901    
  -228.253082    
  -218.414734    
  -208.775986    
  -199.335205    
  -190.089905    
  -181.037170    
  -172.173553    
  -163.495438    
  -154.999069    
  -146.680511    
  -138.535690    
  -130.560623    
  -122.751244    
  -115.103531    
  -107.613503    
  -100.277237    
  -93.0908661    
  -86.0506821    
  -79.1529388    
  -72.3940277    
  -65.7704697    
  -59.2788277    
  -52.9157524    
  -46.6779633    
  -40.5623474    
  -34.5658226    
  -28.6854210    
  -22.9182549    
  -17.2614975    
  -11.7124386    
  -6.26843309    
 -0.926916778    
  -408.880249    
  -405.978149    
  -399.658691    
  -391.249390    
  -381.539459    
  -371.022705    
  -360.018707    
  -348.741425    
  -337.337036    
  -325.906036    
  -314.520050    
  -303.229065    
  -292.068817    
  -281.064392    
  -270.233154    
  -259.586639    
  -249.132675    
  -238.875839    
  -228.818329    
  -218.960938    
  -209.302917    
  -199.842392    
  -190.577225    
  -181.504364    
  -172.620621    
  -163.922165    
  -155.405380    
  -147.066376    
  -138.901138    
  -130.905548    
  -123.075653    
  -115.407555    
  -107.897156    
  -100.540565    
  -93.3340683    
  -86.2737808    
  -79.3560638    
  -72.5773697    
  -65.9341812    
  -59.4230576    
  -53.0406494    
  -46.7837296    
  -40.6491776    
  -34.6338921    
  -28.7349224    
  -22.9493904    
  -17.2744713    
  -11.7074499    
  -6.24568033    
 -0.886599302    
  -409.851501    
  -406.946899    
  -400.621704    
  -392.204285    
  -382.484497    
  -371.956299    
  -360.939301    
  -349.648041    
  -338.228302    
  -326.781189    
  -315.377869    
  -304.068695    
  -292.889374    
  -281.865204    
  -271.013458    
  -260.345764    
  -249.869980    
  -239.590805    
  -229.510529    
  -219.629883    
  -209.948227    
  -200.463760    
  -191.174301    
  -182.076981    
  -173.168518    
  -164.445297    
  -155.903625    
  -147.539566    
  -139.349197    
  -131.328552    
  -123.473602    
  -115.780426    
  -108.245140    
  -100.863754    
  -93.6325226    
  -86.5476990    
  -79.6055603    
  -72.8026428    
  -66.1353989    
  -59.6004257    
  -53.1943817    
  -46.9140511    
  -40.7562904    
  -34.7180367    
  -28.7963543    
  -22.9883327    
  -17.2911816    
  -11.7021761    
  -6.21866369    
 -0.838088095    
  -410.999817    
  -408.092133    
  -401.760193    
  -393.333313    
  -383.601868    
  -373.060181    
  -362.028198    
  -350.720459    
  -339.282684    
  -327.816467    
  -316.392822    
  -305.062286    
  -293.860626    
  -282.813049    
  -271.937225    
  -261.244598    
  -250.743179    
  -240.437683    
  -230.330505    
  -220.422424    
  -210.712814    
  -201.200119    
  -191.882019    
  -182.755768    
  -173.818176    
  -165.065536    
  -156.494431    
  -148.100861    
  -139.880859    
  -131.830490    
  -123.945923    
  -116.223160    
  -108.658356    
  -101.247643    
  -93.9871292    
  -86.8731842    
  -79.9021683    
  -73.0705261    
  -66.3748016    
  -59.8115730    
  -53.3775368    
  -47.0694656    
  -40.8842468    
  -34.8188362    
  -28.8702412    
  -23.0356140    
  -17.3121319    
  -11.6970911    
  -6.18784523    
 -0.781831443    
  -412.325287    
  -409.414154    
  -403.074463    
  -394.636658    
  -384.891937    
  -374.334900    
  -363.285706    
  -351.959045    
  -340.500702    
  -329.012634    
  -317.565735    
  -306.210571    
  -294.983215    
  -283.908813    
  -273.005219    
  -262.284027    
  -251.753143    
  -241.417313    
  -231.279175    
  -221.339554    
  -211.597702    
  -202.052444    
  -192.701370    
  -183.541763    
  -174.570602    
  -165.784195    
  -157.178986    
  -148.751205    
  -140.496964    
  -132.412445    
  -124.493652    
  -116.736641    
  -109.137741    
  -101.693024    
  -94.3986664    
  -87.2511139    
  -80.2466812    
  -73.3818665    
  -66.6532135    
  -60.0573158    
  -53.5908966    
  -47.2507668    
  -41.0337868    
  -34.9369316    
  -28.9572220    
  -23.0918102    
  -17.3378944    
  -11.6927586    
  -6.15376568    
 -0.718349338    
  -413.828094    
  -410.913055    
  -404.564697    
  -396.114716    
  -386.355042    
  -375.780731    
  -364.712250    
  -353.364227    
  -341.882996    
  -330.370209    
  -318.897095    
  -307.514313    
  -296.257996    
  -285.153412    
  -274.218506    
  -263.464996    
  -252.900757    
  -242.530838    
  -232.357666    
  -222.382324    
  -212.604187    
  -203.022049    
  -193.633591    
  -184.436310    
  -175.426987    
  -166.602249    
  -157.958466    
  -149.491989    
  -141.198914    
  -133.075516    
  -125.117844    
  -117.322044    
  -109.684395    
  -102.201118    
  -94.8683777    
  -87.6826096    
  -80.6402206    
  -73.7376862    
  -66.9715958    
  -60.3385696    
  -53.8353195    
  -47.4587059    
  -41.2056236    
  -35.0730400    
  -29.0580044    
  -23.1576328    
  -17.3691425    
  -11.6898212    
  -6.11703825    
 -0.648228347    
  -415.508484    
  -412.589203    
  -406.231201    
  -397.767853    
  -387.991669    
  -377.398163    
  -366.308258    
  -354.936676    
  -343.430054    
  -331.889893    
  -320.387726    
  -308.974304    
  -297.685913    
  -286.547791    
  -275.578003    
  -264.788544    
  -254.187302    
  -243.779343    
  -233.567337    
  -223.552155    
  -213.733536    
  -204.110260    
  -194.680145    
  -185.440643    
  -176.388840    
  -167.521255    
  -158.834396    
  -150.324509    
  -141.988037    
  -133.821121    
  -125.819931    
  -117.980705    
  -110.299660    
  -102.773109    
  -95.3973846    
  -88.1688080    
  -81.0838394    
  -74.1390305    
  -67.3309784    
  -60.6563110    
  -54.1118279    
  -47.6943283    
  -41.4007721    
  -35.2281227    
  -29.1734486    
  -23.2338696    
  -17.4066143    
  -11.6889811    
  -6.07833862    
 -0.572116613    
  -417.366730    
  -414.442841    
  -408.074432    
  -399.596344    
  -389.802185    
  -379.187775    
  -368.074402    
  -356.676971    
  -345.142609    
  -333.572449    
  -322.038452    
  -310.591492    
  -299.267853    
  -288.093079    
  -277.085114    
  -266.256073    
  -255.614105    
  -245.164230    
  -234.909363    
  -224.850433    
  -214.987198    
  -205.318665    
  -195.842560    
  -186.556610    
  -177.457718    
  -168.542725    
  -159.808136    
  -151.250427    
  -142.865891    
  -134.650772    
  -126.601402    
  -118.714035    
  -110.984947    
  -103.410515    
  -95.9871063    
  -88.7110748    
  -81.5788651    
  -74.5871735    
  -67.7325439    
  -61.0117149    
  -54.4214859    
  -47.9586411    
  -41.6201782    
  -35.4030952    
  -29.3044434    
  -23.3213863    
  -17.4511490    
  -11.6910305    
  -6.03840685    
 -0.490717530    
  -419.403198    
  -416.474274    
  -410.094604    
  -401.600647    
  -391.787048    
  -381.149933    
  -370.011353    
  -358.585999    
  -347.021271    
  -335.418671    
  -323.850311    
  -312.366882    
  -301.005066    
  -289.790436    
  -278.740875    
  -267.868927    
  -257.182526    
  -246.687027    
  -236.385513    
  -226.278824    
  -216.366943    
  -206.648880    
  -197.122467    
  -187.785583    
  -178.635376    
  -169.668457    
  -160.881668    
  -152.271454    
  -143.834244    
  -135.566299    
  -127.464096    
  -119.523849    
  -111.741936    
  -104.114906    
  -96.6390610    
  -89.3108292    
  -82.1267853    
  -75.0835495    
  -68.1777420    
  -61.4061317    
  -54.7655334    
  -48.2527962    
  -41.8649635    
  -35.5989876    
  -29.4519939    
  -23.4211197    
  -17.5036144    
  -11.6968002    
  -5.99804020    
 -0.404783279    
  -421.618042    
  -418.683868    
  -412.292084    
  -403.781189    
  -393.946686    
  -383.285370    
  -372.119659    
  -360.664276    
  -349.067017    
  -337.429688    
  -325.824280    
  -314.301727    
  -302.898804    
  -291.641083    
  -280.546814    
  -269.628479    
  -258.894257    
  -248.349548    
  -237.997498    
  -227.839172    
  -217.874481    
  -208.102722    
  -198.521866    
  -189.129807    
  -179.923721    
  -170.900452    
  -162.056793    
  -153.389603    
  -144.895096    
  -136.569717    
  -128.409851    
  -120.412003    
  -112.572548    
  -104.888039    
  -97.3549652    
  -89.9698410    
  -82.7291870    
  -75.6296616    
  -68.6679764    
  -61.8409157    
  -55.1453323    
  -48.5781364    
  -42.1363487    
  -35.8169823    
  -29.6171741    
  -23.5340996    
  -17.5649986    
  -11.7072020    
  -5.95808649    
 -0.315108210    
  -424.011841    
  -421.071869    
  -414.667358    
  -406.138428    
  -396.281738    
  -385.594604    
  -374.399994    
  -362.912781    
  -351.280914    
  -339.606323    
  -327.961456    
  -316.397308    
  -304.950348    
  -293.646576    
  -282.504456    
  -271.536346    
  -260.750854    
  -250.153381    
  -239.747147    
  -229.533295    
  -219.511948    
  -209.682358    
  -200.042831    
  -190.591385    
  -181.324966    
  -172.240860    
  -163.335892    
  -154.606995    
  -146.050430    
  -137.662842    
  -129.440704    
  -121.380417    
  -113.478653    
  -105.731903    
  -98.1368484    
  -90.6899490    
  -83.3878174    
  -76.2272034    
  -69.2048645    
  -62.3176155    
  -55.5623550    
  -48.9360237    
  -42.4356422    
  -36.0583267    
  -29.8011932    
  -23.6614361    
  -17.6363277    
  -11.7231960    
  -5.91944027    
 -0.222520858    
  -426.584686    
  -423.638702    
  -417.220673    
  -408.672821    
  -398.792694    
  -388.078430    
  -376.853119    
  -365.332336    
  -353.663788    
  -341.949829    
  -330.263092    
  -318.654694    
  -307.161072    
  -295.808472    
  -284.615417    
  -273.594543    
  -262.754303    
  -252.100571    
  -241.636536    
  -231.363358    
  -221.281448    
  -211.390015    
  -201.687653    
  -192.172394    
  -182.841415    
  -173.692001    
  -164.721268    
  -155.926025    
  -147.302780    
  -138.848190    
  -130.558868    
  -122.431412    
  -114.462486    
  -106.648666    
  -98.9866943    
  -91.4731369    
  -84.1046524    
  -76.8780975    
  -69.7902451    
  -62.8379898    
  -56.0182304    
  -49.3280144    
  -42.7643509    
  -36.3243942    
  -30.0053024    
  -23.8043098    
  -17.7186928    
  -11.7457924    
  -5.88303137    
 -0.127877146    
  -429.337097    
  -426.384827    
  -419.952637    
  -411.384918    
  -401.480225    
  -390.737274    
  -379.479889    
  -367.923798    
  -356.216675    
  -344.461395    
  -332.730438    
  -321.075348    
  -309.532562    
  -298.128326    
  -286.881439    
  -275.804657    
  -264.906586    
  -254.193192    
  -243.667648    
  -233.331512    
  -223.185181    
  -213.228058    
  -203.458847    
  -193.875519    
  -184.475739    
  -175.256683    
  -166.215576    
  -157.349289    
  -148.654709    
  -140.128372    
  -131.767090    
  -123.567558    
  -115.526512    
  -107.640793    
  -99.9069061    
  -92.3217545    
  -84.8819656    
  -77.5844574    
  -70.4261017    
  -63.4038696    
  -56.5147362    
  -49.7557182    
  -43.1239662    
  -36.6166229    
  -30.2308693    
  -23.9639759    
  -17.8132439    
  -11.7760506    
  -5.84982729    
  -3.20515111E-02
  -432.269348    
  -429.310577    
  -422.863678    
  -414.275177    
  -404.344940    
  -393.572113    
  -382.281128    
  -370.688110    
  -358.940765    
  -347.142120    
  -335.364960    
  -323.660858    
  -312.066284    
  -300.607971    
  -289.304504    
  -278.168823    
  -267.209839    
  -256.433502    
  -245.843033    
  -235.440399    
  -225.225906    
  -215.199249    
  -205.359161    
  -195.703705    
  -186.230698    
  -176.937546    
  -167.821579    
  -158.879684    
  -150.109039    
  -141.506180    
  -133.068085    
  -124.791618    
  -116.673515    
  -108.710701    
  -100.899971    
  -93.2380905    
  -85.7219086    
  -78.3484116    
  -71.1145172    
  -64.0172958    
  -57.0537605    
  -50.2210083    
  -43.5162354    
  -36.9365997    
  -30.4793377    
  -24.1417580    
  -17.9212093    
  -11.8150787    
  -5.82081985    
   6.40703440E-02
  -435.381897    
  -432.416351    
  -425.954193    
  -417.344208    
  -407.387451    
  -396.583618    
  -385.257721    
  -373.626251    
  -361.837250    
  -349.993378    
  -338.168121    
  -326.412628    
  -314.764191    
  -303.249176    
  -291.886505    
  -280.689240    
  -269.666321    
  -258.823853    
  -248.165283    
  -237.692596    
  -227.406418    
  -217.306442    
  -207.391525    
  -197.659821    
  -188.109360    
  -178.737793    
  -169.542374    
  -160.520325    
  -151.668808    
  -142.984695    
  -134.464951    
  -126.106537    
  -117.906387    
  -109.861443    
  -101.968636    
  -94.2248993    
  -86.6271210    
  -79.1724548    
  -71.8578491    
  -64.6804733    
  -57.6374092    
  -50.7257881    
  -43.9428825    
  -37.2859421    
  -30.7522182    
  -24.3390560    
  -18.0438442    
  -11.8640060    
  -5.79701900    
  0.159599945    
  -438.675140    
  -435.702698    
  -429.224731    
  -420.592651    
  -410.608459    
  -399.772705    
  -388.410736    
  -376.739441    
  -364.907135    
  -353.016418    
  -341.141174    
  -329.332520    
  -317.627991    
  -306.053955    
  -294.629669    
  -283.368195    
  -272.278473    
  -261.366913    
  -250.637100    
  -240.091080    
  -229.729645    
  -219.552597    
  -209.558899    
  -199.746994    
  -190.114990    
  -180.660706    
  -171.381393    
  -162.274658    
  -153.337570    
  -144.567368    
  -135.960938    
  -127.515549    
  -119.228172    
  -111.095970    
  -103.115936    
  -95.2850571    
  -87.6004562    
  -80.0592957    
  -72.6586761    
  -65.3958130    
  -58.2679329    
  -51.2722015    
  -44.4059486    
  -37.6664848    
  -31.0511703    
  -24.5573483    
  -18.1824722    
  -11.9240026    
  -5.77944613    
  0.253654689    
  -442.149445    
  -439.170013    
  -432.675812    
  -424.020935    
  -414.008636    
  -403.139923    
  -391.740936    
  -380.028595    
  -368.151550    
  -356.212677    
  -344.285828    
  -332.422211    
  -320.659576    
  -309.024567    
  -297.536285    
  -286.208038    
  -275.049042    
  -264.065552    
  -253.261398    
  -242.638916    
  -232.198792    
  -221.941101    
  -211.864838    
  -201.968872    
  -192.251221    
  -182.709900    
  -173.342331    
  -164.146210    
  -155.118912    
  -146.257690    
  -137.559708    
  -129.022232    
  -120.642525    
  -112.417786    
  -104.345146    
  -96.4217758    
  -88.6448975    
  -81.0118332    
  -73.5197449    
  -66.1659622    
  -58.9477692    
  -51.8624802    
  -44.9074783    
  -38.0801430    
  -31.3779011    
  -24.7981834    
  -18.3384724    
  -11.9962769    
  -5.76913786    
  0.345365107    
  -445.805389    
  -442.818665    
  -436.307983    
  -427.629791    
  -417.588776    
  -406.686401    
  -395.249268    
  -383.494934    
  -371.571991    
  -359.583588    
  -347.603607    
  -335.683441    
  -323.860992    
  -312.163055    
  -300.608765    
  -289.211456    
  -277.980652    
  -266.922577    
  -256.041321    
  -245.339310    
  -234.817291    
  -224.475464    
  -214.313171    
  -204.329208    
  -194.521881    
  -184.889236    
  -175.429062    
  -166.138992    
  -157.016754    
  -148.059769    
  -139.265182    
  -130.630585    
  -122.153282    
  -113.830635    
  -105.659904    
  -97.6385345    
  -89.7638626    
  -82.0332565    
  -74.4440842    
  -66.9937286    
  -59.6795883    
  -52.4990807    
  -45.4497185    
  -38.5289536    
  -31.7342815    
  -25.0632038    
  -18.5132847    
  -12.0820618    
  -5.76713133    
  0.433883846    
  -449.643311    
  -446.649200    
  -440.121826    
  -431.419891    
  -421.349396    
  -410.412842    
  -398.936890    
  -387.139709    
  -375.169861    
  -363.130829    
  -351.096283    
  -339.118317    
  -327.234619    
  -315.471893    
  -303.849579    
  -292.381165    
  -281.076294    
  -269.941132    
  -258.980103    
  -248.195572    
  -237.588501    
  -227.159378    
  -216.907532    
  -206.832031    
  -196.931061    
  -187.203003    
  -177.645844    
  -168.257446    
  -159.035583    
  -149.977753    
  -141.081619    
  -132.344681    
  -123.764458    
  -115.338516    
  -107.064209    
  -98.9392242    
  -90.9609909    
  -83.1270905    
  -75.4349670    
  -67.8821640    
  -60.4662323    
  -53.1846733    
  -46.0351028    
  -39.0151215    
  -32.1222801    
  -25.3541641    
  -18.7084103    
  -12.1826277    
  -5.77447271    
  0.518392622    
  -453.663757    
  -450.662170    
  -444.117828    
  -435.391815    
  -425.291504    
  -414.320190    
  -402.804749    
  -390.964020    
  -378.946503    
  -366.855835    
  -354.765839    
  -342.728729    
  -330.782318    
  -318.953369    
  -307.261292    
  -295.720001    
  -284.338959    
  -273.124542    
  -262.081207    
  -251.211502    
  -240.516632    
  -229.997040    
  -219.652283    
  -209.481476    
  -199.483109    
  -189.655685    
  -179.997345    
  -170.506088    
  -161.179886    
  -152.016510    
  -143.013702    
  -134.169144    
  -125.480568    
  -116.945778    
  -108.562317    
  -100.327957    
  -92.2403030    
  -84.2970963    
  -76.4959869    
  -68.8347015    
  -61.3108444    
  -53.9221420    
  -46.6663094    
  -39.5410461    
  -32.5439987    
  -25.6728878    
  -18.9254169    
  -12.2992849    
  -5.79220009    
  0.598110497    
  -457.867188    
  -454.858002    
  -448.296478    
  -439.546204    
  -429.415802    
  -418.409332    
  -406.854065    
  -394.969116    
  -382.903259    
  -370.760284    
  -358.613983    
  -346.516724    
  -334.506348    
  -322.609955    
  -310.846832    
  -299.230927    
  -287.771729    
  -276.476044    
  -265.348236    
  -254.390945    
  -243.605515    
  -232.992554    
  -222.551697    
  -212.282257    
  -202.182922    
  -192.252213    
  -182.488525    
  -172.889984    
  -163.454849    
  -154.181091    
  -145.066544    
  -136.109085    
  -127.306793    
  -118.657440    
  -110.158974    
  -101.809273    
  -93.6061478    
  -85.5474472    
  -77.6311188    
  -69.8549881    
  -62.2168884    
  -54.7146683    
  -47.3462029    
  -40.1092949    
  -33.0017242    
  -26.0213528    
  -19.1659660    
  -12.4333706    
  -5.82134914    
  0.672300994    
  -462.253845    
  -459.237183    
  -452.658264    
  -443.883728    
  -433.723022    
  -422.681091    
  -411.085815    
  -399.156219    
  -387.041718    
  -374.845886    
  -362.642426    
  -350.484314    
  -338.409180    
  -326.444244    
  -314.608856    
  -302.916870    
  -291.378052    
  -279.999268    
  -268.784973    
  -257.737885    
  -246.859512    
  -236.150497    
  -225.610580    
  -215.239288    
  -205.035477    
  -194.997772    
  -185.124664    
  -175.414612    
  -165.865967    
  -156.476898    
  -147.245590    
  -138.169983    
  -129.248383    
  -120.478806    
  -111.859375    
  -103.388176    
  -95.0633011    
  -86.8827667    
  -78.8447113    
  -70.9471512    
  -63.1881561    
  -55.5657310    
  -48.0778961    
  -40.7226372    
  -33.4978943    
  -26.4016361    
  -19.4317932    
  -12.5862732    
  -5.86295271    
  0.740278065    
  -466.824493    
  -463.800110    
  -457.203918    
  -448.405029    
  -438.214050    
  -427.136505    
  -415.501007    
  -403.526550    
  -391.363159    
  -379.114136    
  -366.853241    
  -354.633606    
  -342.493195    
  -330.458801    
  -318.550201    
  -306.781006    
  -295.161346    
  -283.698029    
  -272.395477    
  -261.256683    
  -250.283112    
  -239.475525    
  -228.833893    
  -218.357697    
  -208.046127    
  -197.897858    
  -187.911560    
  -178.085861    
  -168.419220    
  -158.910095    
  -149.556824    
  -140.357773    
  -131.311249    
  -122.415627    
  -113.669144    
  -105.070229    
  -96.6171265    
  -88.3081284    
  -80.1415558    
  -72.1156921    
  -64.2287979    
  -56.4791069    
  -48.8648491    
  -41.3841591    
  -34.0351753    
  -26.8160076    
  -19.7247467    
  -12.7594213    
  -5.91803980    
  0.801413655    
  -471.579437    
  -468.547363    
  -461.933990    
  -453.110809    
  -442.889557    
  -431.776611    
  -420.101013    
  -408.081848    
  -395.869171    
  -383.566772    
  -371.248322    
  -358.966858    
  -346.760651    
  -334.656433    
  -322.673767    
  -310.826691    
  -299.125244    
  -287.576111    
  -276.183899    
  -264.951782    
  -253.881073    
  -242.972855    
  -232.226837    
  -221.643066    
  -211.220688    
  -200.958496    
  -190.855301    
  -180.909958    
  -171.121048    
  -161.487198    
  -152.007004    
  -142.679077    
  -133.502029    
  -124.474373    
  -115.594658    
  -106.861542    
  -98.2734985    
  -89.8291321    
  -81.5269470    
  -73.3655701    
  -65.3434372    
  -57.4590607    
  -49.7108765    
  -42.0972366    
  -34.6164742    
  -27.2669182    
  -20.0467987    
  -12.9543228    
  -5.98763847    
  0.855142891    
  -476.519043    
  -473.479462    
  -466.848969    
  -458.001617    
  -447.750244    
  -436.602112    
  -424.886536    
  -412.822906    
  -400.561188    
  -388.205444    
  -375.829681    
  -363.486237    
  -351.214020    
  -339.039734    
  -326.982788    
  -315.057343    
  -303.273254    
  -291.637482    
  -280.154663    
  -268.827820    
  -257.658447    
  -246.647659    
  -235.795334    
  -225.101517    
  -214.565506    
  -204.186279    
  -193.962753    
  -183.893829    
  -173.978424    
  -164.215302    
  -154.603271    
  -145.141190    
  -135.827927    
  -126.662155    
  -117.642830    
  -108.768852    
  -100.038986    
  -91.4520721    
  -83.0069122    
  -74.7024002    
  -66.5373001    
  -58.5103226    
  -50.6202278    
  -42.8655930    
  -35.2450104    
  -27.7570324    
  -20.4000778    
  -13.1725588    
  -6.07278776    
  0.900968909    
  -481.643829    
  -478.596924    
  -471.949524    
  -463.078247    
  -452.797058    
  -441.614166    
  -429.858978    
  -417.751190    
  -405.440765    
  -393.032074    
  -380.599121    
  -368.194153    
  -355.856018    
  -343.611755    
  -331.480438    
  -319.476349    
  -307.609406    
  -295.886444    
  -284.312195    
  -272.889618    
  -261.620483    
  -250.505585    
  -239.545166    
  -228.739288    
  -218.087158    
  -207.588043    
  -197.240997    
  -187.044846    
  -176.998901    
  -167.102127    
  -157.353470    
  -147.751953    
  -138.296753    
  -128.986923    
  -119.821548    
  -110.799805    
  -101.920921    
  -93.1839828    
  -84.5880737    
  -76.1324158    
  -67.8161087    
  -59.6381645    
  -51.5976295    
  -43.6934128    
  -35.9243622    
  -28.2893085    
  -20.7869148    
  -13.4158154    
  -6.17453814    
  0.938468456    
  -486.954315    
  -483.900146    
  -477.236084    
  -468.341217    
  -458.030884    
  -446.813629    
  -435.019531    
  -422.867981    
  -410.509491    
  -398.048462    
  -385.558777    
  -373.092926    
  -360.689362    
  -348.375275    
  -336.170013    
  -324.087372    
  -312.137604    
  -300.327179    
  -288.661163    
  -277.142273    
  -265.772491    
  -254.552460    
  -243.482529    
  -232.562805    
  -221.792480    
  -211.171005    
  -200.697403    
  -190.370850    
  -180.190659    
  -170.156036    
  -160.265991    
  -150.519989    
  -140.917297    
  -131.457260    
  -122.139351    
  -112.962936    
  -103.927589    
  -95.0327682    
  -86.2779846    
  -77.6627197    
  -69.1864548    
  -60.8485527    
  -52.6484413    
  -44.5853996    
  -36.6585464    
  -28.8670425    
  -21.2098656    
  -13.6859150    
  -6.29396868    
  0.967294872    
  -492.450928    
  -489.389618    
  -482.709351    
  -473.791290    
  -463.452362    
  -452.201508    
  -440.369110    
  -428.174561    
  -415.768799    
  -403.256226    
  -390.710632    
  -378.184540    
  -365.716492    
  -353.333313    
  -341.054596    
  -328.894012    
  -316.861664    
  -304.964172    
  -293.206390    
  -281.591064    
  -270.120087    
  -258.794342    
  -247.613953    
  -236.579041    
  -225.688889    
  -214.942993    
  -204.340393    
  -193.880463    
  -183.562637    
  -173.386215    
  -163.350449    
  -153.454895    
  -143.699066    
  -134.082825    
  -124.605721    
  -115.267494    
  -106.068062    
  -97.0073318    
  -88.0851135    
  -79.3013077    
  -70.6557922    
  -62.1483765    
  -53.7788506    
  -45.5469322    
  -37.4521294    
  -29.4939804    
  -21.6718159    
  -13.9848642    
  -6.43221378    
  0.987181842    
  -498.134064    
  -495.065918    
  -488.369781    
  -479.429077    
  -469.062256    
  -457.778687    
  -445.908630    
  -433.672211    
  -421.220215    
  -408.657135    
  -396.056732    
  -383.471497    
  -370.939789    
  -358.488617    
  -346.137390    
  -333.899811    
  -321.785675    
  -309.801697    
  -297.952606    
  -286.241272    
  -274.669250    
  -263.237579    
  -251.946274    
  -240.795364    
  -229.784225    
  -218.912186    
  -208.178619    
  -197.582855    
  -187.124344    
  -176.802551    
  -166.616898    
  -156.567093    
  -146.652817    
  -136.874329    
  -127.231415    
  -117.724182    
  -108.352875    
  -99.1177444    
  -90.0190964    
  -81.0572968    
  -72.2326202    
  -63.5453796    
  -54.9958382    
  -46.5841637    
  -38.3103523    
  -30.1743813    
  -22.1760235    
  -14.3149004    
  -6.59047937    
  0.997945428    
  -504.004272    
  -500.929352    
  -494.217865    
  -485.255280    
  -474.861328    
  -463.545929    
  -451.639374    
  -439.362213    
  -426.865204    
  -414.252716    
  -401.598907    
  -388.955963    
  -376.362000    
  -363.844147    
  -351.421722    
  -339.108337    
  -326.913696    
  -314.844330    
  -302.905060    
  -291.098419    
  -279.425995    
  -267.888672    
  -256.486603    
  -245.219406    
  -234.086563    
  -223.087479    
  -212.221466    
  -201.487869    
  -190.886185    
  -180.415848    
  -170.076584    
  -159.868042    
  -149.790344    
  -139.843719    
  -130.028442    
  -120.344925    
  -110.793701    
  -101.375481    
  -92.0910187    
  -82.9411621    
  -73.9267654    
  -65.0486221    
  -56.3075333    
  -47.7042274    
  -39.2392654    
  -30.9131718    
  -22.7262287    
  -14.6785564    
  -6.77007961    
  0.999486208    
  -510.061920    
  -506.980530    
  -500.254181    
  -491.270447    
  -480.850342    
  -469.504120    
  -457.562408    
  -445.245911    
  -432.705078    
  -420.044952    
  -407.339172    
  -394.640106    
  -381.985657    
  -369.402771    
  -356.910767    
  -344.523376    
  -332.249908    
  -320.096741    
  -308.068604    
  -296.167969    
  -284.396301    
  -272.754456    
  -261.242218    
  -249.859131    
  -238.604675    
  -227.478088    
  -216.478790    
  -205.606018    
  -194.859192    
  -184.237839    
  -173.741669    
  -163.370468    
  -153.124512    
  -143.004242    
  -133.010178    
  -123.143097    
  -113.403877    
  -103.793610    
  -94.3135757    
  -84.9651413    
  -75.7496796    
  -66.6686401    
  -57.7234688    
  -48.9155045    
  -40.2460098    
  -31.7161465    
  -23.3268242    
  -15.0787745    
  -6.97248936    
  0.991789997    
  -516.307495    
  -513.219849    
  -506.479126    
  -497.475128    
  -487.030029    
  -475.654114    
  -463.678650    
  -451.324341    
  -438.741608    
  -426.035339    
  -413.279449    
  -400.526215    
  -387.813232    
  -375.167358    
  -362.607910    
  -350.148560    
  -337.798309    
  -325.563538    
  -313.448456    
  -301.455750    
  -289.586639    
  -277.841644    
  -266.220673    
  -254.722794    
  -243.347519    
  -232.093857    
  -220.961121    
  -209.948517    
  -199.055328    
  -188.281052    
  -177.625397    
  -167.088211    
  -156.669754    
  -146.370682    
  -136.191742    
  -126.134003    
  -116.198624    
  -106.387161    
  -96.7014236    
  -87.1432343    
  -77.7146530    
  -68.4178009    
  -59.2548676    
  -50.2279434    
  -41.3390579    
  -32.5901833    
  -23.9830093    
  -15.5190144    
  -7.19940281    
  0.974927843    
  -522.741211    
  -519.647583    
  -512.893188    
  -503.870026    
  -493.401001    
  -481.996735    
  -469.989014    
  -457.598755    
  -444.975739    
  -432.225433    
  -419.421448    
  -406.616272    
  -393.847046    
  -381.140686    
  -368.516357    
  -355.987457    
  -343.563049    
  -331.249115    
  -319.049652    
  -306.967407    
  -295.003204    
  -283.157410    
  -271.429657    
  -259.818878    
  -248.324265    
  -236.944656    
  -225.679245    
  -214.527039    
  -203.487137    
  -192.558975    
  -181.742050    
  -171.036270    
  -160.441788    
  -149.959396    
  -139.589996    
  -129.334778    
  -119.195274    
  -109.173485    
  -99.2715607    
  -89.4919662    
  -79.8374252    
  -70.3108139    
  -60.9151535    
  -51.6534195    
  -42.5285873    
  -33.5435982    
  -24.7010727    
  -16.0034504    
  -7.45282745    
  0.949055731    
  -529.363464    
  -526.264099    
  -519.497009    
  -510.455719    
  -499.963898    
  -488.532806    
  -476.494415    
  -464.070007    
  -451.408966    
  -438.616852    
  -425.767029    
  -412.912354    
  -400.089661    
  -387.325531    
  -374.639221    
  -362.043762    
  -349.548035    
  -337.158112    
  -324.877350    
  -312.708679    
  -300.652405    
  -288.708588    
  -276.876892    
  -265.155914    
  -253.544510    
  -242.040985    
  -230.644638    
  -219.354065    
  -208.168213    
  -197.086090    
  -186.107162    
  -175.231216    
  -164.458176    
  -153.788773    
  -143.223953    
  -132.765091    
  -122.413918    
  -112.172638    
  -102.043961    
  -92.0308609    
  -82.1367416    
  -72.3653107    
  -62.7205200    
  -53.2064133    
  -43.8270607    
  -34.5865517    
  -25.4887238    
  -16.5371952    
  -7.73520947    
  0.914412618    
  -536.174561    
  -533.069946    
  -526.290894    
  -517.232605    
  -506.719299    
  -495.263000    
  -483.195923    
  -470.739227    
  -458.042419    
  -445.210968    
  -432.318085    
  -419.416626    
  -406.543457    
  -393.724640    
  -380.979492    
  -368.320801    
  -355.757416    
  -343.294922    
  -330.936646    
  -318.685150    
  -306.540466    
  -294.502441    
  -282.570435    
  -270.742798    
  -259.017792    
  -247.393570    
  -235.869125    
  -224.442596    
  -213.112671    
  -201.877914    
  -190.737610    
  -179.691040    
  -168.738083    
  -157.879120    
  -147.115036    
  -136.447205    
  -125.877373    
  -115.407936    
  -105.041954    
  -94.7829361    
  -84.6349564    
  -74.6025772    
  -64.6907730    
  -54.9047394    
  -45.2498970    
  -35.7317467    
  -26.3556328    
  -17.1266766    
  -8.04961586    
  0.871318579    
  -543.174927    
  -540.065308    
  -533.275269    
  -524.201111    
  -513.667847    
  -502.188049    
  -490.094269    
  -477.607391    
  -464.877350    
  -452.009125    
  -439.076233    
  -426.131012    
  -413.210449    
  -400.340302    
  -387.539948    
  -374.821777    
  -362.194763    
  -349.663818    
  -337.232422    
  -324.902435    
  -312.673828    
  -300.545990    
  -288.518127    
  -276.588196    
  -264.753998    
  -253.013428    
  -241.364944    
  -229.806183    
  -218.335358    
  -206.950790    
  -195.651047    
  -184.435089    
  -173.302383    
  -162.252869    
  -151.287064    
  -140.406204    
  -129.611786    
  -118.906334    
  -108.293037    
  -97.7757797    
  -87.3591995    
  -77.0487137    
  -66.8503418    
  -56.7706375    
  -46.8165436    
  -36.9953041    
  -27.3141460    
  -17.7801476    
  -8.39999962    
  0.820172131    
  -550.364807    
  -547.250732    
  -540.450317    
  -531.361633    
  -520.809998    
  -509.308624    
  -497.190247    
  -484.675568    
  -471.914856    
  -459.012787    
  -446.042755    
  -433.057037    
  -420.092560    
  -407.175232    
  -394.323639    
  -381.550201    
  -368.863739    
  -356.268982    
  -343.769226    
  -331.365845    
  -319.058380    
  -306.846222    
  -294.727936    
  -282.701019    
  -270.763245    
  -258.911713    
  -247.144485    
  -235.458679    
  -223.851807    
  -212.321762    
  -200.866379    
  -189.484070    
  -178.173721    
  -166.934540    
  -155.766586    
  -144.670471    
  -133.647339    
  -122.699394    
  -111.829720    
  -101.042435    
  -90.3424377    
  -79.7358856    
  -69.2298508    
  -58.8322945    
  -48.5519180    
  -38.3980942    
  -28.3803940    
  -18.5084610    
  -8.79161072    
  0.761445880    
  -557.744507    
  -554.626343    
  -547.816528    
  -538.714539    
  -528.146301    
  -516.625305    
  -504.484436    
  -491.944519    
  -479.155945    
  -466.222931    
  -453.219177    
  -440.196472    
  -427.191925    
  -414.231415    
  -401.333038    
  -388.508820    
  -375.767792    
  -363.114410    
  -350.551605    
  -338.080475    
  -325.700226    
  -313.409790    
  -301.207336    
  -289.090149    
  -277.055237    
  -265.099487    
  -253.220154    
  -241.413986    
  -229.677719    
  -218.008423    
  -206.403397    
  -194.860077    
  -183.376450    
  -171.951035    
  -160.582901    
  -149.271805    
  -138.018188    
  -126.823555    
  -115.690407    
  -104.622559    
  -93.6250000    
  -82.7042236    
  -71.8681488    
  -61.1260872    
  -50.4886894    
  -39.9677963    
  -29.5759983    
  -19.3263016    
  -9.23162842    
  0.695682347    
  -565.314331    
  -562.192444    
  -555.374207    
  -546.260376    
  -535.677185    
  -524.138733    
  -511.977936    
  -499.415222    
  -486.601532    
  -473.640839    
  -460.606812    
  -447.550812    
  -434.510376    
  -421.511017    
  -408.570587    
  -395.700745    
  -382.910339    
  -370.203827    
  -357.583954    
  -345.051117    
  -332.604736    
  -320.242889    
  -307.963531    
  -295.763580    
  -283.639374    
  -271.587494    
  -259.604248    
  -247.686096    
  -235.828827    
  -224.028778    
  -212.282288    
  -200.585770    
  -188.936249    
  -177.331024    
  -165.767975    
  -154.245667    
  -142.763260    
  -131.320984    
  -119.920296    
  -108.564049    
  -97.2565613    
  -86.0041504    
  -74.8150787    
  -63.6996498    
  -52.6704178    
  -41.7420311    
  -30.9307995    
  -20.2542114    
  -9.73024273    
  0.623489618    
  -573.074585    
  -569.949219    
  -563.123657    
  -553.999451    
  -543.403015    
  -531.849304    
  -519.671021    
  -507.088409    
  -494.252777    
  -481.267639    
  -468.206879    
  -455.121735    
  -442.049561    
  -429.015900    
  -416.038177    
  -403.128204    
  -390.294250    
  -377.540833    
  -364.870178    
  -352.282440    
  -339.777008    
  -327.351440    
  -315.003357    
  -302.729218    
  -290.524750    
  -278.385956    
  -266.308716    
  -254.288696    
  -242.320923    
  -230.400711    
  -218.523499    
  -206.684631    
  -194.879745    
  -183.104782    
  -171.356110    
  -159.630615    
  -147.925735    
  -136.239746    
  -124.572235    
  -112.924156    
  -101.298248    
  -89.6994705    
  -78.1354065    
  -66.6165466    
  -55.1567841    
  -43.7735329    
  -32.4874687    
  -21.3220482    
  -10.3025064    
  0.545534551    
  -581.025269    
  -577.897095    
  -571.065063    
  -561.931824    
  -551.324341    
  -539.757385    
  -527.564087    
  -514.964600    
  -502.110016    
  -489.104065    
  -476.020416    
  -462.910431    
  -449.810944    
  -436.747681    
  -423.737854    
  -410.793427    
  -397.921936    
  -385.128143    
  -372.413605    
  -359.778564    
  -347.221863    
  -334.741119    
  -322.333191    
  -309.994324    
  -297.719635    
  -285.504578    
  -273.344666    
  -261.234680    
  -249.168777    
  -237.141541    
  -225.147125    
  -213.179764    
  -201.233810    
  -189.303482    
  -177.383301    
  -165.468109    
  -153.553085    
  -141.633850    
  -129.707184    
  -117.770950    
  -105.824844    
  -93.8708649    
  -81.9139481    
  -69.9629288    
  -58.0314064    
  -46.1385765    
  -34.3095627    
  -22.5753860    
  -10.9718866    
  0.462538213    
  -589.166565    
  -586.036133    
  -579.198669    
  -570.057983    
  -559.441284    
  -547.863342    
  -535.657532    
  -523.044250    
  -510.174042    
  -497.150879    
  -484.048431    
  -470.917877    
  -457.795959    
  -444.708099    
  -431.671692    
  -418.698425    
  -405.795837    
  -392.968445    
  -380.217377    
  -367.542847    
  -354.943512    
  -342.416504    
  -329.958527    
  -317.565063    
  -305.231262    
  -292.952179    
  -280.722229    
  -268.535828    
  -256.386383    
  -244.267517    
  -232.172333    
  -220.093796    
  -208.024826    
  -195.957993    
  -183.885880    
  -171.800919    
  -159.695526    
  -147.562057    
  -135.393509    
  -123.183403    
  -110.926537    
  -98.6195068    
  -86.2617264    
  -73.8567963    
  -61.4142723    
  -48.9517021    
  -36.4966316    
  -24.0882816    
  -11.7776527    
  0.375266761    
  -597.498535    
  -594.366394    
  -587.524658    
  -578.378174    
  -567.754211    
  -556.167725    
  -543.952209    
  -531.327881    
  -518.445618    
  -505.408813    
  -492.291748    
  -479.144897    
  -466.005493    
  -452.898285    
  -439.840942    
  -426.845032    
  -413.917938    
  -401.063965    
  -388.284119    
  -375.578430    
  -362.945435    
  -350.381836    
  -337.884155    
  -325.447388    
  -313.066650    
  -300.736298    
  -288.450439    
  -276.202637    
  -263.986053    
  -251.793274    
  -239.616196    
  -227.447052    
  -215.277176    
  -203.097626    
  -190.898926    
  -178.671204    
  -166.403763    
  -154.085480    
  -141.704819    
  -129.249832    
  -116.708527    
  -104.069397    
  -91.3222733    
  -78.4598694    
  -65.4803925    
  -52.3911743    
  -39.2139015    
  -25.9911022    
  -12.7923117    
  0.284527630    
  -606.021301    
  -602.887878    
  -596.043091    
  -586.892456    
  -576.263245    
  -564.670654    
  -552.448059    
  -539.815979    
  -526.925110    
  -513.878479    
  -500.750854    
  -487.592377    
  -474.440186    
  -461.319031    
  -448.246735    
  -435.234558    
  -422.289825    
  -409.416626    
  -396.615936    
  -383.887817    
  -371.230347    
  -358.640350    
  -346.113892    
  -333.645752    
  -321.230927    
  -308.863129    
  -296.536530    
  -284.243958    
  -271.978149    
  -259.730865    
  -247.493439    
  -235.257111    
  -223.012115    
  -210.748047    
  -198.453888    
  -186.117493    
  -173.725494    
  -161.263306    
  -148.714935    
  -136.062500    
  -123.286331    
  -110.364662    
  -97.2737885    
  -83.9886398    
  -70.4846573    
  -56.7418861    
  -42.7528915    
  -28.5380592    
  -14.1706009    
  0.191158488    
  -614.734924    
  -611.600647    
  -604.754150    
  -595.600952    
  -584.968567    
  -573.372437    
  -561.145691    
  -548.508911    
  -535.612610    
  -522.560303    
  -509.426178    
  -496.260620    
  -483.100647    
  -469.971283    
  -456.889923    
  -443.867889    
  -430.912567    
  -418.027710    
  -405.214417    
  -392.472717    
  -379.800476    
  -367.194489    
  -354.650452    
  -342.163422    
  -329.727936    
  -317.337524    
  -304.986023    
  -292.666199    
  -280.370209    
  -268.089630    
  -255.815216    
  -243.537521    
  -231.246078    
  -218.929672    
  -206.575882    
  -194.171310    
  -181.700546    
  -169.146469    
  -156.489594    
  -143.707306    
  -130.773239    
  -117.656021    
  -104.317772    
  -90.7119370    
  -76.7812424    
  -62.4553947    
  -47.6517029    
  -32.2866249    
  -16.3211308    
   9.60227177E-02
  -623.639465    
  -620.504883    
  -613.657837    
  -604.503784    
  -593.870422    
  -582.273132    
  -570.044922    
  -557.406616    
  -544.508362    
  -531.454224    
  -518.318054    
  -505.150085    
  -491.987457    
  -478.855316    
  -465.770935    
  -452.745544    
  -439.786652    
  -426.897858    
  -414.080414    
  -401.334259    
  -388.657043    
  -376.045654    
  -363.495728    
  -351.002319    
  -338.559845    
  -326.161987    
  -313.802216    
  -301.473236    
  -289.167053    
  -276.875214    
  -264.588287    
  -252.296646    
  -239.989563    
  -227.655411    
  -215.281448    
  -202.853546    
  -190.355759    
  -177.770065    
  -165.075485    
  -152.247681    
  -139.257401    
  -126.068993    
  -112.637527    
  -98.9042816    
  -84.7887039    
  -70.1736526    
  -54.8748665    
  -38.5765839    
  -20.6866913    
   0.00000000    
