 -0.152169779    
 -0.151648581    
 -0.150557250    
 -0.149199337    
 -0.147780299    
 -0.146448195    
 -0.145315543    
 -0.144472867    
 -0.143996119    
 -0.143951237    
 -0.144397750    
 -0.145390049    
 -0.146979019    
 -0.149212867    
 -0.152137771    
 -0.155798376    
 -0.160237983    
 -0.165499032    
 -0.171623036    
 -0.178650916    
 -0.186622784    
 -0.195578590    
 -0.205557749    
 -0.216599286    
 -0.228741944    
 -0.242024213    
 -0.256484449    
 -0.272160530    
 -0.289090306    
 -0.307311386    
 -0.326861292    
 -0.347777486    
 -0.370097190    
 -0.393857718    
 -0.419095993    
 -0.445849001    
 -0.474153578    
 -0.504046798    
 -0.535565257    
 -0.568745613    
 -0.603624582    
 -0.640238523    
 -0.678624332    
 -0.718818367    
 -0.760857105    
 -0.804777265    
 -0.850615263    
 -0.898407459    
 -0.948190212    
  -1.00000000    
 -0.152185649    
 -0.151663408    
 -0.150569513    
 -0.149207607    
 -0.147782996    
 -0.146443635    
 -0.145301834    
 -0.144447967    
 -0.143957809    
 -0.143897071    
 -0.144325137    
 -0.145296246    
 -0.146861061    
 -0.149067625    
 -0.151961952    
 -0.155588508    
 -0.159990445    
 -0.165210024    
 -0.171288565    
 -0.178266838    
 -0.186184824    
 -0.195082232    
 -0.204998374    
 -0.215972081    
 -0.228041947    
 -0.241246238    
 -0.255623221    
 -0.271210641    
 -0.288046122    
 -0.306167036    
 -0.325610846    
 -0.346414804    
 -0.368615955    
 -0.392251551    
 -0.417358130    
 -0.443972707    
 -0.472131938    
 -0.501872659    
 -0.533231378    
 -0.566244543    
 -0.600948572    
 -0.637379885    
 -0.675574958    
 -0.715570390    
 -0.757402003    
 -0.801106572    
 -0.846720338    
 -0.894279599    
 -0.943820477    
 -0.995379090    
 -0.152233332    
 -0.151707977    
 -0.150606439    
 -0.149232537    
 -0.147791296    
 -0.146430224    
 -0.145261124    
 -0.144373789    
 -0.143843517    
 -0.143735409    
 -0.144108325    
 -0.145016029    
 -0.146508589    
 -0.148633584    
 -0.151436478    
 -0.154961258    
 -0.159250557    
 -0.164346054    
 -0.170288607    
 -0.177118555    
 -0.184875309    
 -0.193598151    
 -0.203325808    
 -0.214096695    
 -0.225948825    
 -0.238919988    
 -0.253047973    
 -0.268370122    
 -0.284923494    
 -0.302744865    
 -0.321871281    
 -0.342339575    
 -0.364186347    
 -0.387448043    
 -0.412161022    
 -0.438361734    
 -0.466086239    
 -0.495370805    
 -0.526251614    
 -0.558764577    
 -0.592945635    
 -0.628830433    
 -0.666455269    
 -0.705856204    
 -0.747068584    
 -0.790128529    
 -0.835071683    
 -0.881934047    
 -0.930751324    
 -0.981559157    
 -0.152313024    
 -0.151782528    
 -0.150668338    
 -0.149274617    
 -0.147805884    
 -0.146408886    
 -0.145194575    
 -0.144251868    
 -0.143655136    
 -0.143468618    
 -0.143750280    
 -0.144552976    
 -0.145925894    
 -0.147915825    
 -0.150567353    
 -0.153923556    
 -0.158026233    
 -0.162916258    
 -0.168633655    
 -0.175217882    
 -0.182707667    
 -0.191141248    
 -0.200556710    
 -0.210991606    
 -0.222483173    
 -0.235068202    
 -0.248783767    
 -0.263666362    
 -0.279752225    
 -0.297077596    
 -0.315678447    
 -0.335590750    
 -0.356850237    
 -0.379492700    
 -0.403553575    
 -0.429068625    
 -0.456072867    
 -0.484602034    
 -0.514691055    
 -0.546375394    
 -0.579689920    
 -0.614669919    
 -0.651350141    
 -0.689765990    
 -0.729952633    
 -0.771944880    
 -0.815777659    
 -0.861485779    
 -0.909104109    
 -0.958667874    
 -0.152425036    
 -0.151887432    
 -0.150755748    
 -0.149334580    
 -0.147827804    
 -0.146381095    
 -0.145104140    
 -0.144084752    
 -0.143395945    
 -0.143100783    
 -0.143255949    
 -0.143913046    
 -0.145120129    
 -0.146922782    
 -0.149364457    
 -0.152486786    
 -0.156330749    
 -0.160935864    
 -0.166340932    
 -0.172584429    
 -0.179703817    
 -0.187736303    
 -0.196718723    
 -0.206687540    
 -0.217678830    
 -0.229728281    
 -0.242871821    
 -0.257144779    
 -0.272582263    
 -0.289219320    
 -0.307090998    
 -0.326232076    
 -0.346677035    
 -0.368460566    
 -0.391616851    
 -0.416180700    
 -0.442185909    
 -0.469666749    
 -0.498657644    
 -0.529192328    
 -0.561304927    
 -0.595029414    
 -0.630399644    
 -0.667449355    
 -0.706213057    
 -0.746724248    
 -0.789016187    
 -0.833123147    
 -0.879078746    
 -0.926916778    
 -0.152569786    
 -0.152023211    
 -0.150869414    
 -0.149413526    
 -0.147858605    
 -0.146348864    
 -0.144992605    
 -0.143875942    
 -0.143070400    
 -0.142637447    
 -0.142632157    
 -0.143104509    
 -0.144101202    
 -0.145666152    
 -0.147841334    
 -0.150666997    
 -0.154182434    
 -0.158425808    
 -0.163434446    
 -0.169245273    
 -0.175894424    
 -0.183417514    
 -0.191850021    
 -0.201226875    
 -0.211582899    
 -0.222952202    
 -0.235369250    
 -0.248868018    
 -0.263482124    
 -0.279245228    
 -0.296190798    
 -0.314352393    
 -0.333762884    
 -0.354455382    
 -0.376463085    
 -0.399818629    
 -0.424554884    
 -0.450704843    
 -0.478301227    
 -0.507376254    
 -0.537962556    
 -0.570092499    
 -0.603798866    
 -0.639113843    
 -0.676069975    
 -0.714699864    
 -0.755035222    
 -0.797109067    
 -0.840952933    
 -0.886599302    
 -0.152747855    
 -0.152190521    
 -0.151010275    
 -0.149512783    
 -0.147900134    
 -0.146314859    
 -0.144863352    
 -0.143629983    
 -0.142684191    
 -0.142085731    
 -0.141887590    
 -0.142137945    
 -0.142881647    
 -0.144160822    
 -0.146015584    
 -0.148484364    
 -0.151604652    
 -0.155412883    
 -0.159944564    
 -0.165234879    
 -0.171318188    
 -0.178228408    
 -0.185999259    
 -0.194663927    
 -0.204255372    
 -0.214806274    
 -0.226349145    
 -0.238916129    
 -0.252539247    
 -0.267250478    
 -0.283081442    
 -0.300064027    
 -0.318229496    
 -0.337609261    
 -0.358234465    
 -0.380136192    
 -0.403345585    
 -0.427893817    
 -0.453811556    
 -0.481129915    
 -0.509879291    
 -0.540090621    
 -0.571794689    
 -0.605021834    
 -0.639802992    
 -0.676168859    
 -0.714149892    
 -0.753776431    
 -0.795078933    
 -0.838088095    
 -0.152959898    
 -0.152390137    
 -0.151179418    
 -0.149633989    
 -0.147954673    
 -0.146282122    
 -0.144720614    
 -0.143352255    
 -0.142244160    
 -0.141454056    
 -0.141032621    
 -0.141025916    
 -0.141476572    
 -0.142424598    
 -0.143908054    
 -0.145963207    
 -0.148625493    
 -0.151929215    
 -0.155907944    
 -0.160594717    
 -0.166021869    
 -0.172221437    
 -0.179224908    
 -0.187063545    
 -0.195768356    
 -0.205369845    
 -0.215898708    
 -0.227385074    
 -0.239858836    
 -0.253349930    
 -0.267888218    
 -0.283503234    
 -0.300224543    
 -0.318081468    
 -0.337102950    
 -0.357318193    
 -0.378756374    
 -0.401446402    
 -0.425417483    
 -0.450697929    
 -0.477316737    
 -0.505302370    
 -0.534683943    
 -0.565489829    
 -0.597748339    
 -0.631488562    
 -0.666738153    
 -0.703526318    
 -0.741881192    
 -0.781831443    
 -0.153206661    
 -0.152623028    
 -0.151378155    
 -0.149778977    
 -0.148024887    
 -0.146254316    
 -0.144569144    
 -0.143048927    
 -0.141758248    
 -0.140752375    
 -0.140079454    
 -0.139783084    
 -0.139903471    
 -0.140478194    
 -0.141542971    
 -0.143131748    
 -0.145277500    
 -0.148012131    
 -0.151367038    
 -0.155372903    
 -0.160059735    
 -0.165457308    
 -0.171594799    
 -0.178501248    
 -0.186205432    
 -0.194735497    
 -0.204119816    
 -0.214386269    
 -0.225562662    
 -0.237676740    
 -0.250755787    
 -0.264827132    
 -0.279918194    
 -0.296055943    
 -0.313267112    
 -0.331578791    
 -0.351017684    
 -0.371610582    
 -0.393383980    
 -0.416364223    
 -0.440578133    
 -0.466051906    
 -0.492811948    
 -0.520884454    
 -0.550295532    
 -0.581071794    
 -0.613239050    
 -0.646823764    
 -0.681851685    
 -0.718349338    
 -0.153488979    
 -0.152890161    
 -0.151607946    
 -0.149949878    
 -0.148113728    
 -0.146235511    
 -0.144414365    
 -0.142727017    
 -0.141235381    
 -0.139991790    
 -0.139041692    
 -0.138425961    
 -0.138182119    
 -0.138345063    
 -0.138947874    
 -0.140021846    
 -0.141597331    
 -0.143703803    
 -0.146369889    
 -0.149623781    
 -0.153492972    
 -0.158004701    
 -0.163185611    
 -0.169062302    
 -0.175660923    
 -0.183007270    
 -0.191127032    
 -0.200045794    
 -0.209788665    
 -0.220380992    
 -0.231847614    
 -0.244213298    
 -0.257502973    
 -0.271741182    
 -0.286952138    
 -0.303160280    
 -0.320389986    
 -0.338665366    
 -0.358010471    
 -0.378449172    
 -0.400005519    
 -0.422703415    
 -0.446566671    
 -0.471619099    
 -0.497884393    
 -0.525386155    
 -0.554147780    
 -0.584192932    
 -0.615545273    
 -0.648228347    
 -0.153807759    
 -0.153192699    
 -0.151870400    
 -0.150149032    
 -0.148224518    
 -0.146230161    
 -0.144262224    
 -0.142394304    
 -0.140685380    
 -0.139184579    
 -0.137934417    
 -0.136972800    
 -0.136334360    
 -0.136051014    
 -0.136152938    
 -0.136668697    
 -0.137625724    
 -0.139050707    
 -0.140969515    
 -0.143407375    
 -0.146389231    
 -0.149939477    
 -0.154082119    
 -0.158840835    
 -0.164239302    
 -0.170300439    
 -0.177047282    
 -0.184502542    
 -0.192688927    
 -0.201628834    
 -0.211344495    
 -0.221858159    
 -0.233191654    
 -0.245367065    
 -0.258405954    
 -0.272329956    
 -0.287160516    
 -0.302919298    
 -0.319627613    
 -0.337306499    
 -0.355977327    
 -0.375661194    
 -0.396379203    
 -0.418152392    
 -0.441001683    
 -0.464947671    
 -0.490011424    
 -0.516213536    
 -0.543575168    
 -0.572116613    
 -0.154164031    
 -0.153531864    
 -0.152167216    
 -0.150378883    
 -0.148360744    
 -0.146243185    
 -0.144119218    
 -0.142059222    
 -0.140118912    
 -0.138344005    
 -0.136773959    
 -0.135443419    
 -0.134383827    
 -0.133624077    
 -0.133191153    
 -0.133110568    
 -0.133406773    
 -0.134103402    
 -0.135223389    
 -0.136788964    
 -0.138822004    
 -0.141344145    
 -0.144376308    
 -0.147939384    
 -0.152053893    
 -0.156740069    
 -0.162018090    
 -0.167907715    
 -0.174428776    
 -0.181600675    
 -0.189442918    
 -0.197974727    
 -0.207215205    
 -0.217183381    
 -0.227898121    
 -0.239377961    
 -0.251641482    
 -0.264707506    
 -0.278594315    
 -0.293320209    
 -0.308903754    
 -0.325362682    
 -0.342715442    
 -0.360980064    
 -0.380174398    
 -0.400316477    
 -0.421424031    
 -0.443514824    
 -0.466606706    
 -0.490717530    
 -0.154558823    
 -0.153908893    
 -0.152500242    
 -0.150642127    
 -0.148526222    
 -0.146279678    
 -0.143992320    
 -0.141730756    
 -0.139547348    
 -0.137484357    
 -0.135577828    
 -0.133858949    
 -0.132355914    
 -0.131094247    
 -0.130097613    
 -0.129388377    
 -0.128987685    
 -0.128916040    
 -0.129193231    
 -0.129838288    
 -0.130869985    
 -0.132306799    
 -0.134166583    
 -0.136467159    
 -0.139226019    
 -0.142460212    
 -0.146186993    
 -0.150423035    
 -0.155185163    
 -0.160489634    
 -0.166353002    
 -0.172791377    
 -0.179820806    
 -0.187457487    
 -0.195716932    
 -0.204614863    
 -0.214166909    
 -0.224388555    
 -0.235295013    
 -0.246901751    
 -0.259223849    
 -0.272276312    
 -0.286074549    
 -0.300633192    
 -0.315967351    
 -0.332091391    
 -0.349020362    
 -0.366768986    
 -0.385351777    
 -0.404783279    
 -0.154993221    
 -0.154325128    
 -0.152871370    
 -0.150941551    
 -0.148724854    
 -0.146345183    
 -0.143888712    
 -0.141418293    
 -0.138982728    
 -0.136620671    
 -0.134364471    
 -0.132241845    
 -0.130277380    
 -0.128493175    
 -0.126909509    
 -0.125545308    
 -0.124418385    
 -0.123545848    
 -0.122944199    
 -0.122629173    
 -0.122616261    
 -0.122920662    
 -0.123557054    
 -0.124540053    
 -0.125883862    
 -0.127602458    
 -0.129709706    
 -0.132219464    
 -0.135145009    
 -0.138499722    
 -0.142296702    
 -0.146549061    
 -0.151269719    
 -0.156471521    
 -0.162167147    
 -0.168368965    
 -0.175089374    
 -0.182340696    
 -0.190135121    
 -0.198484629    
 -0.207401276    
 -0.216896906    
 -0.226983488    
 -0.237672597    
 -0.248975962    
 -0.260905117    
 -0.273471415    
 -0.286686540    
 -0.300561637    
 -0.315108210    
 -0.155468360    
 -0.154781923    
 -0.153282598    
 -0.151280016    
 -0.148960799    
 -0.146445304    
 -0.143815935    
 -0.141131774    
 -0.138437688    
 -0.135768563    
 -0.133153126    
 -0.130615383    
 -0.128176138    
 -0.125853986    
 -0.123665668    
 -0.121626481    
 -0.119750895    
 -0.118052498    
 -0.116544269    
 -0.115238622    
 -0.114147678    
 -0.113283187    
 -0.112656549    
 -0.112279072    
 -0.112161480    
 -0.112314634    
 -0.112749100    
 -0.113475412    
 -0.114503577    
 -0.115843728    
 -0.117505796    
 -0.119499519    
 -0.121834584    
 -0.124520533    
 -0.127566889    
 -0.130982772    
 -0.134777233    
 -0.138959333    
 -0.143537998    
 -0.148521990    
 -0.153920025    
 -0.159740582    
 -0.165992260    
 -0.172683507    
 -0.179822639    
 -0.187417805    
 -0.195477188    
 -0.204008803    
 -0.213020697    
 -0.222520858    
 -0.155985311    
 -0.155280665    
 -0.153735861    
 -0.151660487    
 -0.149238244    
 -0.146585882    
 -0.143781811    
 -0.140881285    
 -0.137925074    
 -0.134944230    
 -0.131963670    
 -0.129003584    
 -0.126080975    
 -0.123210795    
 -0.120406091    
 -0.117678598    
 -0.115039080    
 -0.112497680    
 -0.110063821    
 -0.107746370    
 -0.105554029    
 -0.103495017    
 -0.101577424    
  -9.98090431E-02
  -9.81973112E-02
  -9.67496783E-02
  -9.54733938E-02
  -9.43755060E-02
  -9.34628546E-02
  -9.27421302E-02
  -9.22200009E-02
  -9.19029191E-02
  -9.17972699E-02
  -9.19092372E-02
  -9.22449380E-02
  -9.28102732E-02
  -9.36109871E-02
  -9.46528018E-02
  -9.59412977E-02
  -9.74819139E-02
  -9.92799178E-02
 -0.101340637    
 -0.103669100    
 -0.106270410    
 -0.109149456    
 -0.112311132    
 -0.115760140    
 -0.119501054    
 -0.123538539    
 -0.127877146    
 -0.156545222    
 -0.155822739    
 -0.154233232    
 -0.152085885    
 -0.149561450    
 -0.146772742    
 -0.143794268    
 -0.140677169    
 -0.137458056    
 -0.134164169    
 -0.130816355    
 -0.127431050    
 -0.124021411    
 -0.120598540    
 -0.117171802    
 -0.113749273    
 -0.110338040    
 -0.106944621    
 -0.103574768    
 -0.100233927    
  -9.69271734E-02
  -9.36592817E-02
  -9.04348418E-02
  -8.72581303E-02
  -8.41332823E-02
  -8.10642242E-02
  -7.80548304E-02
  -7.51087442E-02
  -7.22294897E-02
  -6.94204047E-02
  -6.66847825E-02
  -6.40257373E-02
  -6.14463054E-02
  -5.89493997E-02
  -5.65376617E-02
  -5.42137399E-02
  -5.19800410E-02
  -4.98389117E-02
  -4.77925465E-02
  -4.58430573E-02
  -4.39923890E-02
  -4.22423817E-02
  -4.05947790E-02
  -3.90511937E-02
  -3.76131386E-02
  -3.62820104E-02
  -3.50591056E-02
  -3.39456424E-02
  -3.29427533E-02
  -3.20515111E-02
 -0.157149121    
 -0.156409487    
 -0.154776692    
 -0.152559236    
 -0.149934709    
 -0.147011921    
 -0.143861294    
 -0.140529811    
 -0.137049988    
 -0.133444965    
 -0.129731700    
 -0.125922695    
 -0.122027189    
 -0.118052587    
 -0.114004374    
 -0.109886877    
 -0.105703607    
 -0.101457313    
  -9.71501544E-02
  -9.27840397E-02
  -8.83604512E-02
  -8.38806257E-02
  -7.93456510E-02
  -7.47562870E-02
  -7.01132491E-02
  -6.54170662E-02
  -6.06681742E-02
  -5.58668338E-02
  -5.10132052E-02
  -4.61072624E-02
  -4.11489494E-02
  -3.61380614E-02
  -3.10742669E-02
  -2.59571280E-02
  -2.07860190E-02
  -1.55602107E-02
  -1.02788107E-02
  -4.94081900E-03
   4.54893976E-04
   5.90959471E-03
   1.14246951E-02
   1.70017071E-02
   2.26423014E-02
   2.83482466E-02
   3.41214426E-02
   3.99638973E-02
   4.58777361E-02
   5.18651791E-02
   5.79285659E-02
   6.40703440E-02
 -0.157798097    
 -0.157042205    
 -0.155368149    
 -0.153083459    
 -0.150362283    
 -0.147309303    
 -0.143990830    
 -0.140449628    
 -0.136714160    
 -0.132803351    
 -0.128730312    
 -0.124503434    
 -0.120128311    
 -0.115608379    
 -0.110945389    
 -0.106139965    
 -0.101191834    
  -9.61001143E-02
  -9.08633694E-02
  -8.54798555E-02
  -7.99475461E-02
  -7.42641538E-02
  -6.84272125E-02
  -6.24340251E-02
  -5.62818795E-02
  -4.99679185E-02
  -4.34891507E-02
  -3.68424691E-02
  -3.00246980E-02
  -2.30325349E-02
  -1.58625599E-02
  -8.51126760E-03
  -9.75034083E-04
   6.74989633E-03
   1.46674216E-02
   2.27815378E-02
   3.10963895E-02
   3.96163166E-02
   4.83457185E-02
   5.72891608E-02
   6.64513782E-02
   7.58371800E-02
   8.54515806E-02
   9.52997804E-02
  0.105386935    
  0.115718462    
  0.126299858    
  0.137136698    
  0.148234785    
  0.159599945    
 -0.158493146    
 -0.157722205    
 -0.156009555    
 -0.153661430    
 -0.150848299    
 -0.147670761    
 -0.144190773    
 -0.140446976    
 -0.136463717    
 -0.132255808    
 -0.127832457    
 -0.123198055    
 -0.118354477    
 -0.113301218    
 -0.108036384    
 -0.102556810    
  -9.68585536E-02
  -9.09371004E-02
  -8.47873986E-02
  -7.84041733E-02
  -7.17818141E-02
  -6.49145618E-02
  -5.77964522E-02
  -5.04214056E-02
  -4.27833013E-02
  -3.48758884E-02
  -2.66928077E-02
  -1.82276852E-02
  -9.47402231E-03
  -4.25254722E-04
   8.92526843E-03
   1.85843017E-02
   2.85586771E-02
   3.88554148E-02
   4.94815893E-02
   6.04443923E-02
   7.17511773E-02
   8.34094957E-02
   9.54269096E-02
  0.107811242    
  0.120570473    
  0.133712575    
  0.147245914    
  0.161178842    
  0.175519943    
  0.190277711    
  0.205461085    
  0.221078902    
  0.237140417    
  0.253654689    
 -0.159235165    
 -0.158450633    
 -0.156702727    
 -0.154295877    
 -0.151396811    
 -0.148101851    
 -0.144468769    
 -0.140531883    
 -0.136311516    
 -0.131818563    
 -0.127058178    
 -0.122030951    
 -0.116734907    
 -0.111165881    
 -0.105318174    
  -9.91849899E-02
  -9.27587897E-02
  -8.60314369E-02
  -7.89943561E-02
  -7.16387033E-02
  -6.39554262E-02
  -5.59352972E-02
  -4.75689471E-02
  -3.88469808E-02
  -2.97598839E-02
  -2.02981159E-02
  -1.04520554E-02
  -2.12074621E-04
   1.04315169E-02
   2.14884691E-02
   3.29685844E-02
   4.48817499E-02
   5.72379678E-02
   7.00473189E-02
   8.33199397E-02
   9.70662162E-02
  0.111296512    
  0.126021504    
  0.141251832    
  0.156998381    
  0.173272237    
  0.190084442    
  0.207446590    
  0.225370094    
  0.243866712    
  0.262948245    
  0.282626659    
  0.302913934    
  0.323822647    
  0.345365107    
 -0.160025030    
 -0.159228563    
 -0.157449350    
 -0.154989466    
 -0.152011722    
 -0.148608133    
 -0.144832149    
 -0.140714109    
 -0.136270195    
 -0.131507337    
 -0.126426950    
 -0.121025771    
 -0.115298130    
 -0.109236173    
 -0.102830619    
  -9.60710198E-02
  -8.89463201E-02
  -8.14448595E-02
  -7.35546201E-02
  -6.52633309E-02
  -5.65584786E-02
  -4.74274978E-02
  -3.78577337E-02
  -2.78364606E-02
  -1.73509344E-02
  -6.38840068E-03
   5.06390864E-03
   1.70187689E-02
   2.94889938E-02
   4.24873754E-02
   5.60267530E-02
   7.01200515E-02
   8.47802609E-02
  0.100020379    
  0.115853526    
  0.132293001    
  0.149352223    
  0.167044699    
  0.185384080    
  0.204384193    
  0.224058822    
  0.244422093    
  0.265488595    
  0.287272900    
  0.309789598    
  0.333053350    
  0.357079566    
  0.381883025    
  0.407479197    
  0.433883846    
 -0.160863400    
 -0.160056978    
 -0.158250988    
 -0.155744627    
 -0.152696639    
 -0.149194732    
 -0.145288065    
 -0.141003028    
 -0.136351719    
 -0.131337360    
 -0.125957489    
 -0.120205380    
 -0.114071660    
 -0.107544824    
 -0.100612149    
  -9.32597369E-02
  -8.54730606E-02
  -7.72370696E-02
  -6.85363635E-02
  -5.93553521E-02
  -4.96781990E-02
  -3.94891389E-02
  -2.87722554E-02
  -1.75116640E-02
  -5.69146825E-03
   6.70415908E-03
   1.96910389E-02
   3.32849585E-02
   4.75017130E-02
   6.23569787E-02
   7.78665617E-02
   9.40461755E-02
  0.110911652    
  0.128478870    
  0.146763667    
  0.165782124    
  0.185550347    
  0.206084743    
  0.227401540    
  0.249517307    
  0.272448778    
  0.296212584    
  0.320826292    
  0.346307129    
  0.372672617    
  0.399940193    
  0.428127915    
  0.457253635    
  0.487335652    
  0.518392622    
 -0.161750942    
 -0.160936743    
 -0.159109026    
 -0.156563625    
 -0.153454989    
 -0.149866521    
 -0.145843133    
 -0.141407385    
 -0.136567473    
 -0.131322935    
 -0.125667676    
 -0.119591512    
 -0.113081589    
 -0.106122948    
  -9.86994803E-02
  -9.07940492E-02
  -8.23887214E-02
  -7.34651983E-02
  -6.40048534E-02
  -5.39888777E-02
  -4.33982983E-02
  -3.22141871E-02
  -2.04175580E-02
  -7.98947737E-03
   5.08894213E-03
   1.88364908E-02
   3.32719013E-02
   4.84137908E-02
   6.42808378E-02
   8.08914676E-02
   9.82641652E-02
  0.116417341    
  0.135369495    
  0.155139193    
  0.175744802    
  0.197205007    
  0.219538346    
  0.242763668    
  0.266899943    
  0.291966140    
  0.317981392    
  0.344965249    
  0.372937560    
  0.401918143    
  0.431926847    
  0.462984025    
  0.495110363    
  0.528326094    
  0.562652409    
  0.598110497    
 -0.162688121    
 -0.161868528    
 -0.160024673    
 -0.157448471    
 -0.154289857    
 -0.150627941    
 -0.146503583    
 -0.141935423    
 -0.136928067    
 -0.131477520    
 -0.125574201    
 -0.119204596    
 -0.112352543    
 -0.104999922    
  -9.71273333E-02
  -8.87144506E-02
  -7.97402188E-02
  -7.01832399E-02
  -6.00218140E-02
  -4.92340513E-02
  -3.77979763E-02
  -2.56916843E-02
  -1.28932372E-02
   6.19190570E-04
   1.48673281E-02
   2.98727788E-02
   4.56569977E-02
   6.22413568E-02
   7.96471238E-02
   9.78953764E-02
  0.117007121    
  0.137003243    
  0.157904729    
  0.179732427    
  0.202507243    
  0.226250112    
  0.250981808    
  0.276723415    
  0.303496361    
  0.331321746    
  0.360221177    
  0.390216231    
  0.421328962    
  0.453581631    
  0.486996204    
  0.521595597    
  0.557402551    
  0.594440281    
  0.632731974    
  0.672300994    
 -0.163675219    
 -0.162852854    
 -0.160998896    
 -0.158400893    
 -0.155203983    
 -0.151483014    
 -0.147274926    
 -0.142594621    
 -0.137443289    
 -0.131813511    
 -0.125692412    
 -0.119063482    
 -0.111907393    
 -0.104202993    
  -9.59278569E-02
  -8.70586112E-02
  -7.75713027E-02
  -6.74416199E-02
  -5.66449165E-02
  -4.51564416E-02
  -3.29513922E-02
  -2.00050045E-02
  -6.29259413E-03
   8.21040757E-03
   2.35284083E-02
   3.96856442E-02
   5.67061380E-02
   7.46137649E-02
   9.34323072E-02
  0.113185257    
  0.133895963    
  0.155587614    
  0.178283378    
  0.202006236    
  0.226779282    
  0.252625495    
  0.279567778    
  0.307629138    
  0.336832821    
  0.367202103    
  0.398760647    
  0.431531906    
  0.465539724    
  0.500808418    
  0.537361860    
  0.575225294    
  0.614423394    
  0.654981494    
  0.696924508    
  0.740278065    
 -0.164712459    
 -0.163890049    
 -0.162032545    
 -0.159422353    
 -0.156199753    
 -0.152435273    
 -0.148162156    
 -0.143391654    
 -0.138121814    
 -0.132342011    
 -0.126036316    
 -0.119185351    
 -0.111766957    
 -0.103757061    
  -9.51304957E-02
  -8.58610794E-02
  -7.59221613E-02
  -6.52866587E-02
  -5.39272316E-02
  -4.18164693E-02
  -2.89268680E-02
  -1.52310627E-02
  -7.01771176E-04
   1.46881379E-02
   3.09655685E-02
   4.81572077E-02
   6.62894994E-02
   8.53886753E-02
  0.105480701    
  0.126591295    
  0.148746014    
  0.171970189    
  0.196288913    
  0.221727073    
  0.248309627    
  0.276061475    
  0.305007130    
  0.335171342    
  0.366579056    
  0.399255157    
  0.433224708    
  0.468513191    
  0.505146086    
  0.543148994    
  0.582547843    
  0.623369157    
  0.665639400    
  0.709385514    
  0.754634380    
  0.801413655    
 -0.165799797    
 -0.164980307    
 -0.163126200    
 -0.160514042    
 -0.157279104    
 -0.153487802    
 -0.149169624    
 -0.144332528    
 -0.138971433    
 -0.133072957    
 -0.126618370    
 -0.119585507    
 -0.111949779    
 -0.103684425    
  -9.47616771E-02
  -8.51529092E-02
  -7.48289302E-02
  -6.37601316E-02
  -5.19166961E-02
  -3.92687470E-02
  -2.57863197E-02
  -1.14396336E-02
   3.80100822E-03
   1.99650824E-02
   3.70818302E-02
   5.51801883E-02
   7.42888376E-02
   9.44361687E-02
  0.115650214    
  0.137958720    
  0.161389083    
  0.185968563    
  0.211724073    
  0.238682225    
  0.266869456    
  0.296312213    
  0.327036440    
  0.359068483    
  0.392434329    
  0.427160501    
  0.463273078    
  0.500798941    
  0.539764643    
  0.580197155    
  0.622123539    
  0.665571749    
  0.710569203    
  0.757144570    
  0.805326045    
  0.855142891    
 -0.166937083    
 -0.166123629    
 -0.164280087    
 -0.161676705    
 -0.158443555    
 -0.154642925    
 -0.150300786    
 -0.145422041    
 -0.139998645    
 -0.134014770    
 -0.127449214    
 -0.120277211    
 -0.112471998    
 -0.104004472    
  -9.48445499E-02
  -8.49613547E-02
  -7.43234083E-02
  -6.28988594E-02
  -5.06556556E-02
  -3.75616364E-02
  -2.35846415E-02
  -8.69266875E-03
   7.14616431E-03
   2.39634998E-02
   4.17907275E-02
   6.06588610E-02
   8.05985928E-02
  0.101640254    
  0.123813815    
  0.147148803    
  0.171674356    
  0.197419390    
  0.224412411    
  0.252681315    
  0.282254010    
  0.313158095    
  0.345420986    
  0.379069835    
  0.414131701    
  0.450633973    
  0.488603711    
  0.528068185    
  0.569055557    
  0.611592948    
  0.655708373    
  0.701431096    
  0.748788774    
  0.797811449    
  0.848527968    
  0.900968909    
 -0.168123901    
 -0.167319730    
 -0.165494293    
 -0.162910834    
 -0.159694165    
 -0.155902520    
 -0.151558489    
 -0.146664113    
 -0.141208813    
 -0.135174468    
 -0.128537670    
 -0.121271543    
 -0.113347225    
 -0.104733668    
  -9.53987315E-02
  -8.53095725E-02
  -7.44327530E-02
  -6.27343729E-02
  -5.01804240E-02
  -3.67367379E-02
  -2.23691761E-02
  -7.04373233E-03
   9.27343033E-03
   2.66159363E-02
   4.50170636E-02
   6.45097569E-02
   8.51265490E-02
  0.106899470    
  0.129860327    
  0.154040232    
  0.179469883    
  0.206179500    
  0.234199107    
  0.263557822    
  0.294284463    
  0.326407701    
  0.359955817    
  0.394956827    
  0.431438237    
  0.469427973    
  0.508953989    
  0.550043404    
  0.592724919    
  0.637026250    
  0.682975531    
  0.730602205    
  0.779934764    
  0.831003308    
  0.883837581    
  0.938468456    
 -0.169359758    
 -0.168568119    
 -0.166768551    
 -0.164216548    
 -0.161031544    
 -0.157267749    
 -0.152944714    
 -0.148061678    
 -0.142605945    
 -0.136557430    
 -0.129890740    
 -0.122577295    
 -0.114586301    
 -0.105885163    
  -9.64400917E-02
  -8.62164348E-02
  -7.51791373E-02
  -6.32925332E-02
  -5.05209379E-02
  -3.68284509E-02
  -2.21792199E-02
  -6.53745933E-03
   1.01324068E-02
   2.78657470E-02
   4.66975532E-02
   6.66624904E-02
   8.77946988E-02
  0.110127911    
  0.133695439    
  0.158529907    
  0.184663296    
  0.212127134    
  0.240952507    
  0.271169662    
  0.302808315    
  0.335897803    
  0.370466858    
  0.406543970    
  0.444157243    
  0.483334392    
  0.524103403    
  0.566491604    
  0.610527277    
  0.656238735    
  0.703653097    
  0.752799869    
  0.803707421    
  0.856405854    
  0.910924673    
  0.967294872    
 -0.170643851    
 -0.169868112    
 -0.168102339    
 -0.165593535    
 -0.162455738    
 -0.158739179    
 -0.154460475    
 -0.149616465    
 -0.144192740    
 -0.138167307    
 -0.131513283    
 -0.124200620    
 -0.116197132    
 -0.107468784    
  -9.79804918E-02
  -8.76962021E-02
  -7.65794516E-02
  -6.45932481E-02
  -5.17004207E-02
  -3.78636606E-02
  -2.30456367E-02
  -7.20908307E-03
   9.68310237E-03
   2.76677907E-02
   4.67815213E-02
   6.70604482E-02
   8.85401815E-02
  0.111255981    
  0.135242552    
  0.160533786    
  0.187162936    
  0.215162605    
  0.244564727    
  0.275400788    
  0.307700962    
  0.341494948    
  0.376811981    
  0.413680583    
  0.452129006    
  0.492184699    
  0.533874869    
  0.577226937    
  0.622267962    
  0.669025779    
  0.717526913    
  0.767799973    
  0.819872916    
  0.873774588    
  0.929534018    
  0.987181842    
 -0.171975270    
 -0.171218827    
 -0.169494808    
 -0.167041123    
 -0.163966268    
 -0.160316616    
 -0.156105950    
 -0.151329264    
 -0.145970419    
 -0.140006095    
 -0.133408144    
 -0.126145408    
 -0.118184634    
 -0.109490760    
 -0.100027695    
  -8.97583812E-02
  -7.86452219E-02
  -6.66502118E-02
  -5.37350625E-02
  -3.98613475E-02
  -2.49904953E-02
  -9.08405241E-03
   7.89634697E-03
   2.59888768E-02
   4.52313721E-02
   6.56612962E-02
   8.73156860E-02
  0.110231005    
  0.134443253    
  0.159987494    
  0.186898217    
  0.215209052    
  0.244952545    
  0.276161224    
  0.308865696    
  0.343096077    
  0.378881663    
  0.416250765    
  0.455231249    
  0.495850295    
  0.538134217    
  0.582109213    
  0.627801478    
  0.675237238    
  0.724441588    
  0.775442064    
  0.828264832    
  0.882937610    
  0.939487934    
  0.997945428    
 -0.173352793    
 -0.172619015    
 -0.170944825    
 -0.168558270    
 -0.165562138    
 -0.161999136    
 -0.157880545    
 -0.153199583    
 -0.147938862    
 -0.142073944    
 -0.135575935    
 -0.128412858    
 -0.120550692    
 -0.111953773    
 -0.102585331    
  -9.24076214E-02
  -8.13823789E-02
  -6.94708154E-02
  -5.66339120E-02
  -4.28323746E-02
  -2.80267615E-02
  -1.21776899E-02
   4.75420617E-03
   2.28081383E-02
   4.20230441E-02
   6.24375567E-02
   8.40898082E-02
  0.107017547    
  0.131257787    
  0.156846836    
  0.183820277    
  0.212212563    
  0.242057383    
  0.273387522    
  0.306234449    
  0.340628475    
  0.376598775    
  0.414173484    
  0.453379720    
  0.494243711    
  0.536790967    
  0.581046164    
  0.627033472    
  0.674776912    
  0.724300146    
  0.775628448    
  0.828785539    
  0.883796751    
  0.940687776    
  0.999486208    
 -0.174775049    
 -0.174067348    
 -0.172450960    
 -0.170143470    
 -0.167241856    
 -0.163785219    
 -0.159782603    
 -0.155225828    
 -0.150096387    
 -0.144369334    
 -0.138015181    
 -0.131001577    
 -0.123294100    
 -0.114856832    
 -0.105652675    
  -9.56436619E-02
  -8.47911313E-02
  -7.30558932E-02
  -6.03985339E-02
  -4.67792526E-02
  -3.21580581E-02
  -1.64949317E-02
   2.50219280E-04
   1.81173887E-02
   3.71463895E-02
   5.73767759E-02
   7.88477212E-02
  0.101597995    
  0.125665665    
  0.151088238    
  0.177902192    
  0.206143022    
  0.235845417    
  0.267042786    
  0.299767226    
  0.334049314    
  0.369918257    
  0.407401681    
  0.446526200    
  0.487316847    
  0.529797375    
  0.573990881    
  0.619919002    
  0.667603433    
  0.717064857    
  0.768325090    
  0.821405411    
  0.876327455    
  0.933114290    
  0.991789997    
 -0.176240474    
 -0.175562203    
 -0.174011484    
 -0.171794862    
 -0.169003338    
 -0.165672541    
 -0.161809608    
 -0.157405168    
 -0.152440041    
 -0.146888897    
 -0.140722185    
 -0.133907527    
 -0.126410484    
 -0.118195213    
 -0.109224737    
  -9.94612128E-02
  -8.88659135E-02
  -7.73997009E-02
  -6.50230497E-02
  -5.16960658E-02
  -3.73785459E-02
  -2.20301263E-02
  -5.61033143E-03
   1.19213657E-02
   3.06053907E-02
   5.04820235E-02
   7.15912730E-02
   9.39728394E-02
  0.117665820    
  0.142708734    
  0.169139162    
  0.196993798    
  0.226308152    
  0.257116616    
  0.289451987    
  0.323345393    
  0.358826131    
  0.395921588    
  0.434657902    
  0.475058496    
  0.517145693    
  0.560940325    
  0.606461167    
  0.653726339    
  0.702753127    
  0.753559411    
  0.806161821    
  0.860578001    
  0.916826606    
  0.974927843    
 -0.177747250    
 -0.177101642    
 -0.175624341    
 -0.173510164    
 -0.170844004    
 -0.167658150    
 -0.163958117    
 -0.159733728    
 -0.154965222    
 -0.149627447    
 -0.143691048    
 -0.137124017    
 -0.129892290    
 -0.121960513    
 -0.113292180    
 -0.103849873    
  -9.35953408E-02
  -8.24898109E-02
  -7.04939961E-02
  -5.75683564E-02
  -4.36727777E-02
  -2.87669394E-02
  -1.28102908E-02
   4.23790421E-03
   2.24184189E-02
   4.17720228E-02
   6.23393990E-02
   8.41609836E-02
  0.107276835    
  0.131726533    
  0.157548800    
  0.184781581    
  0.213461578    
  0.243624300    
  0.275303751    
  0.308531821    
  0.343338400    
  0.379751086    
  0.417795330    
  0.457493693    
  0.498866707    
  0.541932464    
  0.586706996    
  0.633204103    
  0.681436539    
  0.731417298    
  0.783156931    
  0.836667717    
  0.891962528    
  0.949055731    
 -0.179293379    
 -0.178683594    
 -0.177287251    
 -0.175286740    
 -0.172760725    
 -0.169738427    
 -0.166223854    
 -0.162206352    
 -0.157666028    
 -0.152578056    
 -0.146913752    
 -0.140641809    
 -0.133728951    
 -0.126140684    
 -0.117841356    
 -0.108794346    
  -9.89622772E-02
  -8.83071870E-02
  -7.67904148E-02
  -6.43731356E-02
  -5.10157235E-02
  -3.66782695E-02
  -2.13205442E-02
  -4.90192324E-03
   1.26184151E-02
   3.12814265E-02
   5.11282422E-02
   7.21999109E-02
   9.45373401E-02
  0.118181057    
  0.143171147    
  0.169546962    
  0.197346628    
  0.226607338    
  0.257364571    
  0.289651692    
  0.323499858    
  0.358937293    
  0.395989627    
  0.434679091    
  0.475024462    
  0.517041743    
  0.560743392    
  0.606139064    
  0.653235495    
  0.702039123    
  0.752553761    
  0.804784060    
  0.858734667    
  0.914412618    
 -0.180876687    
 -0.180305779    
 -0.178997576    
 -0.177121520    
 -0.174749881    
 -0.171909004    
 -0.168601662    
 -0.164816871    
 -0.160535052    
 -0.155732110    
 -0.150380179    
 -0.144449145    
 -0.137906909    
 -0.130720094    
 -0.122854367    
 -0.114274368    
 -0.104943953    
  -9.48262811E-02
  -8.38838965E-02
  -7.20789507E-02
  -5.93727864E-02
  -4.57263365E-02
  -3.11000533E-02
  -1.54538173E-02
   1.25286006E-03
   1.90608576E-02
   3.80114019E-02
   5.81459291E-02
   7.95060769E-02
  0.102133363    
  0.126069173    
  0.151354358    
  0.178029060    
  0.206132397    
  0.235702172    
  0.266774029    
  0.299381107    
  0.333553702    
  0.369318455    
  0.406698316    
  0.445711613    
  0.486372441    
  0.528690338    
  0.572669506    
  0.618311048    
  0.665612876    
  0.714570105    
  0.765176892    
  0.817427695    
  0.871318579    
 -0.182494834    
 -0.181965664    
 -0.180752456    
 -0.179011047    
 -0.176807359    
 -0.174164936    
 -0.171085507    
 -0.167558029    
 -0.163563669    
 -0.159079239    
 -0.154078171    
 -0.148531780    
 -0.142409503    
 -0.135679513    
 -0.128309250    
 -0.120264836    
 -0.111511938    
 -0.102015130    
  -9.17386487E-02
  -8.06460381E-02
  -6.86999932E-02
  -5.58627471E-02
  -4.20958996E-02
  -2.73602698E-02
  -1.16160987E-02
   5.17699402E-03
   2.30599921E-02
   4.20744382E-02
   6.22623824E-02
   8.36662501E-02
  0.106328629    
  0.130292162    
  0.155599177    
  0.182291493    
  0.210409686    
  0.239992887    
  0.271077543    
  0.303697497    
  0.337882370    
  0.373657525    
  0.411042362    
  0.450050950    
  0.490690202    
  0.532960474    
  0.576855361    
  0.622363985    
  0.669469178    
  0.718152165    
  0.768392682    
  0.820172131    
 -0.184145242    
 -0.183660567    
 -0.182548732    
 -0.180951580    
 -0.178928569    
 -0.176500633    
 -0.173668578    
 -0.170421615    
 -0.166741937    
 -0.162607551    
 -0.157993570    
 -0.152872980    
 -0.147217259    
 -0.140996531    
 -0.134180114    
 -0.126736209    
 -0.118632503    
 -0.109835662    
 -0.100311846    
  -9.00264978E-02
  -7.89441317E-02
  -6.70287684E-02
  -5.42435497E-02
  -4.05507460E-02
  -2.59118564E-02
  -1.02874441E-02
   6.36276230E-03
   2.40799766E-02
   4.29063216E-02
   6.28848001E-02
   8.40590745E-02
  0.106473595    
  0.130173087    
  0.155202314    
  0.181605905    
  0.209427297    
  0.238708109    
  0.269487560    
  0.301800907    
  0.335678697    
  0.371144384    
  0.408214688    
  0.446896791    
  0.487188339    
  0.529076517    
  0.572539628    
  0.617546558    
  0.664060116    
  0.712039828    
  0.761445880    
 -0.185825199    
 -0.185387537    
 -0.184383005    
 -0.182939008    
 -0.181108549    
 -0.178909898    
 -0.176343247    
 -0.173398376    
 -0.170058638    
 -0.166303620    
 -0.162110373    
 -0.157454014    
 -0.152308136    
 -0.146645412    
 -0.140437275    
 -0.133654341    
 -0.126266837    
 -0.118243799    
 -0.109553829    
 -0.100164682    
  -9.00431797E-02
  -7.91555569E-02
  -6.74670637E-02
  -5.49419671E-02
  -4.15435061E-02
  -2.72338279E-02
  -1.19739333E-02
   4.27649682E-03
   2.15591174E-02
   3.99170034E-02
   5.93945757E-02
   8.00376832E-02
  0.101893485    
  0.125010088    
  0.149436548    
  0.175221995    
  0.202414885    
  0.231062293    
  0.261208415    
  0.292892754    
  0.326148003    
  0.360998213    
  0.397455961    
  0.435520083    
  0.475174189    
  0.516386151    
  0.559107542    
  0.603277504    
  0.648826480    
  0.695682347    
 -0.187531888    
 -0.187143505    
 -0.186251700    
 -0.184969008    
 -0.183341846    
 -0.181386083    
 -0.179101408    
 -0.176478222    
 -0.173501492    
 -0.170152664    
 -0.166411012    
 -0.162253872    
 -0.157657638    
 -0.152597472    
 -0.147047549    
 -0.140981138    
 -0.134371310    
 -0.127189994    
 -0.119408578    
 -0.110997520    
 -0.101926602    
  -9.21646208E-02
  -8.16795602E-02
  -7.04381987E-02
  -5.84061742E-02
  -4.55478653E-02
  -3.18262242E-02
  -1.72026027E-02
  -1.63651980E-03
   1.49143990E-02
   3.24946158E-02
   5.11508174E-02
   7.09320083E-02
   9.18895155E-02
  0.114076979    
  0.137549981    
  0.162365377    
  0.188580692    
  0.216252685    
  0.245435238    
  0.276176721    
  0.308516949    
  0.342482716    
  0.378083050    
  0.415304959    
  0.454110324    
  0.494432926    
  0.536180377    
  0.579240084    
  0.623489618    
 -0.189262301    
 -0.188925192    
 -0.188151017    
 -0.187036902    
 -0.185622707    
 -0.183921933    
 -0.181934059    
 -0.179650202    
 -0.177057251    
 -0.174138635    
 -0.170876160    
 -0.167249799    
 -0.163238838    
 -0.158821315    
 -0.153974414    
 -0.148674533    
 -0.142897844    
 -0.136619493    
 -0.129814014    
 -0.122455150    
 -0.114515953    
 -0.105968431    
  -9.67837572E-02
  -8.69319439E-02
  -7.63815865E-02
  -6.51000142E-02
  -5.30530214E-02
  -4.02044989E-02
  -2.65161153E-02
  -1.19472211E-02
   3.54555203E-03
   2.00086236E-02
   3.74918021E-02
   5.60486428E-02
   7.57367387E-02
   9.66179296E-02
  0.118758187    
  0.142227292    
  0.167098135    
  0.193444759    
  0.221339896    
  0.250850618    
  0.282032758    
  0.314922392    
  0.349527329    
  0.385817260    
  0.423714221    
  0.463088989    
  0.503764987    
  0.545534551    
 -0.191013277    
 -0.190729275    
 -0.190076917    
 -0.189137727    
 -0.187945008    
 -0.186509818    
 -0.184831604    
 -0.182902604    
 -0.180711567    
 -0.178244263    
 -0.175485209    
 -0.172417313    
 -0.169022828    
 -0.165283114    
 -0.161178559    
 -0.156689137    
 -0.151794270    
 -0.146472767    
 -0.140702650    
 -0.134461328    
 -0.127725542    
 -0.120471098    
 -0.112672843    
 -0.104304589    
  -9.53386575E-02
  -8.57461244E-02
  -7.54965469E-02
  -6.45573065E-02
  -5.28934225E-02
  -4.04673107E-02
  -2.72382051E-02
  -1.31616313E-02
   1.81118899E-03
   1.77340917E-02
   3.46667357E-02
   5.26754968E-02
   7.18342066E-02
   9.22248587E-02
  0.113938093    
  0.137072697    
  0.161734253    
  0.188031733    
  0.216071084    
  0.245944679    
  0.277716130    
  0.311399579    
  0.346934527    
  0.384162635    
  0.422817141    
  0.462538213    
 -0.192781553    
 -0.192552224    
 -0.192025259    
 -0.191266418    
 -0.190302297    
 -0.189141735    
 -0.187784120    
 -0.186223134    
 -0.184449360    
 -0.182451263    
 -0.180216223    
 -0.177730262    
 -0.174978897    
 -0.171946838    
 -0.168618187    
 -0.164976448    
 -0.161004901    
 -0.156686127    
 -0.152002022    
 -0.146934062    
 -0.141463116    
 -0.135569066    
 -0.129231125    
 -0.122427292    
 -0.115134574    
 -0.107328527    
  -9.89832059E-02
  -9.00707692E-02
  -8.05608705E-02
  -7.04205185E-02
  -5.96134067E-02
  -4.80992049E-02
  -3.58327962E-02
  -2.27631107E-02
  -8.83193128E-03
   6.02773763E-03
   2.18935218E-02
   3.88557874E-02
   5.70201539E-02
   7.65097216E-02
   9.74671617E-02
  0.120055333    
  0.144454733    
  0.170855328    
  0.199439079    
  0.230347112    
  0.263626873    
  0.299160391    
  0.336586803    
  0.375266761    
 -0.194563791    
 -0.194390386    
 -0.193991765    
 -0.193417653    
 -0.192687988    
 -0.191809371    
 -0.190781325    
 -0.189598888    
 -0.188254967    
 -0.186740592    
 -0.185046345    
 -0.183161303    
 -0.181074724    
 -0.178774640    
 -0.176249087    
 -0.173485488    
 -0.170470998    
 -0.167192385    
 -0.163635641    
 -0.159786656    
 -0.155630693    
 -0.151152238    
 -0.146335214    
 -0.141162515    
 -0.135616243    
 -0.129677221    
 -0.123325109    
 -0.116537675    
 -0.109290704    
 -0.101557449    
  -9.33079943E-02
  -8.45088512E-02
  -7.51216561E-02
  -6.51022047E-02
  -5.43987118E-02
  -4.29498143E-02
  -3.06817163E-02
  -1.75047517E-02
  -3.30865849E-03
   1.20434389E-02
   2.87225638E-02
   4.69427779E-02
   6.69706017E-02
   8.91320854E-02
  0.113811575    
  0.141428947    
  0.172371224    
  0.206841752    
  0.244587466    
  0.284527630    
 -0.196356595    
 -0.196240023    
 -0.195972010    
 -0.195585981    
 -0.195095181    
 -0.194504082    
 -0.193812340    
 -0.193016618    
 -0.192112043    
 -0.191092402    
 -0.189951599    
 -0.188682064    
 -0.187276542    
 -0.185726985    
 -0.184025347    
 -0.182163030    
 -0.180131406    
 -0.177921414    
 -0.175523564    
 -0.172928348    
 -0.170125663    
 -0.167105019    
 -0.163855374    
 -0.160364926    
 -0.156621486    
 -0.152611762    
 -0.148321688    
 -0.143735796    
 -0.138837099    
 -0.133606553    
 -0.128022835    
 -0.122061722    
 -0.115695000    
 -0.108889699    
 -0.101606429    
  -9.37973559E-02
  -8.54031220E-02
  -7.63490498E-02
  -6.65392876E-02
  -5.58480956E-02
  -4.41076159E-02
  -3.10894325E-02
  -1.64775997E-02
   1.70100247E-04
   1.94747318E-02
   4.22987044E-02
   6.97908029E-02
  0.103319630    
  0.144014224    
  0.191158488    
 -0.198156461    
 -0.198097363    
 -0.197961479    
 -0.197765768    
 -0.197516859    
 -0.197217122    
 -0.196866259    
 -0.196462661    
 -0.196003765    
 -0.195486426    
 -0.194907576    
 -0.194263294    
 -0.193549946    
 -0.192763463    
 -0.191899732    
 -0.190954313    
 -0.189922899    
 -0.188800767    
 -0.187583163    
 -0.186265245    
 -0.184841841    
 -0.183307528    
 -0.181656748    
 -0.179883391    
 -0.177981228    
 -0.175943270    
 -0.173762411    
 -0.171430647    
 -0.168939024    
 -0.166277677    
 -0.163435251    
 -0.160398990    
 -0.157153681    
 -0.153681517    
 -0.149960965    
 -0.145965353    
 -0.141660869    
 -0.137004018    
 -0.131937280    
 -0.126381963    
 -0.120227695    
 -0.113313794    
 -0.105397247    
  -9.60947424E-02
  -8.47742483E-02
  -7.03429729E-02
  -5.08207530E-02
  -2.24565044E-02
   2.20974050E-02
   9.60227177E-02
 -0.199959919    
 -0.199958622    
 -0.199955642    
 -0.199951395    
 -0.199945971    
 -0.199939474    
 -0.199931845    
 -0.199923083    
 -0.199913099    
 -0.199901879    
 -0.199889272    
 -0.199875280    
 -0.199859738    
 -0.199842647    
 -0.199823886    
 -0.199803308    
 -0.199780896    
 -0.199756473    
 -0.199730039    
 -0.199701369    
 -0.199670449    
 -0.199637040    
 -0.199601158    
 -0.199562609    
 -0.199521273    
 -0.199476957    
 -0.199429542    
 -0.199378833    
 -0.199324727    
 -0.199266836    
 -0.199204981    
 -0.199139014    
 -0.199068442    
 -0.198992908    
 -0.198912024    
 -0.198825181    
 -0.198731527    
 -0.198630273    
 -0.198520124    
 -0.198399231    
 -0.198265344    
 -0.198114902    
 -0.197942540    
 -0.197739914    
 -0.197493076    
 -0.197177827    
 -0.196746066    
 -0.195957467    
 -0.189286858    
   0.00000000    
