  -2.24466395    
  -2.23270798    
  -2.20648885    
  -2.17124939    
  -2.13009286    
  -2.08498383    
  -2.03723145    
  -1.98775184    
  -1.93721104    
  -1.88610649    
  -1.83482790    
  -1.78368330    
  -1.73292291    
  -1.68275464    
  -1.63335395    
  -1.58487189    
  -1.53743994    
  -1.49117422    
  -1.44617808    
  -1.40254462    
  -1.36035717    
  -1.31969285    
  -1.28062308    
  -1.24321270    
  -1.20752263    
  -1.17360950    
  -1.14152694    
  -1.11132443    
  -1.08304894    
  -1.05674505    
  -1.03245556    
  -1.01022100    
 -0.990080059    
 -0.972070277    
 -0.956227005    
 -0.942584991    
 -0.931177318    
 -0.922036767    
 -0.915194690    
 -0.910681784    
 -0.908527851    
 -0.908762097    
 -0.911413729    
 -0.916511118    
 -0.924081981    
 -0.934154212    
 -0.946755111    
 -0.961911857    
 -0.979651272    
  -1.00000000    
  -2.24502802    
  -2.23307538    
  -2.20686316    
  -2.17163205    
  -2.13048339    
  -2.08538127    
  -2.03763366    
  -1.98815620    
  -1.93761444    
  -1.88650501    
  -1.83521783    
  -1.78406060    
  -1.73328280    
  -1.68309224    
  -1.63366449    
  -1.58515012    
  -1.53768051    
  -1.49137199    
  -1.44632721    
  -1.40263939    
  -1.36039197    
  -1.31966186    
  -1.28052008    
  -1.24303162    
  -1.20725751    
  -1.17325389    
  -1.14107490    
  -1.11076939    
  -1.08238459    
  -1.05596495    
  -1.03155279    
  -1.00918877    
 -0.988911927    
 -0.970759392    
 -0.954766095    
 -0.940967023    
 -0.929395258    
 -0.920083463    
 -0.913062751    
 -0.908363581    
 -0.906015873    
 -0.906048417    
 -0.908490479    
 -0.913370550    
 -0.920715928    
 -0.930554211    
 -0.942912877    
 -0.957818747    
 -0.975298703    
 -0.995379090    
  -2.24612021    
  -2.23417783    
  -2.20798588    
  -2.17277956    
  -2.13165498    
  -2.08657336    
  -2.03884029    
  -1.98936963    
  -1.93882525    
  -1.88770211    
  -1.83638930    
  -1.78519368    
  -1.73436391    
  -1.68410742    
  -1.63459837    
  -1.58598793    
  -1.53840625    
  -1.49196911    
  -1.44677877    
  -1.40292859    
  -1.36050153    
  -1.31957436    
  -1.28021777    
  -1.24249637    
  -1.20647049    
  -1.17219675    
  -1.13972855    
  -1.10911500    
  -1.08040321    
  -1.05363631    
  -1.02885723    
  -1.00610673    
 -0.985422850    
 -0.966842473    
 -0.950401068    
 -0.936132610    
 -0.924069822    
 -0.914245248    
 -0.906689525    
 -0.901433110    
 -0.898505449    
 -0.897934616    
 -0.899749935    
 -0.903979480    
 -0.910649598    
 -0.919788361    
 -0.931422234    
 -0.945577681    
 -0.962281287    
 -0.981559157    
  -2.24794006    
  -2.23601437    
  -2.20985699    
  -2.17469192    
  -2.13360786    
  -2.08856082    
  -2.04085255    
  -1.99139357    
  -1.94084489    
  -1.88970006    
  -1.83834565    
  -1.78708732    
  -1.73617160    
  -1.68580639    
  -1.63616383    
  -1.58739424    
  -1.53962708    
  -1.49297714    
  -1.44754660    
  -1.40342760    
  -1.36070311    
  -1.31944954    
  -1.27973652    
  -1.24162889    
  -1.20518672    
  -1.17046487    
  -1.13751721    
  -1.10639322    
  -1.07713819    
  -1.04979634    
  -1.02440953    
  -1.00101805    
 -0.979658961    
 -0.960369587    
 -0.943184495    
 -0.928137362    
 -0.915260375    
 -0.904585660    
 -0.896143079    
 -0.889962673    
 -0.886073053    
 -0.884502590    
 -0.885278702    
 -0.888429224    
 -0.893980861    
 -0.901959956    
 -0.912392557    
 -0.925304294    
 -0.940720975    
 -0.958667874    
  -2.25048637    
  -2.23858452    
  -2.21247554    
  -2.17736864    
  -2.13634205    
  -2.09134459    
  -2.04367161    
  -1.99423051    
  -1.94367766    
  -1.89250386    
  -1.84109318    
  -1.78974843    
  -1.73871577    
  -1.68820035    
  -1.63837433    
  -1.58938420    
  -1.54136062    
  -1.49441648    
  -1.44865239    
  -1.40416121    
  -1.36102474    
  -1.31931794    
  -1.27911067    
  -1.24046683    
  -1.20344567    
  -1.16810226    
  -1.13448930    
  -1.10265577    
  -1.07264650    
  -1.04450572    
  -1.01827455    
 -0.993992329    
 -0.971695840    
 -0.951421499    
 -0.933203042    
 -0.917074263    
 -0.903066516    
 -0.891210258    
 -0.881535769    
 -0.874071836    
 -0.868846238    
 -0.865886629    
 -0.865219772    
 -0.866872132    
 -0.870869935    
 -0.877238750    
 -0.886002779    
 -0.897187412    
 -0.910817385    
 -0.926916778    
  -2.25375772    
  -2.24188685    
  -2.21584082    
  -2.18080902    
  -2.13985825    
  -2.09492564    
  -2.04730082    
  -1.99788344    
  -1.94732821    
  -1.89612019    
  -1.84464049    
  -1.79318833    
  -1.74200892    
  -1.69130456    
  -1.64124608    
  -1.59197843    
  -1.54363000    
  -1.49631345    
  -1.45012736    
  -1.40516388    
  -1.36150455    
  -1.31922185    
  -1.27838647    
  -1.23906076    
  -1.20130432    
  -1.16517007    
  -1.13071108    
  -1.09797537    
  -1.06700730    
  -1.03784990    
  -1.01054382    
 -0.985128224    
 -0.961638570    
 -0.940110564    
 -0.920578063    
 -0.903072536    
 -0.887625039    
 -0.874266207    
 -0.863024235    
 -0.853927195    
 -0.847002089    
 -0.842275262    
 -0.839772761    
 -0.839519501    
 -0.841540754    
 -0.845860898    
 -0.852503121    
 -0.861491561    
 -0.872849226    
 -0.886599302    
  -2.25775266    
  -2.24591947    
  -2.21995115    
  -2.18501353    
  -2.14415622    
  -2.09930587    
  -2.05174160    
  -2.00235844    
  -1.95180249    
  -1.90055764    
  -1.84899759    
  -1.79742038    
  -1.74606717    
  -1.69513893    
  -1.64480352    
  -1.59520364    
  -1.54646647    
  -1.49870288    
  -1.45201039    
  -1.40647960    
  -1.36219060    
  -1.31921589    
  -1.27762437    
  -1.23747802    
  -1.19883454    
  -1.16174793    
  -1.12626898    
  -1.09244478    
  -1.06031990    
  -1.02993596    
  -1.00133312    
 -0.974549532    
 -0.949620783    
 -0.926580667    
 -0.905461907    
 -0.886295795    
 -0.869112074    
 -0.853939950    
 -0.840807080    
 -0.829739988    
 -0.820764840    
 -0.813906670    
 -0.809190035    
 -0.806638658    
 -0.806276441    
 -0.808126271    
 -0.812210381    
 -0.818551004    
 -0.827169657    
 -0.838088095    
  -2.26246881    
  -2.25068021    
  -2.22480512    
  -2.18998027    
  -2.14923644    
  -2.10448623    
  -2.05699849    
  -2.00765991    
  -1.95710838    
  -1.90582502    
  -1.85417747    
  -1.80246007    
  -1.75091040    
  -1.69972599    
  -1.64907312    
  -1.59909189    
  -1.54990673    
  -1.50162709    
  -1.45434892    
  -1.40816152    
  -1.36314285    
  -1.31936562    
  -1.27689636    
  -1.23579681    
  -1.19612372    
  -1.15792930    
  -1.12126470    
  -1.08617580    
  -1.05270541    
  -1.02089465    
 -0.990783691    
 -0.962408483    
 -0.935804725    
 -0.911005199    
 -0.888040721    
 -0.866941988    
 -0.847737849    
 -0.830455899    
 -0.815122962    
 -0.801764309    
 -0.790404260    
 -0.781066716    
 -0.773775280    
 -0.768552125    
 -0.765418410    
 -0.764396667    
 -0.765506506    
 -0.768768787    
 -0.774203956    
 -0.781831443    
  -2.26790309    
  -2.25616717    
  -2.23040080    
  -2.19570827    
  -2.15509915    
  -2.11046886    
  -2.06307435    
  -2.01379251    
  -1.96325481    
  -1.91193485    
  -1.86019588    
  -1.80832613    
  -1.75656104    
  -1.70509326    
  -1.65408731    
  -1.60368025    
  -1.55399370    
  -1.50513458    
  -1.45719790    
  -1.41027105    
  -1.36443007    
  -1.31974721    
  -1.27628696    
  -1.23410988    
  -1.19327295    
  -1.15382636    
  -1.11581945    
  -1.07929766    
  -1.04430366    
  -1.01087809    
 -0.979058444    
 -0.948880255    
 -0.920378625    
 -0.893584967    
 -0.868529260    
 -0.845241010    
 -0.823747635    
 -0.804076016    
 -0.786250591    
 -0.770295620    
 -0.756234765    
 -0.744089842    
 -0.733882368    
 -0.725633383    
 -0.719362319    
 -0.715089500    
 -0.712833047    
 -0.712612271    
 -0.714445114    
 -0.718349338    
  -2.27405238    
  -2.26237679    
  -2.23673582    
  -2.20219684    
  -2.16174412    
  -2.11725545    
  -2.06997323    
  -2.02076364    
  -1.97025084    
  -1.91890001    
  -1.86706865    
  -1.81503975    
  -1.76304424    
  -1.71127176    
  -1.65988255    
  -1.60901082    
  -1.55877519    
  -1.50928080    
  -1.46062040    
  -1.41287887    
  -1.36613131    
  -1.32044828    
  -1.27589250    
  -1.23252404    
  -1.19039762    
  -1.14956331    
  -1.11006916    
  -1.07195961    
  -1.03527594    
  -1.00005782    
 -0.966342390    
 -0.934163809    
 -0.903555930    
 -0.874549270    
 -0.847172320    
 -0.821453750    
 -0.797419846    
 -0.775095403    
 -0.754504561    
 -0.735669076    
 -0.718610942    
 -0.703351021    
 -0.689909101    
 -0.678304434    
 -0.668554962    
 -0.660677850    
 -0.654690385    
 -0.650609076    
 -0.648449838    
 -0.648228347    
  -2.28091288    
  -2.26930594    
  -2.24380779    
  -2.20944476    
  -2.16917205    
  -2.12484741    
  -2.07769895    
  -2.02858043    
  -1.97810686    
  -1.92673433    
  -1.87481368    
  -1.82262349    
  -1.77038896    
  -1.71829510    
  -1.66649818    
  -1.61512971    
  -1.56430554    
  -1.51412749    
  -1.46468639    
  -1.41606355    
  -1.36833382    
  -1.32156527    
  -1.27581990    
  -1.23115540    
  -1.18762636    
  -1.14528131    
  -1.10416663    
  -1.06432557    
  -1.02579963    
 -0.988626122    
 -0.952841878    
 -0.918480277    
 -0.885573089    
 -0.854150593    
 -0.824240446    
 -0.795869172    
 -0.769061863    
 -0.743842363    
 -0.720232785    
 -0.698254108    
 -0.677926362    
 -0.659268439    
 -0.642298758    
 -0.627034128    
 -0.613491058    
 -0.601684630    
 -0.591629863    
 -0.583341241    
 -0.576832473    
 -0.572116613    
  -2.28848076    
  -2.27695107    
  -2.25161409    
  -2.21744967    
  -2.17738271    
  -2.13324785    
  -2.08625674    
  -2.03725004    
  -1.98683357    
  -1.93545234    
  -1.88345134    
  -1.83110285    
  -1.77862561    
  -1.72620058    
  -1.67397940    
  -1.62208962    
  -1.57064390    
  -1.51974154    
  -1.46947074    
  -1.41991043    
  -1.37113273    
  -1.32320476    
  -1.27618611    
  -1.23013425    
  -1.18510008    
  -1.14113247    
  -1.09827709    
  -1.05657578    
  -1.01606870    
 -0.976792216    
 -0.938782394    
 -0.902071178    
 -0.866689563    
 -0.832666695    
 -0.800029337    
 -0.768802464    
 -0.739009559    
 -0.710673749    
 -0.683815181    
 -0.658453763    
 -0.634608150    
 -0.612294853    
 -0.591530383    
 -0.572330177    
 -0.554708064    
 -0.538677812    
 -0.524251878    
 -0.511442363    
 -0.500260651    
 -0.490717530    
  -2.29675126    
  -2.28530765    
  -2.26015067    
  -2.22620988    
  -2.18637586    
  -2.14245772    
  -2.09565163    
  -2.04678154    
  -1.99644232    
  -1.94507015    
  -1.89300299    
  -1.84050345    
  -1.78778696    
  -1.73502779    
  -1.68237174    
  -1.62994480    
  -1.57785404    
  -1.52619612    
  -1.47505701    
  -1.42451239    
  -1.37463200    
  -1.32548118    
  -1.27711761    
  -1.22959709    
  -1.18297052    
  -1.13728321    
  -1.09258103    
  -1.04890513    
  -1.00629413    
 -0.964783013    
 -0.924407423    
 -0.885197699    
 -0.847184122    
 -0.810395658    
 -0.774857163    
 -0.740592480    
 -0.707624435    
 -0.675974190    
 -0.645660579    
 -0.616702139    
 -0.589115620    
 -0.562916040    
 -0.538118780    
 -0.514736533    
 -0.492781579    
 -0.472265005    
 -0.453197479    
 -0.435588986    
 -0.419448107    
 -0.404783279    
  -2.30571866    
  -2.29437089    
  -2.26941371    
  -2.23572254    
  -2.19614983    
  -2.15247941    
  -2.10588765    
  -2.05718160    
  -2.00694537    
  -1.95560563    
  -1.90349007    
  -1.85085511    
  -1.79790819    
  -1.74481773    
  -1.69172621    
  -1.63875341    
  -1.58600342    
  -1.53356898    
  -1.48153281    
  -1.42996788    
  -1.37894118    
  -1.32851648    
  -1.27874935    
  -1.22969413    
  -1.18139935    
  -1.13391042    
  -1.08727074    
  -1.04152203    
 -0.996700108    
 -0.952840388    
 -0.909976006    
 -0.868137896    
 -0.827355027    
 -0.787654936    
 -0.749062359    
 -0.711600244    
 -0.675289750    
 -0.640150607    
 -0.606200933    
 -0.573457241    
 -0.541934848    
 -0.511647999    
 -0.482609272    
 -0.454829812    
 -0.428320199    
 -0.403089523    
 -0.379145801    
 -0.356496841    
 -0.335149020    
 -0.315108210    
  -2.31537819    
  -2.30413508    
  -2.27939916    
  -2.24598455    
  -2.20670462    
  -2.16331363    
  -2.11696815    
  -2.06845927    
  -2.01835632    
  -1.96707499    
  -1.91493630    
  -1.86218691    
  -1.80902493    
  -1.75561535    
  -1.70209491    
  -1.64857674    
  -1.59516287    
  -1.54194093    
  -1.48899055    
  -1.43638098    
  -1.38417757    
  -1.33244061    
  -1.28122485    
  -1.23058283    
  -1.18055964    
  -1.13120115    
  -1.08254981    
  -1.03464544    
 -0.987523198    
 -0.941218019    
 -0.895761728    
 -0.851184428    
 -0.807515025    
 -0.764779389    
 -0.723002553    
 -0.682205796    
 -0.642409027    
 -0.603631616    
 -0.565890372    
 -0.529200494    
 -0.493576169    
 -0.459029645    
 -0.425571889    
 -0.393212825    
 -0.361960828    
 -0.331822842    
 -0.302805215    
 -0.274913043    
 -0.248150438    
 -0.222520858    
  -2.32572269    
  -2.31459427    
  -2.29010129    
  -2.25699234    
  -2.21803761    
  -2.17496181    
  -2.12889814    
  -2.08062196    
  -2.03068662    
  -1.97949731    
  -1.92736483    
  -1.87452757    
  -1.82117510    
  -1.76746631    
  -1.71353149    
  -1.65948009    
  -1.60540676    
  -1.55139768    
  -1.49752736    
  -1.44386125    
  -1.39046288    
  -1.33738923    
  -1.28469372    
  -1.23242629    
  -1.18063116    
  -1.12935209    
  -1.07863116    
  -1.02850652    
 -0.979013026    
 -0.930183768    
 -0.882051170    
 -0.834644675    
 -0.787992239    
 -0.742119133    
 -0.697049499    
 -0.652804375    
 -0.609402955    
 -0.566863537    
 -0.525202096    
 -0.484432966    
 -0.444568694    
 -0.405620784    
 -0.367598504    
 -0.330510169    
 -0.294362307    
 -0.259160399    
 -0.224908516    
 -0.191609502    
 -0.159265399    
 -0.127877146    
  -2.33674526    
  -2.32574248    
  -2.30151486    
  -2.26874185    
  -2.23014712    
  -2.18742323    
  -2.14168119    
  -2.09367752    
  -2.04394865    
  -1.99289012    
  -1.94079947    
  -1.88790798    
  -1.83439708    
  -1.78041697    
  -1.72609270    
  -1.67152786    
  -1.61681235    
  -1.56202734    
  -1.50724196    
  -1.45252109    
  -1.39792347    
  -1.34350348    
  -1.28931248    
  -1.23539698    
  -1.18180215    
  -1.12856877    
  -1.07573736    
  -1.02334547    
 -0.971427798    
 -0.920016408    
 -0.869143367    
 -0.818837702    
 -0.769126892    
 -0.720036566    
 -0.671588957    
 -0.623806179    
 -0.576706111    
 -0.530306816    
 -0.484623283    
 -0.439669728    
 -0.395457625    
 -0.351996928    
 -0.309296370    
 -0.267362624    
 -0.226200730    
 -0.185814410    
 -0.146205917    
 -0.107376263    
  -6.93252683E-02
  -3.20515111E-02
  -2.34843826    
  -2.33757186    
  -2.31363344    
  -2.28122759    
  -2.24303031    
  -2.20069909    
  -2.15532112    
  -2.10763288    
  -2.05815506    
  -2.00726962    
  -1.95526445    
  -1.90235972    
  -1.84872890    
  -1.79451525    
  -1.73983610    
  -1.68478858    
  -1.62945819    
  -1.57392037    
  -1.51823974    
  -1.46247852    
  -1.40669155    
  -1.35092998    
  -1.29524279    
  -1.23967421    
  -1.18426728    
  -1.12906229    
  -1.07409799    
  -1.01941061    
 -0.965035260    
 -0.911003232    
 -0.857345939    
 -0.804092586    
 -0.751270115    
 -0.698904097    
 -0.647017419    
 -0.595630944    
 -0.544763625    
 -0.494432420    
 -0.444652647    
 -0.395437837    
 -0.346798897    
 -0.298745275    
 -0.251284629    
 -0.204422534    
 -0.158162877    
 -0.112508021    
  -6.74587712E-02
  -2.30142828E-02
   2.08275802E-02
   6.40703440E-02
  -2.36079359    
  -2.35007453    
  -2.32644963    
  -2.29444480    
  -2.25668406    
  -2.21478868    
  -2.16981959    
  -2.12249422    
  -2.07331753    
  -2.02265406    
  -1.97078383    
  -1.91791320    
  -1.86421037    
  -1.80980849    
  -1.75481796    
  -1.69932997    
  -1.64342368    
  -1.58716881    
  -1.53062630    
  -1.47385311    
  -1.41690111    
  -1.35981846    
  -1.30265069    
  -1.24543905    
  -1.18822598    
  -1.13105035    
  -1.07394886    
  -1.01695740    
 -0.960110068    
 -0.903438985    
 -0.846974432    
 -0.790745914    
 -0.734780669    
 -0.679104030    
 -0.623739541    
 -0.568708301    
 -0.514029384    
 -0.459720612    
 -0.405796826    
 -0.352271616    
 -0.299156100    
 -0.246459037    
 -0.194187775    
 -0.142347336    
  -9.09407586E-02
  -3.99693139E-02
   1.05674881E-02
   6.06718436E-02
  0.110347554    
  0.159599945    
  -2.37380195    
  -2.36324215    
  -2.33995605    
  -2.30838752    
  -2.27110362    
  -2.22969055    
  -2.18517971    
  -2.13826847    
  -2.08944535    
  -2.03905916    
  -1.98737872    
  -1.93459892    
  -1.88087976    
  -1.82634449    
  -1.77109718    
  -1.71522141    
  -1.65878975    
  -1.60186672    
  -1.54450810    
  -1.48676634    
  -1.42868876    
  -1.37032044    
  -1.31170344    
  -1.25287759    
  -1.19388235    
  -1.13475549    
  -1.07553148    
  -1.01624668    
 -0.956933796    
 -0.897625327    
 -0.838351071    
 -0.779141486    
 -0.720023394    
 -0.661023855    
 -0.602166653    
 -0.543472946    
 -0.484963506    
 -0.426656425    
 -0.368567079    
 -0.310709715    
 -0.253095895    
 -0.195734546    
 -0.138633013    
  -8.17960799E-02
  -2.52265688E-02
   3.10748871E-02
   8.71095806E-02
  0.142880753    
  0.198393509    
  0.253654689    
  -2.38745356    
  -2.37706518    
  -2.35414457    
  -2.32304740    
  -2.28628421    
  -2.24540067    
  -2.20140147    
  -2.15495968    
  -2.10654783    
  -2.05649972    
  -2.00507116    
  -1.95244610    
  -1.89877391    
  -1.84417105    
  -1.78873086    
  -1.73253119    
  -1.67563736    
  -1.61810827    
  -1.55999351    
  -1.50134099    
  -1.44219315    
  -1.38259137    
  -1.32257390    
  -1.26217961    
  -1.20144427    
  -1.14040387    
  -1.07909179    
  -1.01754332    
 -0.955791175    
 -0.893867791    
 -0.831803083    
 -0.769627512    
 -0.707369685    
 -0.645056963    
 -0.582713962    
 -0.520364106    
 -0.458028436    
 -0.395726919    
 -0.333476216    
 -0.271291286    
 -0.209184632    
 -0.147166222    
  -8.52439031E-02
  -2.34230012E-02
   3.82935219E-02
   9.99050215E-02
  0.161413074    
  0.222821534    
  0.284136146    
  0.345365107    
  -2.40173864    
  -2.39153361    
  -2.36900592    
  -2.33841753    
  -2.30222011    
  -2.26191735    
  -2.21848369    
  -2.17257190    
  -2.12463427    
  -2.07499027    
  -2.02388191    
  -1.97148240    
  -1.91793036    
  -1.86333311    
  -1.80777562    
  -1.75132728    
  -1.69404709    
  -1.63598609    
  -1.57718980    
  -1.51769948    
  -1.45755243    
  -1.39678597    
  -1.33543599    
  -1.27353632    
  -1.21112096    
  -1.14822388    
  -1.08487785    
  -1.02111566    
 -0.956971347    
 -0.892476261    
 -0.827660918    
 -0.762556791    
 -0.697193384    
 -0.631599009    
 -0.565800190    
 -0.499822348    
 -0.433688432    
 -0.367420077    
 -0.301036000    
 -0.234552801    
 -0.167984530    
 -0.101342812    
  -3.46369296E-02
   3.21266800E-02
   9.89442021E-02
  0.165814325    
  0.232738495    
  0.299720287    
  0.366765797    
  0.433883846    
  -2.41664553    
  -2.40663648    
  -2.38453007    
  -2.35448909    
  -2.31890345    
  -2.27923512    
  -2.23642588    
  -2.19110775    
  -2.14371181    
  -2.09454417    
  -2.04383016    
  -1.99173498    
  -1.93838489    
  -1.88387609    
  -1.82828605    
  -1.77167583    
  -1.71409726    
  -1.65559292    
  -1.59620309    
  -1.53596258    
  -1.47490346    
  -1.41305947    
  -1.35046077    
  -1.28713894    
  -1.22312343    
  -1.15844679    
  -1.09314013    
  -1.02723575    
 -0.960766435    
 -0.893763125    
 -0.826258302    
 -0.758283496    
 -0.689869523    
 -0.621047020    
 -0.551844001    
 -0.482288688    
 -0.412406385    
 -0.342221230    
 -0.271754503    
 -0.201025382    
 -0.130050600    
  -5.88441454E-02
   1.25826392E-02
   8.42213109E-02
  0.156066403    
  0.228115156    
  0.300367892    
  0.372827291    
  0.445499301    
  0.518392622    
  -2.43216276    
  -2.42236233    
  -2.40070581    
  -2.37125230    
  -2.33632684    
  -2.29734802    
  -2.25522518    
  -2.21056724    
  -2.16378593    
  -2.11517072    
  -2.06493402    
  -2.01322746    
  -1.96016800    
  -1.90584087    
  -1.85031378    
  -1.79364061    
  -1.73586333    
  -1.67701864    
  -1.61713850    
  -1.55625188    
  -1.49438560    
  -1.43156707    
  -1.36782193    
  -1.30317831    
  -1.23766208    
  -1.17130268    
  -1.10413015    
  -1.03617454    
 -0.967468023    
 -0.898042381    
 -0.827929974    
 -0.757163286    
 -0.685775340    
 -0.613798797    
 -0.541264355    
 -0.468202829    
 -0.394642740    
 -0.320611477    
 -0.246133983    
 -0.171232924    
  -9.59284008E-02
  -2.02377941E-02
   5.58243766E-02
  0.132246807    
  0.209021255    
  0.286142707    
  0.363609463    
  0.441422820    
  0.519587278    
  0.598110497    
  -2.44827747    
  -2.43869877    
  -2.41752148    
  -2.38869619    
  -2.35448122    
  -2.31624889    
  -2.27487755    
  -2.23095036    
  -2.18485975    
  -2.13687944    
  -2.08720732    
  -2.03598261    
  -1.98330998    
  -1.92926693    
  -1.87390935    
  -1.81728244    
  -1.75941932    
  -1.70034933    
  -1.64009714    
  -1.57868445    
  -1.51613140    
  -1.45245957    
  -1.38768959    
  -1.32184458    
  -1.25494719    
  -1.18702292    
  -1.11809921    
  -1.04820454    
 -0.977370560    
 -0.905628800    
 -0.833011985    
 -0.759553492    
 -0.685288966    
 -0.610252678    
 -0.534479082    
 -0.458002120    
 -0.380854338    
 -0.303066939    
 -0.224669695    
 -0.145689651    
  -6.61513805E-02
   1.39232790E-02
   9.45155546E-02
  0.175610051    
  0.257194638    
  0.339261055    
  0.421804339    
  0.504823446    
  0.588320255    
  0.672300994    
  -2.46497583    
  -2.45563221    
  -2.43496323    
  -2.40680909    
  -2.37335587    
  -2.33592963    
  -2.29537654    
  -2.25225377    
  -2.20693564    
  -2.15967727    
  -2.11066127    
  -2.06001782    
  -2.00783825    
  -1.95418966    
  -1.89911807    
  -1.84265757    
  -1.78483427    
  -1.72566879    
  -1.66517723    
  -1.60337400    
  -1.54027236    
  -1.47588658    
  -1.41023183    
  -1.34332561    
  -1.27518690    
  -1.20583570    
  -1.13529742    
  -1.06359804    
 -0.990767360    
 -0.916837096    
 -0.841840267    
 -0.765811324    
 -0.688787222    
 -0.610805750    
 -0.531904519    
 -0.452121586    
 -0.371494114    
 -0.290058404    
 -0.207849324    
 -0.124899663    
  -4.12398428E-02
   4.31026593E-02
  0.128103510    
  0.213741913    
  0.300000548    
  0.386866271    
  0.474330097    
  0.562386870    
  0.651035070    
  0.740278065    
  -2.48224378    
  -2.47314835    
  -2.45301867    
  -2.42557788    
  -2.39293885    
  -2.35637975    
  -2.31671429    
  -2.27447248    
  -2.23001099    
  -2.18356609    
  -2.13530564    
  -2.08534884    
  -2.03377581    
  -1.98064029    
  -1.92598021    
  -1.86981833    
  -1.81217301    
  -1.75305521    
  -1.69247198    
  -1.63043010    
  -1.56693459    
  -1.50199258    
  -1.43561280    
  -1.36780548    
  -1.29858530    
  -1.22796762    
  -1.15597308    
  -1.08262539    
  -1.00795162    
 -0.931982219    
 -0.854750574    
 -0.776293099    
 -0.696647584    
 -0.615854800    
 -0.533956051    
 -0.450994402    
 -0.367011815    
 -0.282050669    
 -0.196152285    
 -0.109356329    
  -2.17001960E-02
   6.67814463E-02
  0.156057149    
  0.246099070    
  0.336883307    
  0.428390324    
  0.520604968    
  0.613517106    
  0.707120419    
  0.801413655    
  -2.50006628    
  -2.49123240    
  -2.47167301    
  -2.44498873    
  -2.41321707    
  -2.37758875    
  -2.33888245    
  -2.29760170    
  -2.25408268    
  -2.20854688    
  -2.16114688    
  -2.11198759    
  -2.06114030    
  -2.00864601    
  -1.95453203    
  -1.89881229    
  -1.84149492    
  -1.78258073    
  -1.72206819    
  -1.65995538    
  -1.59623814    
  -1.53091681    
  -1.46398985    
  -1.39546323    
  -1.32534385    
  -1.25364172    
  -1.18037176    
  -1.10555470    
  -1.02921391    
 -0.951378286    
 -0.872080266    
 -0.791356921    
 -0.709248304    
 -0.625797510    
 -0.541049600    
 -0.455052465    
 -0.367854297    
 -0.279504359    
 -0.190051302    
  -9.95430350E-02
  -8.02540965E-03
   8.44581053E-02
  0.177867189    
  0.272165179    
  0.367319554    
  0.463302761    
  0.560091436    
  0.657668531    
  0.756021321    
  0.855142891    
  -2.51842666    
  -2.50986886    
  -2.49090981    
  -2.46502542    
  -2.43417573    
  -2.39954209    
  -2.36186743    
  -2.32163024    
  -2.27914357    
  -2.23461604    
  -2.18818593    
  -2.13994145    
  -2.08994555    
  -2.03822803    
  -1.98480499    
  -1.92968023    
  -1.87285173    
  -1.81431079    
  -1.75404668    
  -1.69204640    
  -1.62829733    
  -1.56279087    
  -1.49551713    
  -1.42647302    
  -1.35565865    
  -1.28307664    
  -1.20873606    
  -1.13265181    
  -1.05484414    
 -0.975338340    
 -0.894165456    
 -0.811362028    
 -0.726969361    
 -0.641032517    
 -0.553601325    
 -0.464728326    
 -0.374468327    
 -0.282877952    
 -0.190014601    
  -9.59356427E-02
  -6.97095122E-04
   9.56469625E-02
  0.193045303    
  0.291450262    
  0.390818447    
  0.491112113    
  0.592297733    
  0.694348872    
  0.797244012    
  0.900968909    
  -2.53730845    
  -2.52904058    
  -2.51071310    
  -2.48567224    
  -2.45579934    
  -2.42222524    
  -2.38565660    
  -2.34654617    
  -2.30518556    
  -2.26176906    
  -2.21641994    
  -2.16921353    
  -2.12020159    
  -2.06940341    
  -2.01682377    
  -1.96245682    
  -1.90629017    
  -1.84830427    
  -1.78847897    
  -1.72679067    
  -1.66321743    
  -1.59773886    
  -1.53033769    
  -1.46100056    
  -1.38971806    
  -1.31648493    
  -1.24130309    
  -1.16417921    
  -1.08512950    
  -1.00417495    
 -0.921342731    
 -0.836668074    
 -0.750192642    
 -0.661963224    
 -0.572032750    
 -0.480458766    
 -0.387303263    
 -0.292631060    
 -0.196509093    
  -9.90055874E-02
  -1.88532387E-04
   9.98753533E-02
  0.201121584    
  0.303489238    
  0.406921327    
  0.511366844    
  0.616779745    
  0.723121166    
  0.830359042    
  0.938468456    
  -2.55669451    
  -2.54872966    
  -2.53106499    
  -2.50691152    
  -2.47807121    
  -2.44562149    
  -2.41023469    
  -2.37233520    
  -2.33219647    
  -2.28999615    
  -2.24584365    
  -2.19980335    
  -2.15191245    
  -2.10218191    
  -2.05060649    
  -1.99716878    
  -1.94184697    
  -1.88460982    
  -1.82542765    
  -1.76426542    
  -1.70109189    
  -1.63587451    
  -1.56858563    
  -1.49920166    
  -1.42770100    
  -1.35407078    
  -1.27830184    
  -1.20039368    
  -1.12035453    
  -1.03819919    
 -0.953949749    
 -0.867638111    
 -0.779304922    
 -0.688997328    
 -0.596770823    
 -0.502687395    
 -0.406815767    
 -0.309229314    
 -0.210005790    
 -0.109225474    
  -6.97010476E-03
   9.66786072E-02
  0.201640472    
  0.307838261    
  0.415198088    
  0.523652613    
  0.633139729    
  0.743605554    
  0.855003238    
  0.967294872    
  -2.57656598    
  -2.56891751    
  -2.55194640    
  -2.52872419    
  -2.50097156    
  -2.46971226    
  -2.43558264    
  -2.39897943    
  -2.36015964    
  -2.31928325    
  -2.27644587    
  -2.23170090    
  -2.18507433    
  -2.13656640    
  -2.08616233    
  -2.03383398    
  -1.97954845    
  -1.92326617    
  -1.86494434    
  -1.80453825    
  -1.74200428    
  -1.67729962    
  -1.61038351    
  -1.54122078    
  -1.46977806    
  -1.39603007    
  -1.31995666    
  -1.24154735    
  -1.16080022    
  -1.07772112    
 -0.992325544    
 -0.904639542    
 -0.814699292    
 -0.722552299    
 -0.628253996    
 -0.531869948    
 -0.433474958    
 -0.333151072    
 -0.230986983    
 -0.127076462    
  -2.15167664E-02
   8.55929554E-02
  0.194153726    
  0.304068476    
  0.415243119    
  0.527589560    
  0.641025901    
  0.755478501    
  0.870882034    
  0.987181842    
  -2.59690380    
  -2.58958554    
  -2.57333803    
  -2.55109024    
  -2.52448034    
  -2.49447703    
  -2.46167922    
  -2.42645979    
  -2.38905621    
  -2.34961224    
  -2.30821085    
  -2.26489449    
  -2.21967793    
  -2.17255163    
  -2.12349153    
  -2.07245970    
  -2.01941228    
  -1.96429956    
  -1.90706778    
  -1.84766233    
  -1.78602517    
  -1.72210300    
  -1.65584099    
  -1.58719039    
  -1.51610553    
  -1.44254601    
  -1.36648047    
  -1.28788400    
  -1.20674205    
  -1.12304914    
  -1.03681064    
 -0.948044181    
 -0.856778681    
 -0.763058364    
 -0.666937053    
 -0.568481624    
 -0.467771351    
 -0.364896238    
 -0.259955972    
 -0.153058812    
  -4.43191975E-02
   6.61439747E-02
  0.178209528    
  0.291756630    
  0.406666428    
  0.522825301    
  0.640125930    
  0.758469999    
  0.877768755    
  0.997945428    
  -2.61768818    
  -2.61071229    
  -2.59521842    
  -2.57398868    
  -2.54857516    
  -2.51989293    
  -2.48850250    
  -2.45475340    
  -2.41886330    
  -2.38096046    
  -2.34111738    
  -2.29936481    
  -2.25570703    
  -2.21012545    
  -2.16258693    
  -2.11304450    
  -2.06144452    
  -2.00772643    
  -1.95182645    
  -1.89367723    
  -1.83320928    
  -1.77035666    
  -1.70505071    
  -1.63722694    
  -1.56682515    
  -1.49379039    
  -1.41807497    
  -1.33963799    
  -1.25844932    
  -1.17448854    
  -1.08774745    
 -0.998230398    
 -0.905957222    
 -0.810962796    
 -0.713296294    
 -0.613023520    
 -0.510225058    
 -0.404997289    
 -0.297450006    
 -0.187705964    
  -7.58981258E-02
   3.78323272E-02
  0.153338671    
  0.270471632    
  0.389082015    
  0.509024799    
  0.630160868    
  0.752360046    
  0.875503480    
  0.999486208    
  -2.63889790    
  -2.63227773    
  -2.61756682    
  -2.59739661    
  -2.57323289    
  -2.54593492    
  -2.51602721    
  -2.48383451    
  -2.44955373    
  -2.41330266    
  -2.37513995    
  -2.33508706    
  -2.29313803    
  -2.24926662    
  -2.20343089    
  -2.15557599    
  -2.10563850    
  -2.05354714    
  -1.99922907    
  -1.94260526    
  -1.88359392    
  -1.82211566    
  -1.75808680    
  -1.69142747    
  -1.62206149    
  -1.54991579    
  -1.47492552    
  -1.39703071    
  -1.31618178    
  -1.23233986    
  -1.14547837    
  -1.05558395    
 -0.962661386    
 -0.866732121    
 -0.767835915    
 -0.666031599    
 -0.561397910    
 -0.454033345    
 -0.344056249    
 -0.231602520    
 -0.116824038    
   1.13489397E-04
  0.119034171    
  0.239755183    
  0.362090617    
  0.485856324    
  0.610872924    
  0.736970067    
  0.863989592    
  0.991789997    
  -2.66051173    
  -2.65425968    
  -2.64035940    
  -2.62128997    
  -2.59842825    
  -2.57257652    
  -2.54422522    
  -2.51367331    
  -2.48109961    
  -2.44660759    
  -2.41024685    
  -2.37202930    
  -2.33194017    
  -2.28994560    
  -2.24599576    
  -2.20003009    
  -2.15197420    
  -2.10174894    
  -2.04927135    
  -1.99445176    
  -1.93719673    
  -1.87741208    
  -1.81500161    
  -1.74986696    
  -1.68191516    
  -1.61105418    
  -1.53719819    
  -1.46026635    
  -1.38018596    
  -1.29689491    
  -1.21034312    
  -1.12049508    
  -1.02733302    
 -0.930858493    
 -0.831094801    
 -0.728087246    
 -0.621906161    
 -0.512647152    
 -0.400432289    
 -0.285407573    
 -0.167743191    
  -4.76301238E-02
   7.47230873E-02
  0.199094743    
  0.325254440    
  0.452969521    
  0.582009256    
  0.712151945    
  0.843188286    
  0.974927843    
  -2.68250680    
  -2.67663407    
  -2.66357279    
  -2.64564419    
  -2.62413454    
  -2.59978962    
  -2.57306600    
  -2.54423857    
  -2.51346517    
  -2.48083997    
  -2.44640088    
  -2.41015339    
  -2.37207389    
  -2.33212280    
  -2.29024386    
  -2.24636889    
  -2.20041728    
  -2.15230179    
  -2.10192871    
  -2.04920125    
  -1.99401331    
  -1.93625689    
  -1.87582183    
  -1.81259418    
  -1.74646068    
  -1.67730916    
  -1.60503256    
  -1.52952552    
  -1.45068836    
  -1.36843157    
  -1.28267586    
  -1.19335687    
  -1.10042644    
  -1.00385892    
 -0.903650939    
 -0.799825788    
 -0.692435682    
 -0.581564963    
 -0.467331260    
 -0.349885374    
 -0.229411796    
 -0.106126010    
   1.97285358E-02
  0.147885591    
  0.278061688    
  0.409963876    
  0.543296576    
  0.677770197    
  0.813108444    
  0.949055731    
  -2.70485997    
  -2.69937801    
  -2.68718266    
  -2.67043328    
  -2.65032339    
  -2.62754464    
  -2.60251737    
  -2.57549405    
  -2.54661393    
  -2.51595950    
  -2.48355961    
  -2.44941378    
  -2.41349292    
  -2.37575006    
  -2.33612561    
  -2.29454374    
  -2.25091910    
  -2.20515895    
  -2.15716004    
  -2.10681820    
  -2.05401564    
  -1.99863255    
  -1.94054627    
  -1.87962639    
  -1.81574059    
  -1.74875426    
  -1.67853820    
  -1.60495985    
  -1.52789080    
  -1.44720805    
  -1.36279821    
  -1.27456069    
  -1.18240833    
  -1.08627748    
 -0.986128032    
 -0.881947875    
 -0.773758709    
 -0.661620080    
 -0.545633197    
 -0.425943345    
 -0.302741110    
 -0.176262140    
  -4.67845351E-02
   8.53764266E-02
  0.219874755    
  0.356342971    
  0.494402409    
  0.633674324    
  0.773792326    
  0.914412618    
  -2.72754741    
  -2.72246766    
  -2.71116304    
  -2.69562912    
  -2.67696524    
  -2.65580893    
  -2.63254523    
  -2.60740232    
  -2.58050370    
  -2.55192161    
  -2.52167583    
  -2.48976111    
  -2.45614362    
  -2.42077041    
  -2.38357973    
  -2.34449172    
  -2.30341721    
  -2.26025629    
  -2.21490169    
  -2.16724157    
  -2.11714888    
  -2.06449413    
  -2.00914240    
  -1.95094705    
  -1.88975894    
  -1.82542181    
  -1.75778353    
  -1.68668199    
  -1.61195779    
  -1.53345084    
  -1.45100880    
  -1.36448526    
  -1.27374721    
  -1.17868030    
  -1.07919395    
 -0.975225091    
 -0.866746843    
 -0.753776193    
 -0.636379540    
 -0.514678478    
 -0.388855100    
 -0.259154290    
 -0.125883222    
   1.05924532E-02
  0.149854958    
  0.291445971    
  0.434879482    
  0.579658926    
  0.725293994    
  0.871318579    
  -2.75054479    
  -2.74587679    
  -2.73548722    
  -2.72120309    
  -2.70402932    
  -2.68454862    
  -2.66311121    
  -2.63992143    
  -2.61509013    
  -2.58867621    
  -2.56069589    
  -2.53113627    
  -2.49996090    
  -2.46711421    
  -2.43253303    
  -2.39613414    
  -2.35782790    
  -2.31750870    
  -2.27506757    
  -2.23038602    
  -2.18333006    
  -2.13376260    
  -2.08153892    
  -2.02649951    
  -1.96847820    
  -1.90730059    
  -1.84278977    
  -1.77475560    
  -1.70300519    
  -1.62734151    
  -1.54756546    
  -1.46348083    
  -1.37489903    
  -1.28164244    
  -1.18355310    
  -1.08049929    
 -0.972382545    
 -0.859152138    
 -0.740812600    
 -0.617434621    
 -0.489165455    
 -0.356237233    
 -0.218970895    
  -7.77766556E-02
   6.68507069E-02
  0.214343473    
  0.364078343    
  0.515399277    
  0.667644083    
  0.820172131    
  -2.77382708    
  -2.76958084    
  -2.76012731    
  -2.74712491    
  -2.73148274    
  -2.71372843    
  -2.69417691    
  -2.67300940    
  -2.65032530    
  -2.62617135    
  -2.60055947    
  -2.57347250    
  -2.54487300    
  -2.51470542    
  -2.48290277    
  -2.44938207    
  -2.41405463    
  -2.37681389    
  -2.33754921    
  -2.29613876    
  -2.25244474    
  -2.20632601    
  -2.15762830    
  -2.10618258    
  -2.05181122    
  -1.99432194    
  -1.93351722    
  -1.86918032    
  -1.80108559    
  -1.72899711    
  -1.65266860    
  -1.57184935    
  -1.48628592    
  -1.39572644    
  -1.29993021    
  -1.19867384    
  -1.09176099    
 -0.979039848    
 -0.860415637    
 -0.735867083    
 -0.605463862    
 -0.469385564    
 -0.327933311    
 -0.181540504    
  -3.07738539E-02
  0.123674348    
  0.281006157    
  0.440348655    
  0.600794196    
  0.761445880    
  -2.79736829    
  -2.79355311    
  -2.78505611    
  -2.77336431    
  -2.75929213    
  -2.74331045    
  -2.72569942    
  -2.70661926    
  -2.68615651    
  -2.66434836    
  -2.64120269    
  -2.61670017    
  -2.59080219    
  -2.56345558    
  -2.53459239    
  -2.50413060    
  -2.47198462    
  -2.43804955    
  -2.40221572    
  -2.36436105    
  -2.32434750    
  -2.28203154    
  -2.23725533    
  -2.18984509    
  -2.13961220    
  -2.08635426    
  -2.02985501    
  -1.96987736    
  -1.90616632    
  -1.83844852    
  -1.76643276    
  -1.68981135    
  -1.60826111    
  -1.52144825    
  -1.42903423    
  -1.33068275    
  -1.22607028    
  -1.11490393    
 -0.996939957    
 -0.872006357    
 -0.740030527    
 -0.601070106    
 -0.455342263    
 -0.303250104    
 -0.145402238    
   1.73834991E-02
  0.184095010    
  0.353563190    
  0.524521351    
  0.695682347    
  -2.82114267    
  -2.81776595    
  -2.81024384    
  -2.79989052    
  -2.78742290    
  -2.77325726    
  -2.75763798    
  -2.74070334    
  -2.72252989    
  -2.70314622    
  -2.68255758    
  -2.66074133    
  -2.63766265    
  -2.61326957    
  -2.58749604    
  -2.56026316    
  -2.53148842    
  -2.50107360    
  -2.46891212    
  -2.43488407    
  -2.39885783    
  -2.36068845    
  -2.32022071    
  -2.27727962    
  -2.23167229    
  -2.18319154    
  -2.13160944    
  -2.07667542    
  -2.01811075    
  -1.95561349    
  -1.88885117    
  -1.81746304    
  -1.74105942    
  -1.65922105    
  -1.57150137    
  -1.47743595    
  -1.37654471    
  -1.26835203    
  -1.15240669    
  -1.02830899    
 -0.895748436    
 -0.754551470    
 -0.604733467    
 -0.446556479    
 -0.280582815    
 -0.107713886    
   7.08004311E-02
  0.253392577    
  0.438259065    
  0.623489618    
  -2.84512401    
  -2.84219217    
  -2.83566213    
  -2.82667112    
  -2.81583953    
  -2.80352736    
  -2.78994608    
  -2.77521062    
  -2.75938892    
  -2.74250078    
  -2.72455025    
  -2.70551419    
  -2.68536091    
  -2.66404200    
  -2.64149404    
  -2.61764622    
  -2.59241962    
  -2.56572509    
  -2.53746080    
  -2.50751424    
  -2.47576189    
  -2.44206548    
  -2.40627503    
  -2.36822176    
  -2.32771540    
  -2.28454828    
  -2.23849320    
  -2.18929291    
  -2.13665748    
  -2.08026552    
  -2.01975632    
  -1.95472884    
  -1.88473392    
  -1.80927598    
  -1.72780335    
  -1.63971543    
  -1.54436052    
  -1.44104385    
  -1.32904637    
  -1.20765257    
  -1.07618964    
 -0.934089482    
 -0.780969799    
 -0.616735637    
 -0.441696376    
 -0.256682098    
  -6.31299838E-02
  0.136891916    
  0.340765923    
  0.545534551    
  -2.86928368    
  -2.86680436    
  -2.86127996    
  -2.85367227    
  -2.84450483    
  -2.83407927    
  -2.82257485    
  -2.81008697    
  -2.79667091    
  -2.78234243    
  -2.76710248    
  -2.75093102    
  -2.73379731    
  -2.71565890    
  -2.69645953    
  -2.67613602    
  -2.65461683    
  -2.63182259    
  -2.60766053    
  -2.58202791    
  -2.55481434    
  -2.52589273    
  -2.49512291    
  -2.46234918    
  -2.42739105    
  -2.39005184    
  -2.35011363    
  -2.30732441    
  -2.26139665    
  -2.21200585    
  -2.15878224    
  -2.10130215    
  -2.03908134    
  -1.97156525    
  -1.89812171    
  -1.81802726    
  -1.73046279    
  -1.63450325    
  -1.52912462    
  -1.41321290    
  -1.28559649    
  -1.14510250    
 -0.990654111    
 -0.821419239    
 -0.637019396    
 -0.437790006    
 -0.225060165    
  -1.38090632E-03
  0.229425594    
  0.462538213    
  -2.89359498    
  -2.89157319    
  -2.88706708    
  -2.88086128    
  -2.87338066    
  -2.86487055    
  -2.85547733    
  -2.84527779    
  -2.83431435    
  -2.82259941    
  -2.81013346    
  -2.79689813    
  -2.78286672    
  -2.76800227    
  -2.75225806    
  -2.73557901    
  -2.71790552    
  -2.69916916    
  -2.67928791    
  -2.65817618    
  -2.63573647    
  -2.61185837    
  -2.58641839    
  -2.55927753    
  -2.53027725    
  -2.49924207    
  -2.46596885    
  -2.43022919    
  -2.39175415    
  -2.35023785    
  -2.30532146    
  -2.25658917    
  -2.20355415    
  -2.14564562    
  -2.08218837    
  -2.01238513    
  -1.93529260    
  -1.84979308    
  -1.75457358    
  -1.64809740    
  -1.52859771    
  -1.39409006    
  -1.24243391    
  -1.07148015    
 -0.879348099    
 -0.664880812    
 -0.428305924    
 -0.172045618    
   9.85762551E-02
  0.375266761    
  -2.91802883    
  -2.91646981    
  -2.91299248    
  -2.90820360    
  -2.90242958    
  -2.89585900    
  -2.88860536    
  -2.88072658    
  -2.87225556    
  -2.86319852    
  -2.85355878    
  -2.84331727    
  -2.83245730    
  -2.82094431    
  -2.80874324    
  -2.79581094    
  -2.78209877    
  -2.76755238    
  -2.75210452    
  -2.73568678    
  -2.71822095    
  -2.69961572    
  -2.67977142    
  -2.65857100    
  -2.63588643    
  -2.61156797    
  -2.58544755    
  -2.55732918    
  -2.52698493    
  -2.49414492    
  -2.45849204    
  -2.41965508    
  -2.37718701    
  -2.33055305    
  -2.27910471    
  -2.22205329    
  -2.15842628    
  -2.08702469    
  -2.00636077    
  -1.91458225    
  -1.80938590    
  -1.68792248    
  -1.54671860    
  -1.38165700    
  -1.18812346    
 -0.961475730    
 -0.698118389    
 -0.397501349    
  -6.51161149E-02
  0.284527630    
  -2.94255805    
  -2.94146466    
  -2.93902445    
  -2.93566442    
  -2.93161201    
  -2.92699957    
  -2.92190719    
  -2.91637564    
  -2.91042662    
  -2.90406275    
  -2.89728904    
  -2.89008927    
  -2.88245153    
  -2.87435126    
  -2.86576462    
  -2.85665941    
  -2.84700036    
  -2.83674788    
  -2.82585239    
  -2.81426668    
  -2.80193329    
  -2.78878570    
  -2.77474999    
  -2.75973940    
  -2.74366045    
  -2.72640061    
  -2.70783496    
  -2.68781638    
  -2.66617203    
  -2.64269209    
  -2.61713195    
  -2.58920002    
  -2.55853820    
  -2.52471185    
  -2.48718524    
  -2.44528604    
  -2.39816165    
  -2.34472299    
  -2.28355789    
  -2.21280599    
  -2.12999392    
  -2.03178740    
  -1.91365695    
  -1.76942921    
  -1.59077144    
  -1.36676931    
  -1.08417618    
 -0.729807258    
 -0.298197210    
  0.191158488    
  -2.96715331    
  -2.96652794    
  -2.96513128    
  -2.96320796    
  -2.96088862    
  -2.95824838    
  -2.95533323    
  -2.95216680    
  -2.94876003    
  -2.94511509    
  -2.94123507    
  -2.93710947    
  -2.93273187    
  -2.92808867    
  -2.92316556    
  -2.91794348    
  -2.91240239    
  -2.90651774    
  -2.90026188    
  -2.89360809    
  -2.88652134    
  -2.87896276    
  -2.87088895    
  -2.86224914    
  -2.85298896    
  -2.84303880    
  -2.83232570    
  -2.82076263    
  -2.80824327    
  -2.79464340    
  -2.77981067    
  -2.76356721    
  -2.74568939    
  -2.72590470    
  -2.70387077    
  -2.67915297    
  -2.65118670    
  -2.61923075    
  -2.58229566    
  -2.53902221    
  -2.48750424    
  -2.42498589    
  -2.34735942    
  -2.24827719    
  -2.11757493    
  -1.93841267    
  -1.68228257    
  -1.30161452    
 -0.726070404    
   9.60227177E-02
  -2.99178672    
  -2.99163055    
  -2.99128127    
  -2.99079967    
  -2.99022007    
  -2.98955989    
  -2.98883057    
  -2.98803902    
  -2.98718643    
  -2.98627567    
  -2.98530483    
  -2.98427320    
  -2.98317814    
  -2.98201537    
  -2.98078418    
  -2.97947836    
  -2.97809148    
  -2.97661853    
  -2.97505307    
  -2.97338820    
  -2.97161388    
  -2.96972251    
  -2.96770000    
  -2.96553755    
  -2.96321821    
  -2.96072626    
  -2.95804238    
  -2.95514584    
  -2.95200777    
  -2.94859767    
  -2.94487739    
  -2.94080091    
  -2.93631268    
  -2.93134165    
  -2.92580080    
  -2.91957974    
  -2.91253185    
  -2.90446448    
  -2.89512086    
  -2.88414311    
  -2.87102532    
  -2.85502434    
  -2.83500171    
  -2.80910492    
  -2.77400398    
  -2.72261739    
  -2.63593149    
  -2.45000577    
  -1.91602087    
   0.00000000    
