  -4.20084875E-03
  -4.48356336E-03
  -5.15912753E-03
  -6.18419750E-03
  -7.56093115E-03
  -9.30978823E-03
  -1.14593543E-02
  -1.40421372E-02
  -1.70926545E-02
  -2.06464883E-02
  -2.47398764E-02
  -2.94093918E-02
  -3.46918181E-02
  -4.06240784E-02
  -4.72431630E-02
  -5.45861349E-02
  -6.26900718E-02
  -7.15920925E-02
  -8.13293010E-02
  -9.19388533E-02
 -0.103457831    
 -0.115923405    
 -0.129372701    
 -0.143842861    
 -0.159370989    
 -0.175994232    
 -0.193749830    
 -0.212674752    
 -0.232806146    
 -0.254181147    
 -0.276836872    
 -0.300810456    
 -0.326139033    
 -0.352859825    
 -0.381009728    
 -0.410626054    
 -0.441745788    
 -0.474406183    
 -0.508644342    
 -0.544497252    
 -0.582001984    
 -0.621195614    
 -0.662115276    
 -0.704798281    
 -0.749281406    
 -0.795601904    
 -0.843796968    
 -0.893903673    
 -0.945958853    
  -1.00000000    
  -4.19223635E-03
  -4.47359309E-03
  -5.14592184E-03
  -6.16610190E-03
  -7.53629208E-03
  -9.27686784E-03
  -1.14162844E-02
  -1.39869070E-02
  -1.70230959E-02
  -2.05602665E-02
  -2.46344917E-02
  -2.92821843E-02
  -3.45399491E-02
  -4.04445417E-02
  -4.70327847E-02
  -5.43415695E-02
  -6.24078028E-02
  -7.12684244E-02
  -8.09603855E-02
  -9.15206596E-02
 -0.102986149    
 -0.115393870    
 -0.128780752    
 -0.143183798    
 -0.158639908    
 -0.175186083    
 -0.192859367    
 -0.211696610    
 -0.231734753    
 -0.253010750    
 -0.275561512    
 -0.299424082    
 -0.324635416    
 -0.351232469    
 -0.379252106    
 -0.408731222    
 -0.439707011    
 -0.472216189    
 -0.506296039    
 -0.541983008    
 -0.579314291    
 -0.618326604    
 -0.659056842    
 -0.701542556    
 -0.745819986    
 -0.791926146    
 -0.839898288    
 -0.889773250    
 -0.941587865    
 -0.995379090    
  -4.16648295E-03
  -4.44377866E-03
  -5.10643097E-03
  -6.11198414E-03
  -7.46260630E-03
  -9.17841215E-03
  -1.12874806E-02
  -1.38217323E-02
  -1.68150663E-02
  -2.03024037E-02
  -2.43193265E-02
  -2.89017409E-02
  -3.40857469E-02
  -3.99075970E-02
  -4.64036055E-02
  -5.36101460E-02
  -6.15636297E-02
  -7.03004450E-02
  -7.98570439E-02
  -9.02699307E-02
 -0.101575457    
 -0.113810122    
 -0.127010390    
 -0.141212687    
 -0.156453490    
 -0.172769159    
 -0.190196306    
 -0.208771259    
 -0.228530556    
 -0.249510348    
 -0.271747202    
 -0.295277804    
 -0.320138395    
 -0.346365392    
 -0.373995483    
 -0.403064698    
 -0.433609784    
 -0.465666950    
 -0.499272764    
 -0.534463704    
 -0.571276009    
 -0.609745979    
 -0.649910152    
 -0.691805243    
 -0.735467315    
 -0.780932903    
 -0.828238428    
 -0.877420247    
 -0.928514957    
 -0.981559157    
  -4.12383582E-03
  -4.39440459E-03
  -5.04102977E-03
  -6.02235645E-03
  -7.34056579E-03
  -9.01534501E-03
  -1.10741425E-02
  -1.35481525E-02
  -1.64704975E-02
  -1.98752936E-02
  -2.37972997E-02
  -2.82715932E-02
  -3.33334208E-02
  -3.90182249E-02
  -4.53614481E-02
  -5.23986369E-02
  -6.01653345E-02
  -6.86970875E-02
  -7.80295134E-02
  -8.81982371E-02
  -9.92388278E-02
 -0.111186892    
 -0.124078020    
 -0.137947828    
 -0.152831972    
 -0.168765873    
 -0.185785323    
 -0.203925848    
 -0.223223016    
 -0.243712381    
 -0.265429556    
 -0.288410127    
 -0.312689751    
 -0.338304013    
 -0.365288466    
 -0.393678635    
 -0.423510134    
 -0.454818785    
 -0.487639636    
 -0.522008657    
 -0.557961404    
 -0.595533133    
 -0.634759486    
 -0.675676465    
 -0.718319237    
 -0.762723804    
 -0.808925331    
 -0.856959403    
 -0.906861782    
 -0.958667874    
  -4.06470476E-03
  -4.32594307E-03
  -4.95033944E-03
  -5.89806354E-03
  -7.17131700E-03
  -8.78919102E-03
  -1.07782604E-02
  -1.31687177E-02
  -1.59926023E-02
  -1.92829128E-02
  -2.30732672E-02
  -2.73975842E-02
  -3.22899669E-02
  -3.77846733E-02
  -4.39159945E-02
  -5.07182591E-02
  -5.82258888E-02
  -6.64732382E-02
  -7.54947141E-02
  -8.53248090E-02
  -9.59978998E-02
 -0.107548423    
 -0.120010793    
 -0.133419469    
 -0.147808850    
 -0.163213253    
 -0.179667205    
 -0.197205186    
 -0.215861455    
 -0.235670462    
 -0.256666690    
 -0.278884530    
 -0.302358359    
 -0.327122599    
 -0.353211522    
 -0.380659819    
 -0.409501702    
 -0.439771652    
 -0.471504062    
 -0.504733264    
 -0.539493561    
 -0.575819314    
 -0.613745034    
 -0.653305292    
 -0.694534540    
 -0.737467229    
 -0.782137036    
 -0.828579128    
 -0.876827538    
 -0.926916778    
  -3.98965785E-03
  -4.23904974E-03
  -4.83522052E-03
  -5.74027840E-03
  -6.95645018E-03
  -8.50206800E-03
  -1.04026031E-02
  -1.26869632E-02
  -1.53858261E-02
  -1.85307674E-02
  -2.21539568E-02
  -2.62878351E-02
  -3.09650563E-02
  -3.62183750E-02
  -4.20806110E-02
  -4.85845879E-02
  -5.57632409E-02
  -6.36494532E-02
  -7.22761005E-02
  -8.16762149E-02
  -9.18826908E-02
 -0.102928370    
 -0.114846289    
 -0.127669320    
 -0.141430467    
 -0.156162471    
 -0.171898410    
 -0.188671261    
 -0.206513777    
 -0.225458980    
 -0.245539650    
 -0.266788930    
 -0.289239585    
 -0.312924415    
 -0.337876588    
 -0.364128768    
 -0.391713917    
 -0.420665115    
 -0.451015383    
 -0.482797205    
 -0.516043603    
 -0.550787389    
 -0.587061703    
 -0.624899209    
 -0.664333105    
 -0.705396533    
 -0.748121738    
 -0.792542279    
 -0.838690519    
 -0.886599302    
  -3.89941735E-03
  -4.13455535E-03
  -4.69676685E-03
  -5.55049069E-03
  -6.69798302E-03
  -8.15666560E-03
  -9.95067414E-03
  -1.21073872E-02
  -1.46558164E-02
  -1.76258553E-02
  -2.10479032E-02
  -2.49526538E-02
  -2.93709803E-02
  -3.43338661E-02
  -3.98723334E-02
  -4.60174046E-02
  -5.28002270E-02
  -6.02518953E-02
  -6.84035122E-02
  -7.72862509E-02
  -8.69312361E-02
  -9.73695219E-02
 -0.108632341    
 -0.120750792    
 -0.133755967    
 -0.147678986    
 -0.162551060    
 -0.178403184    
 -0.195266560    
 -0.213172227    
 -0.232151315    
 -0.252235025    
 -0.273454517    
 -0.295840859    
 -0.319425046    
 -0.344238222    
 -0.370311320    
 -0.397675872    
 -0.426362783    
 -0.456403315    
 -0.487828076    
 -0.520668387    
 -0.554955542    
 -0.590720236    
 -0.627994359    
 -0.666808367    
 -0.707193851    
 -0.749181688    
 -0.792802691    
 -0.838088095    
  -3.79485171E-03
  -4.01346106E-03
  -4.53629438E-03
  -5.33049274E-03
  -6.39834395E-03
  -7.75621645E-03
  -9.42669995E-03
  -1.14353886E-02
  -1.38093727E-02
  -1.65765788E-02
  -1.97653789E-02
  -2.34044325E-02
  -2.75225379E-02
  -3.21486145E-02
  -3.73116210E-02
  -4.30404991E-02
  -4.93643023E-02
  -5.63120544E-02
  -6.39127642E-02
  -7.21955076E-02
  -8.11893344E-02
  -9.09232944E-02
 -0.101426393    
 -0.112727739    
 -0.124856345    
 -0.137841135    
 -0.151711330    
 -0.166495904    
 -0.182223767    
 -0.198923945    
 -0.216625720    
 -0.235357776    
 -0.255149543    
 -0.276029915    
 -0.298027664    
 -0.321171939    
 -0.345491767    
 -0.371016204    
 -0.397774369    
 -0.425795138    
 -0.455107480    
 -0.485740364    
 -0.517723083    
 -0.551084816    
 -0.585853755    
 -0.622059762    
 -0.659731269    
 -0.698897898    
 -0.739588261    
 -0.781831443    
  -3.67696793E-03
  -3.87692824E-03
  -4.35532909E-03
  -5.08236093E-03
  -6.06034929E-03
  -7.30447099E-03
  -8.83557275E-03
  -1.06772296E-02
  -1.28543759E-02
  -1.53927095E-02
  -1.83183178E-02
  -2.16575451E-02
  -2.54368801E-02
  -2.96828859E-02
  -3.44222113E-02
  -3.96814570E-02
  -4.54872958E-02
  -5.18663898E-02
  -5.88454343E-02
  -6.64511546E-02
  -7.47101977E-02
  -8.36493298E-02
  -9.32951346E-02
 -0.103674404    
 -0.114813842    
 -0.126739979    
 -0.139479592    
 -0.153059334    
 -0.167505860    
 -0.182845935    
 -0.199106157    
 -0.216313094    
 -0.234493688    
 -0.253674477    
 -0.273882002    
 -0.295143068    
 -0.317484349    
 -0.340932488    
 -0.365514249    
 -0.391255975    
 -0.418184549    
 -0.446326762    
 -0.475709021    
 -0.506358266    
 -0.538300753    
 -0.571563542    
 -0.606172919    
 -0.642155945    
 -0.679539204    
 -0.718349338    
  -3.54690198E-03
  -3.72626446E-03
  -4.15559160E-03
  -4.80844034E-03
  -5.68717672E-03
  -6.80566160E-03
  -8.18281341E-03
  -9.83997993E-03
  -1.17997192E-02
  -1.40852528E-02
  -1.67201534E-02
  -1.97282117E-02
  -2.31333543E-02
  -2.69595739E-02
  -3.12309116E-02
  -3.59713994E-02
  -4.12051007E-02
  -4.69561070E-02
  -5.32484874E-02
  -6.01063706E-02
  -6.75538182E-02
  -7.56149590E-02
  -8.43138546E-02
  -9.36746523E-02
 -0.103721403    
 -0.114478119    
 -0.125968948    
 -0.138217941    
 -0.151249126    
 -0.165086702    
 -0.179754630    
 -0.195276976    
 -0.211677924    
 -0.228981555    
 -0.247211665    
 -0.266392559    
 -0.286548376    
 -0.307703078    
 -0.329880655    
 -0.353105128    
 -0.377400517    
 -0.402791023    
 -0.429300815    
 -0.456954062    
 -0.485774606    
 -0.515786409    
 -0.547013640    
 -0.579480350    
 -0.613210618    
 -0.648228347    
  -3.40590859E-03
  -3.56291747E-03
  -3.93898506E-03
  -4.51132329E-03
  -5.28233824E-03
  -6.26446260E-03
  -7.47452443E-03
  -8.93145148E-03
  -1.06552225E-02
  -1.26663689E-02
  -1.49857318E-02
  -1.76343452E-02
  -2.06333417E-02
  -2.40039136E-02
  -2.77672932E-02
  -3.19447108E-02
  -3.65574136E-02
  -4.16266732E-02
  -4.71737497E-02
  -5.32198921E-02
  -5.97864129E-02
  -6.68945909E-02
  -7.45656714E-02
  -8.28209072E-02
  -9.16816667E-02
 -0.101169065    
 -0.111304432    
 -0.122108914    
 -0.133603871    
 -0.145810544    
 -0.158750147    
 -0.172443956    
 -0.186913222    
 -0.202179223    
 -0.218263119    
 -0.235186189    
 -0.252969623    
 -0.271634787    
 -0.291202843    
 -0.311694950    
 -0.333132446    
 -0.355536461    
 -0.378928512    
 -0.403329700    
 -0.428761274    
 -0.455244243    
 -0.482800037    
 -0.511449873    
 -0.541215062    
 -0.572116613    
  -3.25535005E-03
  -3.38845653E-03
  -3.70757258E-03
  -4.19381820E-03
  -4.84964205E-03
  -5.68594877E-03
  -6.71732612E-03
  -7.96011835E-03
  -9.43154469E-03
  -1.11492556E-02
  -1.31311808E-02
  -1.53953945E-02
  -1.79600418E-02
  -2.08433308E-02
  -2.40634829E-02
  -2.76387185E-02
  -3.15872841E-02
  -3.59274335E-02
  -4.06774208E-02
  -4.58554775E-02
  -5.14798760E-02
  -5.75689040E-02
  -6.41407669E-02
  -7.12137371E-02
  -7.88060352E-02
  -8.69358778E-02
  -9.56215560E-02
 -0.104881264    
 -0.114733234    
 -0.125195667    
 -0.136286914    
 -0.148025066    
 -0.160428464    
 -0.173515365    
 -0.187303856    
 -0.201812238    
 -0.217058480    
 -0.233061224    
 -0.249838412    
 -0.267408341    
 -0.285789400    
 -0.304999441    
 -0.325057000    
 -0.345980257    
 -0.367787272    
 -0.390496463    
 -0.414125890    
 -0.438693702    
 -0.464218199    
 -0.490717530    
  -3.09668202E-03
  -3.20455921E-03
  -3.46356188E-03
  -3.85893113E-03
  -4.39316267E-03
  -5.07554319E-03
  -5.91830350E-03
  -6.93504978E-03
  -8.14008247E-03
  -9.54803172E-03
  -1.11737410E-02
  -1.30321505E-02
  -1.51382731E-02
  -1.75071470E-02
  -2.01538168E-02
  -2.30933446E-02
  -2.63407826E-02
  -2.99112108E-02
  -3.38197127E-02
  -3.80813293E-02
  -4.27111238E-02
  -4.77242023E-02
  -5.31355813E-02
  -5.89603595E-02
  -6.52135983E-02
  -7.19102696E-02
  -7.90655166E-02
  -8.66943449E-02
  -9.48118195E-02
 -0.103432871    
 -0.112572730    
 -0.122246288    
 -0.132468596    
 -0.143254921    
 -0.154620066    
 -0.166579083    
 -0.179147035    
 -0.192339018    
 -0.206169859    
 -0.220654845    
 -0.235808820    
 -0.251646817    
 -0.268184185    
 -0.285435557    
 -0.303416371    
 -0.322141260    
 -0.341625303    
 -0.361883759    
 -0.382931381    
 -0.404783279    
  -2.93144211E-03
  -3.01299710E-03
  -3.20928171E-03
  -3.50983581E-03
  -3.91720096E-03
  -4.43897676E-03
  -5.08492906E-03
  -5.86581137E-03
  -6.79287827E-03
  -7.87760783E-03
  -9.13161412E-03
  -1.05665792E-02
  -1.21942339E-02
  -1.40263112E-02
  -1.60745550E-02
  -1.83507167E-02
  -2.08665300E-02
  -2.36337483E-02
  -2.66641341E-02
  -2.99694110E-02
  -3.35613079E-02
  -3.74516100E-02
  -4.16520052E-02
  -4.61742803E-02
  -5.10301255E-02
  -5.62312603E-02
  -6.17893972E-02
  -6.77163675E-02
  -7.40238130E-02
  -8.07233974E-02
  -8.78268480E-02
  -9.53458920E-02
 -0.103292271    
 -0.111677751    
 -0.120514035    
 -0.129812792    
 -0.139585689    
 -0.149844453    
 -0.160600767    
 -0.171866357    
 -0.183652878    
 -0.195972145    
 -0.208835900    
 -0.222255677    
 -0.236243367    
 -0.250810564    
 -0.265968919    
 -0.281730235    
 -0.298106134    
 -0.315108210    
  -2.76123430E-03
  -2.81561795E-03
  -2.94716284E-03
  -3.14984308E-03
  -3.42624402E-03
  -3.78222391E-03
  -4.22500307E-03
  -4.76239203E-03
  -5.40249469E-03
  -6.15352951E-03
  -7.02378945E-03
  -8.02159123E-03
  -9.15525947E-03
  -1.04331337E-02
  -1.18635455E-02
  -1.34548126E-02
  -1.52152581E-02
  -1.71532016E-02
  -1.92769691E-02
  -2.15948541E-02
  -2.41151676E-02
  -2.68462226E-02
  -2.97963265E-02
  -3.29737999E-02
  -3.63868736E-02
  -4.00438793E-02
  -4.39531021E-02
  -4.81228828E-02
  -5.25614396E-02
  -5.72770685E-02
  -6.22780472E-02
  -6.75726235E-02
  -7.31691271E-02
  -7.90758282E-02
  -8.53011087E-02
  -9.18531269E-02
  -9.87401456E-02
 -0.105970442    
 -0.113552272    
 -0.121493958    
 -0.129803747    
 -0.138489828    
 -0.147560641    
 -0.157024339    
 -0.166889295    
 -0.177163675    
 -0.187855810    
 -0.198973835    
 -0.210526124    
 -0.222520858    
  -2.58771330E-03
  -2.61433027E-03
  -2.67971447E-03
  -2.78236927E-03
  -2.92492402E-03
  -3.11145699E-03
  -3.34657938E-03
  -3.63509846E-03
  -3.98189435E-03
  -4.39185696E-03
  -4.86987829E-03
  -5.42083103E-03
  -6.04957435E-03
  -6.76096743E-03
  -7.55984569E-03
  -8.45103618E-03
  -9.43935476E-03
  -1.05296234E-02
  -1.17266513E-02
  -1.30352275E-02
  -1.44601567E-02
  -1.60062369E-02
  -1.76782645E-02
  -1.94810387E-02
  -2.14193203E-02
  -2.34978925E-02
  -2.57215630E-02
  -2.80951150E-02
  -3.06232888E-02
  -3.33108641E-02
  -3.61626036E-02
  -3.91832814E-02
  -4.23776992E-02
  -4.57506105E-02
  -4.93068099E-02
  -5.30510433E-02
  -5.69880269E-02
  -6.11225590E-02
  -6.54594004E-02
  -7.00033009E-02
  -7.47589841E-02
  -7.97312483E-02
  -8.49248394E-02
  -9.03445259E-02
  -9.59950760E-02
 -0.101881288    
 -0.108007863    
 -0.114379495    
 -0.121000998    
 -0.127877146    
  -2.41257111E-03
  -2.41108402E-03
  -2.40950100E-03
  -2.41090823E-03
  -2.41797743E-03
  -2.43298011E-03
  -2.45789019E-03
  -2.49446882E-03
  -2.54433486E-03
  -2.60900520E-03
  -2.68992409E-03
  -2.78848340E-03
  -2.90603447E-03
  -3.04390374E-03
  -3.20339529E-03
  -3.38579435E-03
  -3.59237310E-03
  -3.82440095E-03
  -4.08313144E-03
  -4.36981302E-03
  -4.68569295E-03
  -5.03201270E-03
  -5.41001465E-03
  -5.82093466E-03
  -6.26599835E-03
  -6.74643321E-03
  -7.26347417E-03
  -7.81834964E-03
  -8.41226708E-03
  -9.04644467E-03
  -9.72210336E-03
  -1.04404641E-02
  -1.12027470E-02
  -1.20101729E-02
  -1.28639452E-02
  -1.37652829E-02
  -1.47153810E-02
  -1.57154482E-02
  -1.67666841E-02
  -1.78702902E-02
  -1.90274697E-02
  -2.02394295E-02
  -2.15073638E-02
  -2.28325091E-02
  -2.42160540E-02
  -2.56591924E-02
  -2.71631181E-02
  -2.87290085E-02
  -3.03580724E-02
  -3.20515111E-02
  -2.23751948E-03
  -2.20785197E-03
  -2.13911827E-03
  -2.03899597E-03
  -1.91019732E-03
  -1.75317959E-03
  -1.56726979E-03
  -1.35117222E-03
  -1.10323494E-03
  -8.21588794E-04
  -5.04222466E-04
  -1.49032465E-04
   2.46150419E-04
   6.83536520E-04
   1.16537081E-03
   1.69392000E-03
   2.27146735E-03
   2.90030753E-03
   3.58274416E-03
   4.32109600E-03
   5.11767808E-03
   5.97481802E-03
   6.89483853E-03
   7.88006280E-03
   8.93283729E-03
   1.00554898E-02
   1.12503655E-02
   1.25197964E-02
   1.38661414E-02
   1.52917309E-02
   1.67989079E-02
   1.83900241E-02
   2.00674254E-02
   2.18334720E-02
   2.36905199E-02
   2.56409124E-02
   2.76869945E-02
   2.98311487E-02
   3.20757143E-02
   3.44230756E-02
   3.68755981E-02
   3.94356214E-02
   4.21055593E-02
   4.48877253E-02
   4.77844700E-02
   5.07982038E-02
   5.39312735E-02
   5.71860522E-02
   6.05649576E-02
   6.40703440E-02
  -2.06427532E-03
  -2.00661318E-03
  -1.87116873E-03
  -1.67017896E-03
  -1.40639115E-03
  -1.07845920E-03
  -6.83076854E-04
  -2.15909837E-04
   3.27944639E-04
   9.53722163E-04
   1.66687032E-03
   2.47296435E-03
   3.37767415E-03
   4.38672584E-03
   5.50589152E-03
   6.74096867E-03
   8.09777435E-03
   9.58214514E-03
   1.11999214E-02
   1.29569685E-02
   1.48591427E-02
   1.69123150E-02
   1.91223565E-02
   2.14951169E-02
   2.40364969E-02
   2.67523751E-02
   2.96486337E-02
   3.27311456E-02
   3.60058174E-02
   3.94785181E-02
   4.31551225E-02
   4.70415391E-02
   5.11436500E-02
   5.54673634E-02
   6.00185916E-02
   6.48031980E-02
   6.98270425E-02
   7.50961155E-02
   8.06162432E-02
   8.63934085E-02
   9.24334675E-02
   9.87423211E-02
  0.105325930    
  0.112190209    
  0.119341023    
  0.126784250    
  0.134525836    
  0.142571688    
  0.150927782    
  0.159599945    
  -1.89454434E-03
  -1.80933403E-03
  -1.60823937E-03
  -1.30798109E-03
  -9.11336625E-04
  -4.15183167E-04
   1.86381003E-04
   9.00683110E-04
   1.73582695E-03
   2.70036212E-03
   3.80312325E-03
   5.05310018E-03
   6.45941310E-03
   8.03124905E-03
   9.77785606E-03
   1.17085027E-02
   1.38324890E-02
   1.61591396E-02
   1.86977815E-02
   2.14577690E-02
   2.44484376E-02
   2.76791546E-02
   3.11592724E-02
   3.48981433E-02
   3.89051549E-02
   4.31896746E-02
   4.77610491E-02
   5.26286922E-02
   5.78019358E-02
   6.32901788E-02
   6.91027492E-02
   7.52490610E-02
   8.17384571E-02
   8.85804221E-02
   9.57843214E-02
  0.103359424    
  0.111315176    
  0.119661003    
  0.128406242    
  0.137560293    
  0.147132650    
  0.157132491    
  0.167569518    
  0.178452954    
  0.189792290    
  0.201596662    
  0.213875711    
  0.226638794    
  0.239895359    
  0.253654689    
  -1.73000444E-03
  -1.61794911E-03
  -1.35287596E-03
  -9.55870142E-04
  -4.29736188E-04
   2.30384831E-04
   1.03292707E-03
   1.98813691E-03
   3.10724112E-03
   4.40202327E-03
   5.88461617E-03
   7.56734656E-03
   9.46269464E-03
   1.15832286E-02
   1.39415748E-02
   1.65503956E-02
   1.94223933E-02
   2.25702822E-02
   2.60067936E-02
   2.97446921E-02
   3.37966941E-02
   3.81755717E-02
   4.28940915E-02
   4.79650311E-02
   5.34011461E-02
   5.92152067E-02
   6.54199570E-02
   7.20282122E-02
   7.90527686E-02
   8.65063667E-02
   9.44017246E-02
  0.102751642    
  0.111568965    
  0.120866470    
  0.130656898    
  0.140953034    
  0.151767686    
  0.163113698    
  0.175003827    
  0.187450752    
  0.200467438    
  0.214066491    
  0.228260890    
  0.243063360    
  0.258486778    
  0.274543852    
  0.291247547    
  0.308610380    
  0.326645315    
  0.345365107    
  -1.57229195E-03
  -1.43434363E-03
  -1.10755931E-03
  -6.17227459E-04
   3.38257814E-05
   8.52137571E-04
   1.84858788E-03
   3.03624407E-03
   4.42934688E-03
   6.04280224E-03
   7.89192785E-03
   9.99226980E-03
   1.23595595E-02
   1.50096184E-02
   1.79583486E-02
   2.12216750E-02
   2.48155855E-02
   2.87560709E-02
   3.30591574E-02
   3.77408862E-02
   4.28172536E-02
   4.83043119E-02
   5.42181470E-02
   6.05747625E-02
   6.73902035E-02
   7.46805891E-02
   8.24618861E-02
   9.07501876E-02
   9.95616317E-02
  0.108912222    
  0.118817963    
  0.129294932    
  0.140359208    
  0.152026862    
  0.164313897    
  0.177236453    
  0.190810621    
  0.205052465    
  0.219978109    
  0.235603541    
  0.251944780    
  0.269017756    
  0.286838889    
  0.305424243    
  0.324789852    
  0.344951659    
  0.365926057    
  0.387728691    
  0.410375923    
  0.433883846    
  -1.42298371E-03
  -1.26033649E-03
  -8.74682970E-04
  -2.95314821E-04
   4.74925502E-04
   1.44418131E-03
   2.62567075E-03
   4.03515575E-03
   5.68975322E-03
   7.60735478E-03
   9.80631448E-03
   1.23052653E-02
   1.51230330E-02
   1.82785392E-02
   2.17908174E-02
   2.56789252E-02
   2.99619753E-02
   3.46590877E-02
   3.97894308E-02
   4.53721657E-02
   5.14264256E-02
   5.79714589E-02
   6.50264099E-02
   7.26104677E-02
   8.07427913E-02
   8.94425809E-02
   9.87290144E-02
  0.108621337    
  0.119138777    
  0.130300418    
  0.142125502    
  0.154633224    
  0.167842716    
  0.181773335    
  0.196443990    
  0.211874172    
  0.228082955    
  0.245089695    
  0.262913376    
  0.281573206    
  0.301088542    
  0.321478367    
  0.342762053    
  0.364959091    
  0.388088495    
  0.412169367    
  0.437221020    
  0.463262647    
  0.490313441    
  0.518392622    
  -1.28358509E-03
  -1.09766319E-03
  -6.56530668E-04
   6.75474166E-06
   8.89341289E-04
   2.00089137E-03
   3.35682975E-03
   4.97546559E-03
   6.87663164E-03
   9.08103026E-03
   1.16098886E-02
   1.44847417E-02
   1.77273378E-02
   2.13595442E-02
   2.54033227E-02
   2.98806988E-02
   3.48137319E-02
   4.02245000E-02
   4.61351275E-02
   5.25677353E-02
   5.95444217E-02
   6.70873746E-02
   7.52187148E-02
   8.39605778E-02
   9.33350921E-02
  0.103364393    
  0.114070669    
  0.125476062    
  0.137602806    
  0.150472939    
  0.164108649    
  0.178532004    
  0.193765238    
  0.209830537    
  0.226749942    
  0.244545743    
  0.263239980    
  0.282854885    
  0.303412557    
  0.324935138    
  0.347444654    
  0.370963365    
  0.395513684    
  0.421117842    
  0.447797686    
  0.475575477    
  0.504473448    
  0.534514010    
  0.565718889    
  0.598110497    
  -1.15551357E-03
  -9.47958557E-04
  -4.55255358E-04
   2.86046270E-04
   1.27309212E-03
   2.51696236E-03
   4.03514178E-03
   5.84830809E-03
   7.97882210E-03
   1.04500102E-02
   1.32857682E-02
   1.65103376E-02
   2.01481842E-02
   2.42239218E-02
   2.87622381E-02
   3.37879136E-02
   3.93257476E-02
   4.54005785E-02
   5.20372987E-02
   5.92607670E-02
   6.70958459E-02
   7.55674616E-02
   8.47004876E-02
   9.45198610E-02
  0.105050445    
  0.116317086    
  0.128344730    
  0.141158283    
  0.154782742    
  0.169242978    
  0.184563860    
  0.200770140    
  0.217886910    
  0.235939011    
  0.254951388    
  0.274948895    
  0.295956343    
  0.317998648    
  0.341100872    
  0.365287811    
  0.390584320    
  0.417015344    
  0.444606006    
  0.473381162    
  0.503365457    
  0.534584105    
  0.567062020    
  0.600824296    
  0.635895669    
  0.672300994    
  -1.04008662E-03
  -8.12742626E-04
  -2.72858451E-04
   5.39830187E-04
   1.62247499E-03
   2.98746070E-03
   4.65416163E-03
   6.64542941E-03
   8.98594689E-03
   1.17014404E-02
   1.48182465E-02
   1.83631014E-02
   2.23629605E-02
   2.68449504E-02
   3.18362564E-02
   3.73641737E-02
   4.34560254E-02
   5.01392037E-02
   5.74410781E-02
   6.53890818E-02
   7.40105733E-02
   8.33330154E-02
   9.33837965E-02
  0.104190372    
  0.115780190    
  0.128180549    
  0.141418919    
  0.155522734    
  0.170519486    
  0.186436653    
  0.203301623    
  0.221141696    
  0.239984363    
  0.259857059    
  0.280787200    
  0.302802145    
  0.325929314    
  0.350196093    
  0.375630051    
  0.402258217    
  0.430108517    
  0.459208161    
  0.489584744    
  0.521265745    
  0.554278076    
  0.588649750    
  0.624408245    
  0.661580920    
  0.700195193    
  0.740278065    
  -9.38510231E-04
  -6.93406444E-04
  -1.11172085E-04
   7.65607459E-04
   1.93409924E-03
   3.40786716E-03
   5.20798843E-03
   7.35926768E-03
   9.88849159E-03
   1.28235314E-02
   1.61929354E-02
   2.00256705E-02
   2.43509505E-02
   2.91981287E-02
   3.45966741E-02
   4.05761302E-02
   4.71661091E-02
   5.43962605E-02
   6.22962266E-02
   7.08957240E-02
   8.02243650E-02
   9.03118923E-02
  0.101187997    
  0.112882331    
  0.125424698    
  0.138844654    
  0.153171927    
  0.168436199    
  0.184667230    
  0.201894671    
  0.220148280    
  0.239457801    
  0.259852827    
  0.281363040    
  0.304018080    
  0.327847838    
  0.352881640    
  0.379149228    
  0.406680375    
  0.435504764    
  0.465651959    
  0.497151941    
  0.530034423    
  0.564329028    
  0.600065172    
  0.637272835    
  0.675981939    
  0.716222167    
  0.758022845    
  0.801413655    
  -8.51866615E-04
  -5.91198797E-04
   2.81583016E-05
   9.61132988E-04
   2.20491830E-03
   3.77411954E-03
   5.69131784E-03
   7.98303913E-03
   1.06779058E-02
   1.38056986E-02
   1.73969027E-02
   2.14824397E-02
   2.60935090E-02
   3.12614441E-02
   3.70176919E-02
   4.33938056E-02
   5.04213944E-02
   5.81320897E-02
   6.65575266E-02
   7.57294297E-02
   8.56794119E-02
   9.64392424E-02
  0.108040482    
  0.120514981    
  0.133894429    
  0.148210451    
  0.163494617    
  0.179778799    
  0.197094649    
  0.215473786    
  0.234947905    
  0.255548805    
  0.277308226    
  0.300257802    
  0.324429035    
  0.349853784    
  0.376563370    
  0.404589802    
  0.433964431    
  0.464719355    
  0.496885628    
  0.530495584    
  0.565580785    
  0.602172852    
  0.640303254    
  0.680003822    
  0.721306324    
  0.764242709    
  0.808844388    
  0.855142891    
  -7.81104201E-04
  -5.07213699E-04
   1.43689569E-04
   1.12443697E-03
   2.43225647E-03
   4.08265088E-03
   6.09948765E-03
   8.51076748E-03
   1.13466773E-02
   1.46386297E-02
   1.84187796E-02
   2.27196850E-02
   2.75742672E-02
   3.30155343E-02
   3.90766524E-02
   4.57908474E-02
   5.31914495E-02
   6.13117963E-02
   7.01852441E-02
   7.98451826E-02
   9.03249383E-02
  0.101658016    
  0.113877691    
  0.127017468    
  0.141110793    
  0.156190947    
  0.172291324    
  0.189445347    
  0.207686424    
  0.227047905    
  0.247563139    
  0.269265682    
  0.292188942    
  0.316366136    
  0.341830701    
  0.368616074    
  0.396755576    
  0.426282525    
  0.457229912    
  0.489631712    
  0.523520947    
  0.558930874    
  0.595895350    
  0.634447277    
  0.674619973    
  0.716447473    
  0.759962618    
  0.805199087    
  0.852190077    
  0.900968909    
  -7.27028004E-04
  -4.42381919E-04
   2.34194231E-04
   1.25384284E-03
   2.61383620E-03
   4.33042459E-03
   6.42853091E-03
   8.93736631E-03
   1.18884081E-02
   1.53144076E-02
   1.92488655E-02
   2.37257238E-02
   2.87792701E-02
   3.44439298E-02
   4.07542251E-02
   4.77447957E-02
   5.54503836E-02
   6.39056861E-02
   7.31454790E-02
   8.32045525E-02
   9.41176489E-02
  0.105919570    
  0.118645117    
  0.132329196    
  0.147006556    
  0.162711963    
  0.179480240    
  0.197345942    
  0.216344073    
  0.236509532    
  0.257876813    
  0.280480921    
  0.304356813    
  0.329538941    
  0.356062174    
  0.383961171    
  0.413270950    
  0.444026083    
  0.476261020    
  0.510010958    
  0.545310378    
  0.582193971    
  0.620696843    
  0.660853446    
  0.702698290    
  0.746266723    
  0.791593134    
  0.838712633    
  0.887659431    
  0.938468456    
  -6.90293498E-04
  -3.97460914E-04
   2.98671861E-04
   1.34798279E-03
   2.74779974E-03
   4.51495824E-03
   6.67520380E-03
   9.25868098E-03
   1.22978659E-02
   1.58265401E-02
   1.98792499E-02
   2.44909991E-02
   2.96971202E-02
   3.55331227E-02
   4.20346148E-02
   4.92372848E-02
   5.71769588E-02
   6.58894032E-02
   7.54105002E-02
   8.57760608E-02
   9.70219746E-02
  0.109184101    
  0.122298293    
  0.136400595    
  0.151526734    
  0.167712659    
  0.184994057    
  0.203406841    
  0.222987056    
  0.243770570    
  0.265792996    
  0.289090365    
  0.313698590    
  0.339653552    
  0.366991073    
  0.395746738    
  0.425956517    
  0.457656115    
  0.490881532    
  0.525668442    
  0.562052488    
  0.600069582    
  0.639755726    
  0.681147099    
  0.724278092    
  0.769185722    
  0.815905333    
  0.864473045    
  0.914924145    
  0.967294872    
  -6.71398884E-04
  -3.73027549E-04
   3.36358789E-04
   1.40581059E-03
   2.83272215E-03
   4.63435054E-03
   6.83701783E-03
   9.47151612E-03
   1.25710294E-02
   1.61700491E-02
   2.03038361E-02
   2.50081364E-02
   3.03190257E-02
   3.62727456E-02
   4.29056436E-02
   5.02541661E-02
   5.83548658E-02
   6.72442615E-02
   7.69589692E-02
   8.75355601E-02
   9.90106761E-02
  0.111420959    
  0.124802969    
  0.139193475    
  0.154629007    
  0.171146229    
  0.188781530    
  0.207571685    
  0.227553457    
  0.248763382    
  0.271237940    
  0.295013815    
  0.320127457    
  0.346616000    
  0.374515623    
  0.403862804    
  0.434694201    
  0.467046380    
  0.500955939    
  0.536459267    
  0.573592544    
  0.612392843    
  0.652896404    
  0.695140302    
  0.739159822    
  0.784992576    
  0.832674563    
  0.882242560    
  0.933732808    
  0.987181842    
  -6.70682406E-04
  -3.69472866E-04
   3.46735207E-04
   1.42661168E-03
   2.86763045E-03
   4.68729623E-03
   6.91226171E-03
   9.57368966E-03
   1.27051398E-02
   1.63415056E-02
   2.05184408E-02
   2.52720919E-02
   3.06389444E-02
   3.66556309E-02
   4.33589257E-02
   5.07856831E-02
   5.89728281E-02
   6.79573044E-02
   7.77761340E-02
   8.84663835E-02
  0.100064971    
  0.112609021    
  0.126135528    
  0.140681565    
  0.156284168    
  0.172980279    
  0.190806985    
  0.209801272    
  0.230000347    
  0.251441121    
  0.274160594    
  0.298195690    
  0.323583364    
  0.350361198    
  0.378565729    
  0.408233911    
  0.439402729    
  0.472109109    
  0.506389976    
  0.542282224    
  0.579822719    
  0.619048536    
  0.659996271    
  0.702703297    
  0.747205436    
  0.793540716    
  0.841745496    
  0.891856551    
  0.943910837    
  0.997945428    
  -6.88316650E-04
  -3.86999309E-04
   3.29529197E-04
   1.41001109E-03
   2.85200542E-03
   4.67310194E-03
   6.90002833E-03
   9.56402160E-03
   1.26987128E-02
   1.63390618E-02
   2.05208007E-02
   2.52801348E-02
   3.06536127E-02
   3.66779305E-02
   4.33899537E-02
   5.08265607E-02
   5.90247735E-02
   6.80215880E-02
   7.78541267E-02
   8.85594636E-02
  0.100174636    
  0.112736806    
  0.126283079    
  0.140850559    
  0.156476289    
  0.173197463    
  0.191051126    
  0.210074425    
  0.230304480    
  0.251778364    
  0.274533242    
  0.298605889    
  0.324033618    
  0.350853682    
  0.379103065    
  0.408818871    
  0.440037787    
  0.472796828    
  0.507133067    
  0.543083370    
  0.580684900    
  0.619974494    
  0.660989106    
  0.703765213    
  0.748339832    
  0.794750512    
  0.843033612    
  0.893225968    
  0.945364356    
  0.999486208    
  -7.24308949E-04
  -4.25617560E-04
   2.84721580E-04
   1.35597482E-03
   2.78579723E-03
   4.59168991E-03
   6.80020731E-03
   9.44236945E-03
   1.25515582E-02
   1.61624886E-02
   2.03106236E-02
   2.50319038E-02
   3.03625893E-02
   3.63391228E-02
   4.29980643E-02
   5.03760688E-02
   5.85098490E-02
   6.74361065E-02
   7.71917179E-02
   8.78134742E-02
   9.93381664E-02
  0.111802690    
  0.125243813    
  0.139698356    
  0.155203149    
  0.171795100    
  0.189511016    
  0.208387822    
  0.228462279    
  0.249771282    
  0.272351593    
  0.296239823    
  0.321473032    
  0.348088086    
  0.376121849    
  0.405611038    
  0.436592221    
  0.469101965    
  0.503177226    
  0.538854539    
  0.576170564    
  0.615161836    
  0.655864894    
  0.698316455    
  0.742552578    
  0.788610697    
  0.836527109    
  0.886338055    
  0.938080192    
  0.991789997    
  -7.78498827E-04
  -4.85145778E-04
   2.12544313E-04
   1.26481196E-03
   2.66941544E-03
   4.44359938E-03
   6.61349669E-03
   9.20961797E-03
   1.22647919E-02
   1.58131476E-02
   1.98895689E-02
   2.45293900E-02
   2.97682527E-02
   3.56419943E-02
   4.21865620E-02
   4.94380072E-02
   5.74324094E-02
   6.62058890E-02
   7.57946223E-02
   8.62348825E-02
   9.75628272E-02
  0.109814696    
  0.123026729    
  0.137235016    
  0.152475893    
  0.168785557    
  0.186200306    
  0.204756424    
  0.224490106    
  0.245437562    
  0.267634988    
  0.291118532    
  0.315924406    
  0.342088938    
  0.369648457    
  0.398639262    
  0.429096997    
  0.461057663    
  0.494557977    
  0.529633284    
  0.566319704    
  0.604653418    
  0.644670188    
  0.686405778    
  0.729896069    
  0.775177538    
  0.822285593    
  0.871255875    
  0.922124565    
  0.974927843    
  -8.50561191E-04
  -5.65212802E-04
   1.13479095E-04
   1.13716896E-03
   2.50372966E-03
   4.22998285E-03
   6.34139171E-03
   8.86767823E-03
   1.18407989E-02
   1.52939977E-02
   1.92612354E-02
   2.37769317E-02
   2.88757719E-02
   3.45926583E-02
   4.09625880E-02
   4.80206683E-02
   5.58020286E-02
   6.43418431E-02
   7.36753196E-02
   8.38377997E-02
   9.48645175E-02
  0.106790729    
  0.119651735    
  0.133482739    
  0.148319051    
  0.164195865    
  0.181148708    
  0.199212864    
  0.218423545    
  0.238816187    
  0.260425895    
  0.283287913    
  0.307437599    
  0.332910299    
  0.359741569    
  0.387966245    
  0.417619675    
  0.448736936    
  0.481353253    
  0.515503407    
  0.551222444    
  0.588545322    
  0.627507329    
  0.668142676    
  0.710486412    
  0.754574060    
  0.800440013    
  0.848118961    
  0.897645772    
  0.949055731    
  -9.40008438E-04
  -6.65259664E-04
  -1.17468853E-05
   9.74029419E-04
   2.29006447E-03
   3.95259587E-03
   5.98617503E-03
   8.41945782E-03
   1.12832412E-02
   1.46095641E-02
   1.84311476E-02
   2.27811784E-02
   2.76930779E-02
   3.32004689E-02
   3.93370986E-02
   4.61367778E-02
   5.36333732E-02
   6.18608035E-02
   7.08529502E-02
   8.06439444E-02
   9.12676677E-02
  0.102758147    
  0.115149446    
  0.128475502    
  0.142770335    
  0.158067763    
  0.174402177    
  0.191807568    
  0.210317999    
  0.229967415    
  0.250789911    
  0.272819579    
  0.296090156    
  0.320635945    
  0.346491188    
  0.373689711    
  0.402265549    
  0.432252318    
  0.463684052    
  0.496594220    
  0.531016707    
  0.566985130    
  0.604533136    
  0.643694282    
  0.684501588    
  0.726989686    
  0.771191359    
  0.817140102    
  0.864869177    
  0.914412618    
  -1.04619423E-03
  -7.84546195E-04
  -1.62166602E-04
   7.76700908E-04
   2.03018310E-03
   3.61377746E-03
   5.55089535E-03
   7.86885154E-03
   1.05970036E-02
   1.37658883E-02
   1.74066853E-02
   2.15510335E-02
   2.62307823E-02
   3.14779542E-02
   3.73247415E-02
   4.38033603E-02
   5.09461015E-02
   5.87852485E-02
   6.73531517E-02
   7.66823217E-02
   8.68050307E-02
   9.77537557E-02
  0.109560974    
  0.122259006    
  0.135880321    
  0.150457144    
  0.166022345    
  0.182608262    
  0.200247452    
  0.218972266    
  0.238815427    
  0.259809107    
  0.281985790    
  0.305378050    
  0.330018699    
  0.355940074    
  0.383174539    
  0.411754221    
  0.441711515    
  0.473078400    
  0.505887091    
  0.540169716    
  0.575958431    
  0.613284767    
  0.652180612    
  0.692678392    
  0.734809041    
  0.778605103    
  0.824097514    
  0.871318579    
  -1.16832089E-03
  -9.22155508E-04
  -3.36582889E-04
   5.46805037E-04
   1.72627496E-03
   3.21643520E-03
   5.03933616E-03
   7.22069666E-03
   9.78816487E-03
   1.27704833E-02
   1.61970202E-02
   2.00975444E-02
   2.45020520E-02
   2.94406805E-02
   3.49437557E-02
   4.10415865E-02
   4.77646142E-02
   5.51431999E-02
   6.32078424E-02
   7.19891042E-02
   8.15173909E-02
   9.18232501E-02
  0.102937341    
  0.114890113    
  0.127712056    
  0.141433671    
  0.156085894    
  0.171699151    
  0.188304126    
  0.205931485    
  0.224611655    
  0.244375437    
  0.265253365    
  0.287276238    
  0.310474664    
  0.334879428    
  0.360520959    
  0.387429774    
  0.415636361    
  0.445171028    
  0.476063609    
  0.508345008    
  0.542044997    
  0.577193439    
  0.613819838    
  0.651955068    
  0.691628277    
  0.732869148    
  0.775707185    
  0.820172131    
  -1.30544498E-03
  -1.07700517E-03
  -5.33579092E-04
   2.86261347E-04
   1.38093228E-03
   2.76401243E-03
   4.45598457E-03
   6.48073060E-03
   8.86393059E-03
   1.16322711E-02
   1.48130199E-02
   1.84338205E-02
   2.25225296E-02
   2.71071400E-02
   3.22157778E-02
   3.78766172E-02
   4.41179164E-02
   5.09678721E-02
   5.84548339E-02
   6.66071475E-02
   7.54530504E-02
   8.50209445E-02
   9.53392833E-02
  0.106436342    
  0.118340530    
  0.131080166    
  0.144683957    
  0.159180239    
  0.174597502    
  0.190964237    
  0.208308876    
  0.226659983    
  0.246046156    
  0.266495883    
  0.288037777    
  0.310700566    
  0.334512293    
  0.359501690    
  0.385697156    
  0.413127095    
  0.441819161    
  0.471801847    
  0.503103077    
  0.535750449    
  0.569771409    
  0.605194271    
  0.642046094    
  0.680353880    
  0.720144510    
  0.761445880    
  -1.45648676E-03
  -1.24785455E-03
  -7.51532556E-04
  -2.72914622E-06
   9.97128664E-04
   2.26045935E-03
   3.80598544E-03
   5.65553270E-03
   7.83256907E-03
   1.03614768E-02
   1.32671772E-02
   1.65749267E-02
   2.03101784E-02
   2.44985335E-02
   2.91656684E-02
   3.43373120E-02
   4.00393158E-02
   4.62974496E-02
   5.31376339E-02
   6.05857335E-02
   6.86675906E-02
   7.74091706E-02
   8.68364275E-02
   9.69753042E-02
  0.107851684    
  0.119491555    
  0.131921113    
  0.145166337    
  0.159253284    
  0.174208000    
  0.190056652    
  0.206825316    
  0.224540189    
  0.243227482    
  0.262913465    
  0.283624381    
  0.305386215    
  0.328225225    
  0.352167577    
  0.377239317    
  0.403466225    
  0.430874109    
  0.459488660    
  0.489335209    
  0.520438790    
  0.552824974    
  0.586517930    
  0.621542335    
  0.657922268    
  0.695682347    
  -1.62023981E-03
  -1.43331650E-03
  -9.88628250E-04
  -3.17704311E-04
   5.78190899E-04
   1.71019917E-03
   3.09510413E-03
   4.75247158E-03
   6.70333859E-03
   8.96955933E-03
   1.15734786E-02
   1.45377219E-02
   1.78851187E-02
   2.16386151E-02
   2.58212239E-02
   3.04559991E-02
   3.55661064E-02
   4.11746800E-02
   4.73049358E-02
   5.39800450E-02
   6.12232424E-02
   6.90577254E-02
   7.75068477E-02
   8.65938067E-02
   9.63418409E-02
  0.106774285    
  0.117914610    
  0.129786253    
  0.142412484    
  0.155816823    
  0.170022696    
  0.185053557    
  0.200933024    
  0.217684671    
  0.235332146    
  0.253899246    
  0.273409456    
  0.293886423    
  0.315353990    
  0.337835640    
  0.361354887    
  0.385935158    
  0.411599725    
  0.438371301    
  0.466272503    
  0.495325834    
  0.525553107    
  0.556975484    
  0.589613974    
  0.623489618    
  -1.79538142E-03
  -1.63187145E-03
  -1.24287640E-03
  -6.55964192E-04
   1.27769672E-04
   1.11808081E-03
   2.32966058E-03
   3.77962901E-03
   5.48640126E-03
   7.46909622E-03
   9.74726677E-03
   1.23407170E-02
   1.52694220E-02
   1.85534675E-02
   2.22129840E-02
   2.62681469E-02
   3.07392236E-02
   3.56464870E-02
   4.10102084E-02
   4.68506962E-02
   5.31883016E-02
   6.00433238E-02
   6.74361810E-02
   7.53872320E-02
   8.39168280E-02
   9.30453390E-02
  0.102793388    
  0.113181479    
  0.124230064    
  0.135959744    
  0.148391083    
  0.161544725    
  0.175441384    
  0.190101847    
  0.205546930    
  0.221797600    
  0.238874882    
  0.256799549    
  0.275592774    
  0.295275599    
  0.315869153    
  0.337394327    
  0.359872133    
  0.383322477    
  0.407765806    
  0.433221787    
  0.459709048    
  0.487245649    
  0.515848458    
  0.545534551    
  -1.98048470E-03
  -1.84188015E-03
  -1.51212933E-03
  -1.01459480E-03
  -3.50196700E-04
   4.89341561E-04
   1.51647860E-03
   2.74573360E-03
   4.19272203E-03
   5.87365590E-03
   7.80511508E-03
   1.00038908E-02
   1.24869263E-02
   1.52712436E-02
   1.83739234E-02
   2.18120795E-02
   2.56028827E-02
   2.97635347E-02
   3.43112238E-02
   3.92631628E-02
   4.46366109E-02
   5.04488349E-02
   5.67170978E-02
   6.34587035E-02
   7.06908926E-02
   7.84309879E-02
   8.66964906E-02
   9.55048278E-02
  0.104873344    
  0.114819549    
  0.125360981    
  0.136515185    
  0.148299873    
  0.160732701    
  0.173831552    
  0.187614381    
  0.202099323    
  0.217304245    
  0.233247623    
  0.249947786    
  0.267423302    
  0.285692751    
  0.304774731    
  0.324687302    
  0.345448345    
  0.367075205    
  0.389584005    
  0.412989169    
  0.437303334    
  0.462538213    
  -2.17403239E-03
  -2.06159754E-03
  -1.79410272E-03
  -1.39049510E-03
  -8.51515390E-04
  -1.70445739E-04
   6.62823499E-04
   1.66007539E-03
   2.83397874E-03
   4.19769017E-03
   5.76466136E-03
   7.54851941E-03
   9.56300739E-03
   1.18219359E-02
   1.43391686E-02
   1.71285942E-02
   2.02041417E-02
   2.35797800E-02
   2.72694305E-02
   3.12870927E-02
   3.56467627E-02
   4.03624438E-02
   4.54481505E-02
   5.09179272E-02
   5.67857921E-02
   6.30658492E-02
   6.97722211E-02
   7.69191235E-02
   8.45206752E-02
   9.25911218E-02
  0.101144679    
  0.110195667    
  0.119758561    
  0.129847735    
  0.140477940    
  0.151663899    
  0.163420543    
  0.175762817    
  0.188706130    
  0.202266052    
  0.216458425    
  0.231299460    
  0.246805668    
  0.262993425    
  0.279879361    
  0.297479421    
  0.315808177    
  0.334877461    
  0.354695708    
  0.375266761    
  -2.37442972E-03
  -2.28919112E-03
  -2.08639540E-03
  -1.78040564E-03
  -1.37177971E-03
  -8.55422171E-04
  -2.23667201E-04
   5.32421342E-04
   1.42244902E-03
   2.45639309E-03
   3.64445429E-03
   4.99696424E-03
   6.52434677E-03
   8.23706668E-03
   1.01456409E-02
   1.22606028E-02
   1.45925144E-02
   1.71519667E-02
   1.99495181E-02
   2.29957905E-02
   2.63013858E-02
   2.98769400E-02
   3.37330811E-02
   3.78804281E-02
   4.23296615E-02
   4.70914617E-02
   5.21765836E-02
   5.75957708E-02
   6.33597970E-02
   6.94794506E-02
   7.59655163E-02
   8.28289762E-02
   9.00807828E-02
   9.77320001E-02
  0.105793811    
  0.114277661    
  0.123195007    
  0.132557541    
  0.142377377    
  0.152666926    
  0.163439244    
  0.174707890    
  0.186487362    
  0.198792830    
  0.211640507    
  0.225047454    
  0.239029989    
  0.253601730    
  0.268769503    
  0.284527630    
  -2.58002011E-03
  -2.52275518E-03
  -2.38651154E-03
  -2.18093861E-03
  -1.90640823E-03
  -1.55949686E-03
  -1.13505393E-03
  -6.27074565E-04
  -2.91040305E-05
   6.65561412E-04
   1.46377645E-03
   2.37248233E-03
   3.39868083E-03
   4.54940600E-03
   5.83172357E-03
   7.25271273E-03
   8.81947204E-03
   1.05391107E-02
   1.24187255E-02
   1.44654615E-02
   1.66864414E-02
   1.90888066E-02
   2.16797031E-02
   2.44662631E-02
   2.74556763E-02
   3.06551121E-02
   3.40718180E-02
   3.77130099E-02
   4.15859409E-02
   4.56978641E-02
   5.00560589E-02
   5.46679311E-02
   5.95408268E-02
   6.46822602E-02
   7.00998455E-02
   7.58013278E-02
   8.17945227E-02
   8.80875140E-02
   9.46887955E-02
  0.101607196    
  0.108852223    
  0.116434298    
  0.124365158    
  0.132658318    
  0.141330153    
  0.150400802    
  0.159894705    
  0.169839978    
  0.180261672    
  0.191158488    
  -2.78909854E-03
  -2.76032998E-03
  -2.69188406E-03
  -2.58860784E-03
  -2.45068781E-03
  -2.27640383E-03
  -2.06316868E-03
  -1.80796441E-03
  -1.50754815E-03
  -1.15855155E-03
  -7.57531845E-04
  -3.00999789E-04
   2.14560365E-04
   7.92684092E-04
   1.43692119E-03
   2.15082802E-03
   2.93797138E-03
   3.80191929E-03
   4.74624708E-03
   5.77453710E-03
   6.89036911E-03
   8.09733197E-03
   9.39901546E-03
   1.07990131E-02
   1.23009281E-02
   1.39083639E-02
   1.56249600E-02
   1.74543578E-02
   1.94001924E-02
   2.14661192E-02
   2.36558001E-02
   2.59729549E-02
   2.84212902E-02
   3.10046114E-02
   3.37267481E-02
   3.65916304E-02
   3.96032408E-02
   4.27657403E-02
   4.60834838E-02
   4.95611653E-02
   5.32039031E-02
   5.70175946E-02
   6.10093623E-02
   6.51883185E-02
   6.95673898E-02
   7.41663799E-02
   7.90183246E-02
   8.41827542E-02
   8.97741020E-02
   9.60227177E-02
  -2.99992971E-03
  -2.99992017E-03
  -2.99989735E-03
  -2.99986266E-03
  -2.99981702E-03
  -2.99975881E-03
  -2.99968803E-03
  -2.99960305E-03
  -2.99950270E-03
  -2.99938652E-03
  -2.99925287E-03
  -2.99910037E-03
  -2.99892877E-03
  -2.99873599E-03
  -2.99852155E-03
  -2.99828337E-03
  -2.99802143E-03
  -2.99773342E-03
  -2.99741863E-03
  -2.99707591E-03
  -2.99670454E-03
  -2.99630198E-03
  -2.99586821E-03
  -2.99540185E-03
  -2.99490127E-03
  -2.99436576E-03
  -2.99379369E-03
  -2.99318391E-03
  -2.99253571E-03
  -2.99184746E-03
  -2.99111777E-03
  -2.99034547E-03
  -2.98953010E-03
  -2.98866862E-03
  -2.98776175E-03
  -2.98680714E-03
  -2.98580388E-03
  -2.98474962E-03
  -2.98364391E-03
  -2.98248534E-03
  -2.98127159E-03
  -2.98000104E-03
  -2.97867088E-03
  -2.97727808E-03
  -2.97581893E-03
  -2.97428691E-03
  -2.97266943E-03
  -2.97094812E-03
  -2.96762236E-03
   0.00000000    
