 -0.452311337    
 -0.450157613    
 -0.445478261    
 -0.439281344    
 -0.432185471    
 -0.424597889    
 -0.416801602    
 -0.409004956    
 -0.401368141    
 -0.394018739    
 -0.387063414    
 -0.380592883    
 -0.374686509    
 -0.369415492    
 -0.364844650    
 -0.361033887    
 -0.358039260    
 -0.355913848    
 -0.354708016    
 -0.354470342    
 -0.355247289    
 -0.357084274    
 -0.360025227    
 -0.364113122    
 -0.369389892    
 -0.375896752    
 -0.383674353    
 -0.392762244    
 -0.403199732    
 -0.415025562    
 -0.428278029    
 -0.442995071    
 -0.459214240    
 -0.476972908    
 -0.496307820    
 -0.517255723    
 -0.539853036    
 -0.564136028    
 -0.590140700    
 -0.617902994    
 -0.647458553    
 -0.678842902    
 -0.712091565    
 -0.747240186    
 -0.784323752    
 -0.823377728    
 -0.864437222    
 -0.907537520    
 -0.952713430    
  -1.00000000    
 -0.452376932    
 -0.450222790    
 -0.445542246    
 -0.439343154    
 -0.432243675    
 -0.424650848    
 -0.416847467    
 -0.409041613    
 -0.401393175    
 -0.394029558    
 -0.387057275    
 -0.380566776    
 -0.374637246    
 -0.369339734    
 -0.364738822    
 -0.360894352    
 -0.357862085    
 -0.355695009    
 -0.354443312    
 -0.354155391    
 -0.354877591    
 -0.356655091    
 -0.359531760    
 -0.363550395    
 -0.368752748    
 -0.375179857    
 -0.382872313    
 -0.391869485    
 -0.402210474    
 -0.413933933    
 -0.427077889    
 -0.441680282    
 -0.457778364    
 -0.475409538    
 -0.494610190    
 -0.515416861    
 -0.537866116    
 -0.561993897    
 -0.587836146    
 -0.615428329    
 -0.644806385    
 -0.676005304    
 -0.709060490    
 -0.744007766    
 -0.780881584    
 -0.819717288    
 -0.860550046    
 -0.903414667    
 -0.948346138    
 -0.995379090    
 -0.452573746    
 -0.450418413    
 -0.445734322    
 -0.439528555    
 -0.432418406    
 -0.424810052    
 -0.416985512    
 -0.409152031    
 -0.401468992    
 -0.394062966    
 -0.387039900    
 -0.380489767    
 -0.374490976    
 -0.369114280    
 -0.364423543    
 -0.360478163    
 -0.357333422    
 -0.355041683    
 -0.353652775    
 -0.353214622    
 -0.353772968    
 -0.355372697    
 -0.358057201    
 -0.361868680    
 -0.366848439    
 -0.373037159    
 -0.380474836    
 -0.389200568    
 -0.399253070    
 -0.410670102    
 -0.423489451    
 -0.437748849    
 -0.453484893    
 -0.470734328    
 -0.489533514    
 -0.509918451    
 -0.531924784    
 -0.555588305    
 -0.580944180    
 -0.608027995    
 -0.636874855    
 -0.667518973    
 -0.699995875    
 -0.734340429    
 -0.770586908    
 -0.808770061    
 -0.848924398    
 -0.891084433    
 -0.935284555    
 -0.981559157    
 -0.452901900    
 -0.450744599    
 -0.446054697    
 -0.439837992    
 -0.432710290    
 -0.425076336    
 -0.417216778    
 -0.409337759    
 -0.401597440    
 -0.394121319    
 -0.387014359    
 -0.380365431    
 -0.374252141    
 -0.368744344    
 -0.363905013    
 -0.359792620    
 -0.356461585    
 -0.353963464    
 -0.352347314    
 -0.351660252    
 -0.351947397    
 -0.353252679    
 -0.355618745    
 -0.359087020    
 -0.363698244    
 -0.369491965    
 -0.376507640    
 -0.384783655    
 -0.394357800    
 -0.405267328    
 -0.417549342    
 -0.431240410    
 -0.446376592    
 -0.462993860    
 -0.481127709    
 -0.500813425    
 -0.522085845    
 -0.544980347    
 -0.569530785    
 -0.595772088    
 -0.623738527    
 -0.653464079    
 -0.684982657    
 -0.718328595    
 -0.753535807    
 -0.790637970    
 -0.829668701    
 -0.870661378    
 -0.913649857    
 -0.958667874    
 -0.453361452    
 -0.451201558    
 -0.446503729    
 -0.440272063    
 -0.433120251    
 -0.425451070    
 -0.417543173    
 -0.409601331    
 -0.401781857    
 -0.394208848    
 -0.386985779    
 -0.380200088    
 -0.373928249    
 -0.368238777    
 -0.363193601    
 -0.358849585    
 -0.355260372    
 -0.352476209    
 -0.350544930    
 -0.349512815    
 -0.349423707    
 -0.350320578    
 -0.352244884    
 -0.355237186    
 -0.359336853    
 -0.364582717    
 -0.371012866    
 -0.378664970    
 -0.387575507    
 -0.397780955    
 -0.409317106    
 -0.422219753    
 -0.436523557    
 -0.452263653    
 -0.469474167    
 -0.488189876    
 -0.508444190    
 -0.530271053    
 -0.553704023    
 -0.578776538    
 -0.605521679    
 -0.633972347    
 -0.664161444    
 -0.696122169    
 -0.729887307    
 -0.765489697    
 -0.802960992    
 -0.842334390    
 -0.883642197    
 -0.926916778    
 -0.453952581    
 -0.451789498    
 -0.447081894    
 -0.440831542    
 -0.433649659    
 -0.425936133    
 -0.417967528    
 -0.409946233    
 -0.402026832    
 -0.394331217    
 -0.386961192    
 -0.380002260    
 -0.373529583    
 -0.367609769    
 -0.362303406    
 -0.357665688    
 -0.353748828    
 -0.350601733    
 -0.348270565    
 -0.346800327    
 -0.346233666    
 -0.346611768    
 -0.347975016    
 -0.350362539    
 -0.353812724    
 -0.358362526    
 -0.364049166    
 -0.370908618    
 -0.378976345    
 -0.388287276    
 -0.398875982    
 -0.410776824    
 -0.424023300    
 -0.438648850    
 -0.454686880    
 -0.472169936    
 -0.491130710    
 -0.511601686    
 -0.533615172    
 -0.557202816    
 -0.582396388    
 -0.609227717    
 -0.637728214    
 -0.667929232    
 -0.699862421    
 -0.733559132    
 -0.769050002    
 -0.806366384    
 -0.845539331    
 -0.886599302    
 -0.454675525    
 -0.452508748    
 -0.447789818    
 -0.441517651    
 -0.434300125    
 -0.426534057    
 -0.418493003    
 -0.410377085    
 -0.402337968    
 -0.394495785    
 -0.386949539    
 -0.379782975    
 -0.373069078    
 -0.366872907    
 -0.361252755    
 -0.356262147    
 -0.351951510    
 -0.348367870    
 -0.345555872    
 -0.343558669    
 -0.342417359    
 -0.342171371    
 -0.342859656    
 -0.344519526    
 -0.347187608    
 -0.350899875    
 -0.355691433    
 -0.361596674    
 -0.368649542    
 -0.376883388    
 -0.386331260    
 -0.397025883    
 -0.408999264    
 -0.422283292    
 -0.436909348    
 -0.452908695    
 -0.470312208    
 -0.489150733    
 -0.509455025    
 -0.531255186    
 -0.554581106    
 -0.579462707    
 -0.605930090    
 -0.634012818    
 -0.663740993    
 -0.695143700    
 -0.728250504    
 -0.763090849    
 -0.799693584    
 -0.838088095    
 -0.455530554    
 -0.453359634    
 -0.448628217    
 -0.442331523    
 -0.435073584    
 -0.427247554    
 -0.419123769    
 -0.410899222    
 -0.402722269    
 -0.394710958    
 -0.386961460    
 -0.379555225    
 -0.372562736    
 -0.366046697    
 -0.360063553    
 -0.354664385    
 -0.349897593    
 -0.345808327    
 -0.342439085    
 -0.339831024    
 -0.338023275    
 -0.337053716    
 -0.336958945    
 -0.337774843    
 -0.339535981    
 -0.342276186    
 -0.346029103    
 -0.350827217    
 -0.356702566    
 -0.363686562    
 -0.371810585    
 -0.381105304    
 -0.391601235    
 -0.403328270    
 -0.416315526    
 -0.430592805    
 -0.446188956    
 -0.463133156    
 -0.481453776    
 -0.501179278    
 -0.522337615    
 -0.544956923    
 -0.569065332    
 -0.594690681    
 -0.621859848    
 -0.650601149    
 -0.680941463    
 -0.712908506    
 -0.746529341    
 -0.781831443    
 -0.456517875    
 -0.454342723    
 -0.449597985    
 -0.443274587    
 -0.435972333    
 -0.428080142    
 -0.419864416    
 -0.411518604    
 -0.403187811    
 -0.394987166    
 -0.387009770    
 -0.379334271    
 -0.372028649    
 -0.365152866    
 -0.358761013    
 -0.352901965    
 -0.347621292    
 -0.342961967    
 -0.338964403    
 -0.335667491    
 -0.333108008    
 -0.331321895    
 -0.330343455    
 -0.330206513    
 -0.330943704    
 -0.332586616    
 -0.335166663    
 -0.338714391    
 -0.343259752    
 -0.348832518    
 -0.355461389    
 -0.363175124    
 -0.372002244    
 -0.381970257    
 -0.393106639    
 -0.405438870    
 -0.418993831    
 -0.433798343    
 -0.449878693    
 -0.467261136    
 -0.485971749    
 -0.506036222    
 -0.527480423    
 -0.550329864    
 -0.574609697    
 -0.600345552    
 -0.627562165    
 -0.656285107    
 -0.686539054    
 -0.718349338    
 -0.457637668    
 -0.455458313    
 -0.450699896    
 -0.444348514    
 -0.436998934    
 -0.429035455    
 -0.420720100    
 -0.412242174    
 -0.403743595    
 -0.395335644    
 -0.387108356    
 -0.379137248    
 -0.371487349    
 -0.364215881    
 -0.357374072    
 -0.351008058    
 -0.345160842    
 -0.339872926    
 -0.335182011    
 -0.331124663    
 -0.327735215    
 -0.325047225    
 -0.323092610    
 -0.321902901    
 -0.321508288    
 -0.321938336    
 -0.323221952    
 -0.325387537    
 -0.328462481    
 -0.332474560    
 -0.337450176    
 -0.343415737    
 -0.350397348    
 -0.358420700    
 -0.367510438    
 -0.377691954    
 -0.388989687    
 -0.401428252    
 -0.415031582    
 -0.429823220    
 -0.445826888    
 -0.463066310    
 -0.481564790    
 -0.501345456    
 -0.522431314    
 -0.544844627    
 -0.568608582    
 -0.593745589    
 -0.620278001    
 -0.648228347    
 -0.458890289    
 -0.456707031    
 -0.451935053    
 -0.445555180    
 -0.438156366    
 -0.430117577    
 -0.421696454    
 -0.413077682    
 -0.404399455    
 -0.395768911    
 -0.387272656    
 -0.378982961    
 -0.370961666    
 -0.363262713    
 -0.355934203    
 -0.349019587    
 -0.342558950    
 -0.336589903    
 -0.331147522    
 -0.326265335    
 -0.321975380    
 -0.318308592    
 -0.315294325    
 -0.312961340    
 -0.311337739    
 -0.310450315    
 -0.310325623    
 -0.310989231    
 -0.312466711    
 -0.314782768    
 -0.317961633    
 -0.322027385    
 -0.327003360    
 -0.332912803    
 -0.339778334    
 -0.347622335    
 -0.356466889    
 -0.366333902    
 -0.377245069    
 -0.389221311    
 -0.402283907    
 -0.416453540    
 -0.431751311    
 -0.448197514    
 -0.465812474    
 -0.484616011    
 -0.504628479    
 -0.525869429    
 -0.548359036    
 -0.572116613    
 -0.460275918    
 -0.458089232    
 -0.453304529    
 -0.446896315    
 -0.439447463    
 -0.431331128    
 -0.422799736    
 -0.414033353    
 -0.405166030    
 -0.396300435    
 -0.387519628    
 -0.378892124    
 -0.370476335    
 -0.362322688    
 -0.354476094    
 -0.346976697    
 -0.339861780    
 -0.333165646    
 -0.326920807    
 -0.321157575    
 -0.315905184    
 -0.311191916    
 -0.307044268    
 -0.303488493    
 -0.300549507    
 -0.298251808    
 -0.296619266    
 -0.295675009    
 -0.295441777    
 -0.295941621    
 -0.297196329    
 -0.299227178    
 -0.302055031    
 -0.305700481    
 -0.310183644    
 -0.315523982    
 -0.321740836    
 -0.328853816    
 -0.336881518    
 -0.345842510    
 -0.355755299    
 -0.366637677    
 -0.378507882    
 -0.391383559    
 -0.405281961    
 -0.420220584    
 -0.436216474    
 -0.453286707    
 -0.471448153    
 -0.490717530    
 -0.461794764    
 -0.459605396    
 -0.454809278    
 -0.448373973    
 -0.440875411    
 -0.432680577    
 -0.424036652    
 -0.415118128    
 -0.406054676    
 -0.396944672    
 -0.387867212    
 -0.378886521    
 -0.370057583    
 -0.361427128    
 -0.353036344    
 -0.344922453    
 -0.337118924    
 -0.329657257    
 -0.322566688    
 -0.315874577    
 -0.309606940    
 -0.303789228    
 -0.298444897    
 -0.293597460    
 -0.289269179    
 -0.285481334    
 -0.282255322    
 -0.279611349    
 -0.277569681    
 -0.276149213    
 -0.275369316    
 -0.275248319    
 -0.275804400    
 -0.277055621    
 -0.279018968    
 -0.281711459    
 -0.285149783    
 -0.289350331    
 -0.294328839    
 -0.300101370    
 -0.306683242    
 -0.314089537    
 -0.322335809    
 -0.331436425    
 -0.341405928    
 -0.352258623    
 -0.364008814    
 -0.376670480    
 -0.390257388    
 -0.404783279    
 -0.463446975    
 -0.461255997    
 -0.456450403    
 -0.449990064    
 -0.442443490    
 -0.434170961    
 -0.425413907    
 -0.416341037    
 -0.407077491    
 -0.397717118    
 -0.388334394    
 -0.378989547    
 -0.369733483    
 -0.360609144    
 -0.351654112    
 -0.342902005    
 -0.334382981    
 -0.326124877    
 -0.318153769    
 -0.310493708    
 -0.303167671    
 -0.296197861    
 -0.289604872    
 -0.283409119    
 -0.277629793    
 -0.272285610    
 -0.267394572    
 -0.262974739    
 -0.259042710    
 -0.255615115    
 -0.252708077    
 -0.250337303    
 -0.248518124    
 -0.247265562    
 -0.246594235    
 -0.246518031    
 -0.247050777    
 -0.248205885    
 -0.249996379    
 -0.252435118    
 -0.255534619    
 -0.259307116    
 -0.263764828    
 -0.268919289    
 -0.274782121    
 -0.281364501    
 -0.288677394    
 -0.296731919    
 -0.305538654    
 -0.315108210    
 -0.465232760    
 -0.463041365    
 -0.458228886    
 -0.451746643    
 -0.444155037    
 -0.435807228    
 -0.426938444    
 -0.417711884    
 -0.408247173    
 -0.398633420    
 -0.388940871    
 -0.379225433    
 -0.369533092    
 -0.359903425    
 -0.350370198    
 -0.340962887    
 -0.331708521    
 -0.322631180    
 -0.313753426    
 -0.305095971    
 -0.296678543    
 -0.288520008    
 -0.280638009    
 -0.273049831    
 -0.265771240    
 -0.258818269    
 -0.252206028    
 -0.245949447    
 -0.240062207    
 -0.234558135    
 -0.229450330    
 -0.224751666    
 -0.220474616    
 -0.216631189    
 -0.213233218    
 -0.210291669    
 -0.207817271    
 -0.205820709    
 -0.204312027    
 -0.203301057    
 -0.202797279    
 -0.202809915    
 -0.203347906    
 -0.204420060    
 -0.206034675    
 -0.208199844    
 -0.210923418    
 -0.214213133    
 -0.218076512    
 -0.222520858    
 -0.467152089    
 -0.464961797    
 -0.460145712    
 -0.453645647    
 -0.446013331    
 -0.437594503    
 -0.428617656    
 -0.419240355    
 -0.409576416    
 -0.399710149    
 -0.389707118    
 -0.379618704    
 -0.369486421    
 -0.359345764    
 -0.349226505    
 -0.339154512    
 -0.329152375    
 -0.319241285    
 -0.309439838    
 -0.299765229    
 -0.290233970    
 -0.280861378    
 -0.271662086    
 -0.262649983    
 -0.253837913    
 -0.245238632    
 -0.236864433    
 -0.228726938    
 -0.220837116    
 -0.213205591    
 -0.205842763    
 -0.198758528    
 -0.191962495    
 -0.185463727    
 -0.179270938    
 -0.173392341    
 -0.167835742    
 -0.162608832    
 -0.157718644    
 -0.153172046    
 -0.148975447    
 -0.145135120    
 -0.141656801    
 -0.138546139    
 -0.135808274    
 -0.133448333    
 -0.131470874    
 -0.129880354    
 -0.128681093    
 -0.127877146    
 -0.469204962    
 -0.467017621    
 -0.462201834    
 -0.455689043    
 -0.448021799    
 -0.439537704    
 -0.430458784    
 -0.420936346    
 -0.411078215    
 -0.400963902    
 -0.390653789    
 -0.380194813    
 -0.369624227    
 -0.358972728    
 -0.348266304    
 -0.337526739    
 -0.326772958    
 -0.316022098    
 -0.305288970    
 -0.294587612    
 -0.283930838    
 -0.273330599    
 -0.262798250    
 -0.252344161    
 -0.241978452    
 -0.231710449    
 -0.221549302    
 -0.211503685    
 -0.201581687    
 -0.191790849    
 -0.182138681    
 -0.172632232    
 -0.163278043    
 -0.154082507    
 -0.145051137    
 -0.136189476    
 -0.127502292    
 -0.118994273    
 -0.110669605    
 -0.102532178    
  -9.45854187E-02
  -8.68324563E-02
  -7.92760625E-02
  -7.19187409E-02
  -6.47625253E-02
  -5.78092448E-02
  -5.10603748E-02
  -4.45171744E-02
  -3.81806344E-02
  -3.20515111E-02
 -0.471391052    
 -0.469208807    
 -0.464398026    
 -0.457878649    
 -0.450183630    
 -0.441642135    
 -0.432469219    
 -0.422809720    
 -0.412765712    
 -0.402411282    
 -0.391802013    
 -0.380979776    
 -0.369977415    
 -0.358821452    
 -0.347533435    
 -0.336130947    
 -0.324629307    
 -0.313041359    
 -0.301378399    
 -0.289650887    
 -0.277868092    
 -0.266038448    
 -0.254169881    
 -0.242269486    
 -0.230344191    
 -0.218400106    
 -0.206443474    
 -0.194479659    
 -0.182514057    
 -0.170551166    
 -0.158595532    
 -0.146651387    
 -0.134722352    
 -0.122811906    
 -0.110922903    
  -9.90577936E-02
  -8.72186646E-02
  -7.54072815E-02
  -6.36249259E-02
  -5.18725850E-02
  -4.01507430E-02
  -2.84595266E-02
  -1.67987309E-02
  -5.16771758E-03
   6.43448299E-03
   1.80091783E-02
   2.95580104E-02
   4.10829298E-02
   5.25862016E-02
   6.40703440E-02
 -0.473710120    
 -0.471535385    
 -0.466734767    
 -0.460216194    
 -0.452502042    
 -0.443912685    
 -0.434655935    
 -0.424870282    
 -0.414651990    
 -0.404069096    
 -0.393172652    
 -0.381999135    
 -0.370577335    
 -0.358929038    
 -0.347071618    
 -0.335018426    
 -0.322780669    
 -0.310367346    
 -0.297786087    
 -0.285043448    
 -0.272145271    
 -0.259096414    
 -0.245901391    
 -0.232563883    
 -0.219087645    
 -0.205475882    
 -0.191731393    
 -0.177856758    
 -0.163854301    
 -0.149725839    
 -0.135472924    
 -0.121096961    
 -0.106598832    
  -9.19790789E-02
  -7.72378892E-02
  -6.23750128E-02
  -4.73897383E-02
  -3.22810709E-02
  -1.70475189E-02
  -1.68719329E-03
   1.38022276E-02
   2.94234622E-02
   4.51796912E-02
   6.10744841E-02
   7.71117732E-02
   9.32958871E-02
  0.109631538    
  0.126123771    
  0.142778039    
  0.159599945    
 -0.476161748    
 -0.473997205    
 -0.469212741    
 -0.462703258    
 -0.454979807    
 -0.446354210    
 -0.437026143    
 -0.427127868    
 -0.416749597    
 -0.405953676    
 -0.394786209    
 -0.383278519    
 -0.371454984    
 -0.359332681    
 -0.346924782    
 -0.334240377    
 -0.321286589    
 -0.308068573    
 -0.294589967    
 -0.280853719    
 -0.266861975    
 -0.252616107    
 -0.238117084    
 -0.223365471    
 -0.208361760    
 -0.193105966    
 -0.177597791    
 -0.161837056    
 -0.145822927    
 -0.129554570    
 -0.113030709    
  -9.62500572E-02
  -7.92107135E-02
  -6.19107261E-02
  -4.43475321E-02
  -2.65182257E-02
  -8.41955282E-03
   9.95216239E-03
   2.86010355E-02
   4.75316308E-02
   6.67489767E-02
   8.62584785E-02
  0.106066130    
  0.126178220    
  0.146601677    
  0.167343512    
  0.188411489    
  0.209813699    
  0.231558532    
  0.253654689    
 -0.478745162    
 -0.476593912    
 -0.471832305    
 -0.465341002    
 -0.457619727    
 -0.448970705    
 -0.439586341    
 -0.429591596    
 -0.419070899    
 -0.408081174    
 -0.396662980    
 -0.384842932    
 -0.372640610    
 -0.360068858    
 -0.347136050    
 -0.333847404    
 -0.320205867    
 -0.306212544    
 -0.291867316    
 -0.277169317    
 -0.262117028    
 -0.246708319    
 -0.230940700    
 -0.214811698    
 -0.198318332    
 -0.181457624    
 -0.164226264    
 -0.146621048    
 -0.128638536    
 -0.110275097    
  -9.15267393E-02
  -7.23895207E-02
  -5.28591201E-02
  -3.29309329E-02
  -1.25999674E-02
   8.13911762E-03
   2.92920191E-02
   5.08648977E-02
   7.28643015E-02
   9.52973142E-02
  0.118171386    
  0.141494453    
  0.165275186    
  0.189522371    
  0.214245602    
  0.239454761    
  0.265160263    
  0.291372925    
  0.318103939    
  0.345365107    
 -0.481459826    
 -0.479324937    
 -0.474593520    
 -0.468130648    
 -0.460424274    
 -0.451766819    
 -0.442342639    
 -0.432270348    
 -0.421627969    
 -0.410466939    
 -0.398822516    
 -0.386716574    
 -0.374163896    
 -0.361172915    
 -0.347747713    
 -0.333889037    
 -0.319595933    
 -0.304865479    
 -0.289693773    
 -0.274076253    
 -0.258007497    
 -0.241482019    
 -0.224494129    
 -0.207037821    
 -0.189106956    
 -0.170695558    
 -0.151797459    
 -0.132406518    
 -0.112516694    
  -9.21216309E-02
  -7.12148249E-02
  -4.97898310E-02
  -2.78399438E-02
  -5.35819633E-03
   1.76626705E-02
   4.12302539E-02
   6.53524771E-02
   9.00377557E-02
  0.115294866    
  0.141133115    
  0.167562187    
  0.194592237    
  0.222234353    
  0.250499785    
  0.279400468    
  0.308948636    
  0.339157552    
  0.370040387    
  0.401610970    
  0.433883846    
 -0.484304547    
 -0.482189536    
 -0.477496266    
 -0.471073061    
 -0.463395387    
 -0.454746008    
 -0.445301026    
 -0.435172528    
 -0.424432069    
 -0.413125813    
 -0.401283532    
 -0.388922870    
 -0.376053512    
 -0.362679362    
 -0.348800361    
 -0.334413141    
 -0.319512546    
 -0.304091692    
 -0.288143009    
 -0.271658063    
 -0.254627794    
 -0.237043500    
 -0.218895838    
 -0.200175688    
 -0.180873603    
 -0.160980761    
 -0.140488058    
 -0.119386762    
  -9.76680219E-02
  -7.53229782E-02
  -5.23428768E-02
  -2.87188534E-02
  -4.44197375E-03
   2.04968601E-02
   4.61069755E-02
   7.23979995E-02
   9.93798450E-02
  0.127062872    
  0.155457854    
  0.184575915    
  0.214428902    
  0.245028928    
  0.276388973    
  0.308522582    
  0.341443807    
  0.375166953    
  0.409707427    
  0.445080847    
  0.481303543    
  0.518392622    
 -0.487278312    
 -0.485186785    
 -0.480540097    
 -0.474168658    
 -0.466534883    
 -0.457911730    
 -0.448466718    
 -0.438305646    
 -0.427493721    
 -0.416071534    
 -0.404063970    
 -0.391483754    
 -0.378336310    
 -0.364620745    
 -0.350332916    
 -0.335465461    
 -0.320009083    
 -0.303953081    
 -0.287285924    
 -0.269995630    
 -0.252069592    
 -0.233495504    
 -0.214260712    
 -0.194352880    
 -0.173759609    
 -0.152468979    
 -0.130469218    
 -0.107748799    
  -8.42964128E-02
  -6.01008460E-02
  -3.51510309E-02
  -9.43596289E-03
   1.70553010E-02
   4.43338118E-02
   7.24107176E-02
  0.101297453    
  0.131005570    
  0.161547095    
  0.192934498    
  0.225180507    
  0.258298516    
  0.292302489    
  0.327207118    
  0.363027543    
  0.399779350    
  0.437479198    
  0.476144135    
  0.515792072    
  0.556441069    
  0.598110497    
 -0.490379542    
 -0.488315463    
 -0.483724326    
 -0.477417558    
 -0.469844103    
 -0.461266547    
 -0.451844484    
 -0.441676557    
 -0.430822253    
 -0.419316769    
 -0.407179981    
 -0.394419909    
 -0.381037354    
 -0.367027730    
 -0.352382183    
 -0.337089539    
 -0.321136296    
 -0.304508179    
 -0.287189960    
 -0.269165903    
 -0.250419855    
 -0.230936036    
 -0.210698515    
 -0.189691827    
 -0.167900562    
 -0.145309880    
 -0.121905230    
  -9.76724699E-02
  -7.25979432E-02
  -4.66681458E-02
  -1.98698677E-02
   7.80984340E-03
   3.63837779E-02
   6.58646822E-02
   9.62652788E-02
  0.127598479    
  0.159877256    
  0.193114907    
  0.227325246    
  0.262522310    
  0.298720747    
  0.335935831    
  0.374183387    
  0.413479954    
  0.453842372    
  0.495288968    
  0.537838459    
  0.581510186    
  0.626323998    
  0.672300994    
 -0.493606448    
 -0.491574049    
 -0.487047881    
 -0.480819643    
 -0.473323852    
 -0.464812785    
 -0.455438018    
 -0.445291191    
 -0.434426337    
 -0.422873110    
 -0.410646260    
 -0.397749901    
 -0.384180307    
 -0.369928688    
 -0.354982138    
 -0.339325488    
 -0.322941452    
 -0.305812150    
 -0.287918478    
 -0.269241244    
 -0.249760792    
 -0.229457885    
 -0.208313361    
 -0.186308652    
 -0.163425341    
 -0.139645591    
 -0.114952333    
  -8.93288553E-02
  -6.27591237E-02
  -3.52275111E-02
  -6.71883300E-03
   2.27816906E-02
   5.32884747E-02
   8.48157629E-02
  0.117377579    
  0.150988027    
  0.185661152    
  0.221411228    
  0.258252949    
  0.296201169    
  0.335271567    
  0.375480026    
  0.416843206    
  0.459378630    
  0.503104150    
  0.548038900    
  0.594202697    
  0.641616225    
  0.690300465    
  0.740278065    
 -0.496957302    
 -0.494960815    
 -0.490509540    
 -0.484374195    
 -0.476974398    
 -0.468551904    
 -0.459250391    
 -0.449154526    
 -0.438313067    
 -0.426750273    
 -0.414476126    
 -0.401490659    
 -0.387786120    
 -0.373349279    
 -0.358163834    
 -0.342210293    
 -0.325468242    
 -0.307915777    
 -0.289530277    
 -0.270289123    
 -0.250169128    
 -0.229147747    
 -0.207202628    
 -0.184311986    
 -0.160454571    
 -0.135609701    
 -0.109757550    
  -8.28790292E-02
  -5.49557358E-02
  -2.59700082E-02
   4.09519766E-03
   3.52563225E-02
   6.75292388E-02
  0.100929506    
  0.135472164    
  0.171172217    
  0.208044410    
  0.246103689    
  0.285365075    
  0.325843960    
  0.367556125    
  0.410518080    
  0.454747021    
  0.500260413    
  0.547076404    
  0.595214963    
  0.644696236    
  0.695541561    
  0.747772872    
  0.801413655    
 -0.500429869    
 -0.498473674    
 -0.494107783    
 -0.488080233    
 -0.480795532    
 -0.472484946    
 -0.463284105    
 -0.453270972    
 -0.442488581    
 -0.430956811    
 -0.418681026    
 -0.405656844    
 -0.391873121    
 -0.377312481    
 -0.361954808    
 -0.345777363    
 -0.328756005    
 -0.310865164    
 -0.292078853    
 -0.272370964    
 -0.251715064    
 -0.230085313    
 -0.207455918    
 -0.183802366    
 -0.159100339    
 -0.133326247    
 -0.106457613    
  -7.84729570E-02
  -4.93515655E-02
  -1.90737564E-02
   1.23792887E-02
   4.50255647E-02
   7.88822770E-02
  0.113965981    
  0.150292635    
  0.187877789    
  0.226736560    
  0.266884178    
  0.308335572    
  0.351106256    
  0.395211697    
  0.440668285    
  0.487492651    
  0.535702169    
  0.585315108    
  0.636350930    
  0.688829541    
  0.742772758    
  0.798202693    
  0.855142891    
 -0.504021585    
 -0.502110422    
 -0.497840405    
 -0.491936088    
 -0.484786332    
 -0.476611853    
 -0.467540175    
 -0.457642883    
 -0.446957469    
 -0.435499400    
 -0.423270196    
 -0.410260797    
 -0.396457016    
 -0.381837785    
 -0.366379440    
 -0.350055814    
 -0.332839221    
 -0.314700961    
 -0.295611769    
 -0.275541961    
 -0.254461884    
 -0.232342482    
 -0.209154949    
 -0.184871525    
 -0.159464926    
 -0.132908806    
 -0.105178028    
  -7.62485266E-02
  -4.60974164E-02
  -1.47029441E-02
   1.79554708E-02
   5.18973097E-02
   8.71410221E-02
  0.123704009    
  0.161602914    
  0.200853556    
  0.241471365    
  0.283471167    
  0.326867491    
  0.371675313    
  0.417909384    
  0.465584993    
  0.514718235    
  0.565325320    
  0.617423236    
  0.671031415    
  0.726168454    
  0.782855630    
  0.841114700    
  0.900968909    
 -0.507729709    
 -0.505868375    
 -0.501705170    
 -0.495939791    
 -0.488945544    
 -0.480932206    
 -0.472019136    
 -0.462271929    
 -0.451722860    
 -0.440383345    
 -0.428250760    
 -0.415312499    
 -0.401550800    
 -0.386941642    
 -0.371457845    
 -0.355070144    
 -0.337747782    
 -0.319458693    
 -0.300170422    
 -0.279850155    
 -0.258465111    
 -0.235982940    
 -0.212371856    
 -0.187600926    
 -0.161639854    
 -0.134459481    
 -0.106031962    
  -7.63305351E-02
  -4.53301035E-02
  -1.30068194E-02
   2.06617471E-02
   5.56965917E-02
   9.21173245E-02
  0.129942223    
  0.169188350    
  0.209871754    
  0.252007604    
  0.295610130    
  0.340693086    
  0.387270302    
  0.435355216    
  0.484961390    
  0.536103308    
  0.588795900    
  0.643054068    
  0.698895514    
  0.756337523    
  0.815399706    
  0.876102567    
  0.938468456    
 -0.511551321    
 -0.509744465    
 -0.505699158    
 -0.500088990    
 -0.493271142    
 -0.485444367    
 -0.476720452    
 -0.467158526    
 -0.456786454    
 -0.445611566    
 -0.433627665    
 -0.420819044    
 -0.407164186    
 -0.392636538    
 -0.377206177    
 -0.360840291    
 -0.343505770    
 -0.325167149    
 -0.305789202    
 -0.285335988    
 -0.263771772    
 -0.241061047    
 -0.217168853    
 -0.192061350    
 -0.165705055    
 -0.138067976    
 -0.109119281    
  -7.88296834E-02
  -4.71715741E-02
  -1.41188558E-02
   2.03528721E-02
   5.62661812E-02
   9.36419964E-02
  0.132499442    
  0.172856033    
  0.214727759    
  0.258129299    
  0.303074121    
  0.349574864    
  0.397643447    
  0.447291285    
  0.498529822    
  0.551371336    
  0.605827928    
  0.661911964    
  0.719638169    
  0.779021919    
  0.840080082    
  0.902830899    
  0.967294872    
 -0.515483141    
 -0.513735533    
 -0.509819210    
 -0.504380584    
 -0.497760385    
 -0.490146190    
 -0.481642216    
 -0.472301573    
 -0.462148190    
 -0.451185316    
 -0.439403594    
 -0.426784277    
 -0.413303286    
 -0.398931175    
 -0.383635521    
 -0.367380887    
 -0.350131273    
 -0.331848800    
 -0.312495202    
 -0.292031854    
 -0.270420074    
 -0.247621387    
 -0.223597765    
 -0.198312238    
 -0.171728283    
 -0.143810883    
 -0.114526115    
  -8.38420168E-02
  -5.17282002E-02
  -1.81560759E-02
   1.69009138E-02
   5.34672402E-02
   9.15651694E-02
  0.131214991    
  0.172434688    
  0.215240210    
  0.259645700    
  0.305663556    
  0.353304982    
  0.402579486    
  0.453495950    
  0.506063044    
  0.560289145    
  0.616183400    
  0.673754156    
  0.733012795    
  0.793970525    
  0.856640816    
  0.921038866    
  0.987181842    
 -0.519521475    
 -0.517838001    
 -0.514061928    
 -0.508811116    
 -0.502409816    
 -0.495034486    
 -0.486781448    
 -0.477698803    
 -0.467806220    
 -0.457103580    
 -0.445578575    
 -0.433209836    
 -0.419970930    
 -0.405830055    
 -0.390752524    
 -0.374700963    
 -0.357636392    
 -0.339518964    
 -0.320307672    
 -0.299961597    
 -0.278438836    
 -0.255698293    
 -0.231699035    
 -0.206400812    
 -0.179764166    
 -0.151750743    
 -0.122323737    
  -9.14478973E-02
  -5.90898991E-02
  -2.52183266E-02
   1.01959258E-02
   4.71795499E-02
   8.57566446E-02
  0.125948831    
  0.167774916    
  0.211251065    
  0.256390840    
  0.303205669    
  0.351704478    
  0.401894510    
  0.453781724    
  0.507370651    
  0.562665582    
  0.619670630    
  0.678389728    
  0.738829017    
  0.800994694    
  0.864895344    
  0.930541158    
  0.997945428    
 -0.523662508    
 -0.522047818    
 -0.518423140    
 -0.513376653    
 -0.507215500    
 -0.500105143    
 -0.492134452    
 -0.483346552    
 -0.473757118    
 -0.463363081    
 -0.452149838    
 -0.440093696    
 -0.427166075    
 -0.413333416    
 -0.398559123    
 -0.382803857    
 -0.366026819    
 -0.348185897    
 -0.329238057    
 -0.309139699    
 -0.287846625    
 -0.265314966    
 -0.241501018    
 -0.216361359    
 -0.189853385    
 -0.161935613    
 -0.132567793    
 -0.101711355    
  -6.93295375E-02
  -3.53877060E-02
   1.46280683E-04
   3.73019129E-02
   7.61056989E-02
  0.116581090    
  0.158748224    
  0.202623934    
  0.248221621    
  0.295551598    
  0.344620913    
  0.395434231    
  0.447993547    
  0.502299011    
  0.558349550    
  0.616143405    
  0.675678313    
  0.736953795    
  0.799969375    
  0.864726663    
  0.931229949    
  0.999486208    
 -0.527902007    
 -0.526360929    
 -0.522898555    
 -0.518072605    
 -0.512172759    
 -0.505353272    
 -0.497696161    
 -0.489239633    
 -0.479995519    
 -0.469958872    
 -0.459112436    
 -0.447430968    
 -0.434884161    
 -0.421437174    
 -0.407051802    
 -0.391687512    
 -0.375301629    
 -0.357850224    
 -0.339288682    
 -0.319571257    
 -0.298651457    
 -0.276483089    
 -0.253019571    
 -0.228214487    
 -0.202022195    
 -0.174397781    
 -0.145297572    
 -0.114679195    
  -8.25021341E-02
  -4.87279631E-02
  -1.33208372E-02
   2.37522349E-02
   6.25209585E-02
  0.103011489    
  0.145246148    
  0.189243093    
  0.235016271    
  0.282575399    
  0.331926018    
  0.383069992    
  0.436005026    
  0.490726471    
  0.547226787    
  0.605497122    
  0.665527046    
  0.727308035    
  0.790830314    
  0.856087148    
  0.923074067    
  0.991789997    
 -0.532235503    
 -0.530772626    
 -0.527483404    
 -0.522893846    
 -0.517276049    
 -0.510773063    
 -0.503460288    
 -0.495371372    
 -0.486514747    
 -0.476883352    
 -0.466458440    
 -0.455213517    
 -0.443117023    
 -0.430132866    
 -0.416222215    
 -0.401343495    
 -0.385452777    
 -0.368504792    
 -0.350453436    
 -0.331251472    
 -0.310850471    
 -0.289202005    
 -0.266257107    
 -0.241966397    
 -0.216281191    
 -0.189153165    
 -0.160534918    
 -0.130380109    
  -9.86439362E-02
  -6.52836263E-02
  -3.02588213E-02
   6.46789605E-03
   4.49304730E-02
   8.51589292E-02
  0.127178878    
  0.171011224    
  0.216671288    
  0.264169395    
  0.313510358    
  0.364693314    
  0.417712271    
  0.472556978    
  0.529212713    
  0.587661982    
  0.647884548    
  0.709861159    
  0.773570776    
  0.838995039    
  0.906117916    
  0.974927843    
 -0.536658227    
 -0.535277963    
 -0.532172382    
 -0.527834952    
 -0.522519410    
 -0.516357899    
 -0.509419501    
 -0.501733780    
 -0.493305713    
 -0.484126955    
 -0.474177450    
 -0.463430047    
 -0.451852143    
 -0.439407498    
 -0.426056623    
 -0.411757410    
 -0.396465272    
 -0.380134314    
 -0.362717032    
 -0.344165385    
 -0.324429393    
 -0.303458750    
 -0.281202257    
 -0.257608145    
 -0.232624650    
 -0.206200033    
 -0.178283170    
 -0.148823455    
 -0.117771313    
  -8.50790143E-02
  -5.07007912E-02
  -1.45937400E-02
   2.32816301E-02
   6.29607141E-02
  0.104474135    
  0.147847027    
  0.193098322    
  0.240240350    
  0.289278477    
  0.340210557    
  0.393027306    
  0.447712779    
  0.504244864    
  0.562595725    
  0.622733414    
  0.684625089    
  0.748235524    
  0.813530922    
  0.880479753    
  0.949055731    
 -0.541165113    
 -0.539871752    
 -0.536960185    
 -0.532889962    
 -0.527896047    
 -0.522100449    
 -0.515565455    
 -0.508317232    
 -0.500357985    
 -0.491677940    
 -0.482256323    
 -0.472065866    
 -0.461073786    
 -0.449243575    
 -0.436536044    
 -0.422908664    
 -0.408317119    
 -0.392715305    
 -0.376054883    
 -0.358287454    
 -0.339362025    
 -0.319226831    
 -0.297829151    
 -0.275114924    
 -0.251029760    
 -0.225518391    
 -0.198526233    
 -0.169998154    
 -0.139879599    
 -0.108116999    
  -7.46584684E-02
  -3.94544043E-02
  -2.45821313E-03
   3.63727212E-02
   7.70761222E-02
  0.119683839    
  0.164220810    
  0.210704088    
  0.259141922    
  0.309533238    
  0.361866832    
  0.416122258    
  0.472269326    
  0.530269682    
  0.590077460    
  0.651642680    
  0.714911282    
  0.779829562    
  0.846345425    
  0.914412618    
 -0.545750916    
 -0.544548631    
 -0.541840732    
 -0.538052082    
 -0.533398628    
 -0.527992070    
 -0.521888793    
 -0.515110970    
 -0.507659137    
 -0.499522388    
 -0.490679502    
 -0.481103688    
 -0.470762372    
 -0.459619254    
 -0.447636008    
 -0.434770584    
 -0.420979351    
 -0.406216055    
 -0.390432984    
 -0.373581618    
 -0.355610311    
 -0.336466730    
 -0.316097021    
 -0.294445455    
 -0.271455407    
 -0.247068599    
 -0.221227035    
 -0.193871081    
 -0.164941013    
 -0.134377033    
 -0.102120325    
  -6.81132376E-02
  -3.23005468E-02
   5.36971027E-03
   4.49450091E-02
   8.64669904E-02
  0.129969954    
  0.175479516    
  0.223010823    
  0.272567242    
  0.324139297    
  0.377704173    
  0.433225244    
  0.490652591    
  0.549924672    
  0.610970557    
  0.673712909    
  0.738070786    
  0.803964198    
  0.871318579    
 -0.550410032    
 -0.549302757    
 -0.546807826    
 -0.543314278    
 -0.539019167    
 -0.534023821    
 -0.528378785    
 -0.522102833    
 -0.515195251    
 -0.507644176    
 -0.499428838    
 -0.490522653    
 -0.480894119    
 -0.470507890    
 -0.459326982    
 -0.447310179    
 -0.434415370    
 -0.420596838    
 -0.405808121    
 -0.390000820    
 -0.373123884    
 -0.355124742    
 -0.335949451    
 -0.315541178    
 -0.293841571    
 -0.270790309    
 -0.246326104    
 -0.220385268    
 -0.192902848    
 -0.163812891    
 -0.133048788    
 -0.100544058    
  -6.62331954E-02
  -3.00526228E-02
   8.05779360E-03
   4.81532589E-02
   9.02819932E-02
  0.134483233    
  0.180784777    
  0.229200497    
  0.279728025    
  0.332347244    
  0.387018442    
  0.443681926    
  0.502259254    
  0.562655509    
  0.624761999    
  0.688462257    
  0.753637195    
  0.820172131    
 -0.555136681    
 -0.554128170    
 -0.551854670    
 -0.548668981    
 -0.544748962    
 -0.540185690    
 -0.535024047    
 -0.529279649    
 -0.522950888    
 -0.516025484    
 -0.508483350    
 -0.500298798    
 -0.491441965    
 -0.481879175    
 -0.471574575    
 -0.460489005    
 -0.448582023    
 -0.435809761    
 -0.422127247    
 -0.407487243    
 -0.391839802    
 -0.375133455    
 -0.357314438    
 -0.338325858    
 -0.318108797    
 -0.296601385    
 -0.273740053    
 -0.249457732    
 -0.223684773    
 -0.196349248    
 -0.167376786    
 -0.136691421    
 -0.104216121    
  -6.98736906E-02
  -3.35883275E-02
   4.71286755E-03
   4.50975001E-02
   8.76251310E-02
  0.132344037    
  0.179287463    
  0.228469536    
  0.279881746    
  0.333489001    
  0.389227360    
  0.447002888    
  0.506693661    
  0.568152130    
  0.631213188    
  0.695702195    
  0.761445880    
 -0.559924781    
 -0.559018552    
 -0.556974351    
 -0.554108322    
 -0.550578952    
 -0.546467066    
 -0.541811824    
 -0.536626637    
 -0.530908942    
 -0.524646401    
 -0.517820120    
 -0.510405838    
 -0.502375662    
 -0.493698269    
 -0.484339476    
 -0.474262446    
 -0.463429391    
 -0.451798975    
 -0.439328402    
 -0.425972462    
 -0.411683321    
 -0.396411210    
 -0.380103618    
 -0.362705052    
 -0.344156593    
 -0.324396342    
 -0.303359628    
 -0.280977100    
 -0.257175595    
 -0.231877908    
 -0.205002815    
 -0.176464811    
 -0.146174937    
 -0.114041112    
  -7.99693093E-02
  -4.38649431E-02
  -5.63525083E-03
   3.48076560E-02
   7.75427446E-02
  0.122635044    
  0.170129523    
  0.220044583    
  0.272364736    
  0.327034175    
  0.383951753    
  0.442969263    
  0.503892958    
  0.566491365    
  0.630508721    
  0.695682347    
 -0.564768314    
 -0.563967288    
 -0.562159717    
 -0.559624135    
 -0.556499422    
 -0.552856565    
 -0.548729360    
 -0.544128299    
 -0.539050996    
 -0.533485353    
 -0.527414203    
 -0.520814657    
 -0.513661742    
 -0.505926549    
 -0.497577578    
 -0.488580674    
 -0.478901237    
 -0.468501151    
 -0.457340747    
 -0.445377588    
 -0.432567179    
 -0.418862104    
 -0.404212683    
 -0.388565421    
 -0.371863186    
 -0.354045600    
 -0.335048139    
 -0.314801306    
 -0.293229938    
 -0.270253360    
 -0.245784909    
 -0.219731063    
 -0.191991791    
 -0.162460104    
 -0.131022602    
  -9.75602716E-02
  -6.19499944E-02
  -2.40673888E-02
   1.62090212E-02
   5.89920655E-02
  0.104377955    
  0.152436316    
  0.203198001    
  0.256641567    
  0.312680393    
  0.371152252    
  0.431814164    
  0.494347394    
  0.558374405    
  0.623489618    
 -0.569660902    
 -0.568967640    
 -0.567403257    
 -0.565207720    
 -0.562500417    
 -0.559342265    
 -0.555762112    
 -0.551767886    
 -0.547357500    
 -0.542519391    
 -0.537238300    
 -0.531493783    
 -0.525263548    
 -0.518521845    
 -0.511240304    
 -0.503388405    
 -0.494934916    
 -0.485845864    
 -0.476085186    
 -0.465614080    
 -0.454392582    
 -0.442376822    
 -0.429520935    
 -0.415775150    
 -0.401085585    
 -0.385394722    
 -0.368640602    
 -0.350755632    
 -0.331665099    
 -0.311287642    
 -0.289533854    
 -0.266305238    
 -0.241493195    
 -0.214978233    
 -0.186629012    
 -0.156301826    
 -0.123840816    
  -8.90788212E-02
  -5.18406853E-02
  -1.19479429E-02
   3.07728108E-02
   7.64775425E-02
  0.125287205    
  0.177264795    
  0.232388154    
  0.290521413    
  0.351390004    
  0.414569885    
  0.479501218    
  0.545534551    
 -0.574595690    
 -0.574012876    
 -0.572697163    
 -0.570850074    
 -0.568571270    
 -0.565911591    
 -0.562895000    
 -0.559527636    
 -0.555807233    
 -0.551723659    
 -0.547263563    
 -0.542409480    
 -0.537141919    
 -0.531438768    
 -0.525275409    
 -0.518625855    
 -0.511462390    
 -0.503755748    
 -0.495474219    
 -0.486584097    
 -0.477050036    
 -0.466833413    
 -0.455893159    
 -0.444184631    
 -0.431659102    
 -0.418263942    
 -0.403942317    
 -0.388630480    
 -0.372257829    
 -0.354745716    
 -0.336006165    
 -0.315940112    
 -0.294435799    
 -0.271366239    
 -0.246587470    
 -0.219935596    
 -0.191224769    
 -0.160244882    
 -0.126761228    
  -9.05153379E-02
  -5.12299463E-02
  -8.61933921E-03
   3.75913791E-02
   8.76351818E-02
  0.141657203    
  0.199653819    
  0.261401147    
  0.326390117    
  0.393797994    
  0.462538213    
 -0.579566061    
 -0.579095721    
 -0.578033507    
 -0.576542079    
 -0.574701250    
 -0.572551608    
 -0.570112705    
 -0.567389071    
 -0.564378381    
 -0.561072111    
 -0.557459593    
 -0.553525925    
 -0.549255311    
 -0.544629216    
 -0.539627731    
 -0.534229040    
 -0.528410316    
 -0.522147477    
 -0.515413582    
 -0.508180976    
 -0.500419796    
 -0.492097467    
 -0.483179271    
 -0.473626882    
 -0.463398844    
 -0.452449620    
 -0.440728962    
 -0.428181112    
 -0.414742619    
 -0.400342017    
 -0.384897918    
 -0.368316978    
 -0.350491494    
 -0.331295878    
 -0.310583442    
 -0.288181394    
 -0.263885230    
 -0.237452373    
 -0.208596155    
 -0.176977828    
 -0.142202288    
 -0.103816457    
  -6.13177903E-02
  -1.41794570E-02
   3.80951427E-02
   9.58748236E-02
  0.159246206    
  0.227805763    
  0.300445467    
  0.375266761    
 -0.584565043    
 -0.584208906    
 -0.583404183    
 -0.582274139    
 -0.580878854    
 -0.579249024    
 -0.577399373    
 -0.575333059    
 -0.573048294    
 -0.570537925    
 -0.567794442    
 -0.564805627    
 -0.561559916    
 -0.558042526    
 -0.554238319    
 -0.550130546    
 -0.545701563    
 -0.540932715    
 -0.535802841    
 -0.530290723    
 -0.524372995    
 -0.518024027    
 -0.511216521    
 -0.503919780    
 -0.496101409    
 -0.487724513    
 -0.478748858    
 -0.469128668    
 -0.458811879    
 -0.447738886    
 -0.435840607    
 -0.423037052    
 -0.409233630    
 -0.394318104    
 -0.378155470    
 -0.360582381    
 -0.341397643    
 -0.320352942    
 -0.297138602    
 -0.271365911    
 -0.242545441    
 -0.210061178    
 -0.173144698    
 -0.130856216    
  -8.20936635E-02
  -2.56666597E-02
   3.94935608E-02
  0.113883868    
  0.196640521    
  0.284527630    
 -0.589585721    
 -0.589345038    
 -0.588800788    
 -0.588036716    
 -0.587092817    
 -0.585990071    
 -0.584738493    
 -0.583339989    
 -0.581793249    
 -0.580093086    
 -0.578234911    
 -0.576209784    
 -0.574009955    
 -0.571625471    
 -0.569045961    
 -0.566259861    
 -0.563255191    
 -0.560018837    
 -0.556536257    
 -0.552793145    
 -0.548773170    
 -0.544458747    
 -0.539830625    
 -0.534867346    
 -0.529546380    
 -0.523841441    
 -0.517724454    
 -0.511162639    
 -0.504118443    
 -0.496548563    
 -0.488402188    
 -0.479620308    
 -0.470130980    
 -0.459848583    
 -0.448667526    
 -0.436456770    
 -0.423050314    
 -0.408235878    
 -0.391737163    
 -0.373188108    
 -0.352096081    
 -0.327787668    
 -0.299329132    
 -0.265413463    
 -0.224210903    
 -0.173197240    
 -0.109051056    
  -2.79200040E-02
   7.30906352E-02
  0.191158488    
 -0.594620943    
 -0.594496489    
 -0.594214976    
 -0.593819797    
 -0.593331516    
 -0.592760921    
 -0.592113495    
 -0.591389656    
 -0.590589166    
 -0.589709163    
 -0.588747203    
 -0.587698400    
 -0.586558998    
 -0.585323989    
 -0.583987772    
 -0.582544148    
 -0.580987096    
 -0.579309642    
 -0.577504039    
 -0.575563252    
 -0.573478460    
 -0.571240306    
 -0.568838716    
 -0.566262603    
 -0.563499928    
 -0.560536444    
 -0.557357490    
 -0.553945780    
 -0.550280690    
 -0.546339154    
 -0.542093277    
 -0.537510633    
 -0.532551706    
 -0.527168393    
 -0.521300793    
 -0.514873862    
 -0.507789791    
 -0.499920636    
 -0.491095543    
 -0.481078148    
 -0.469533861    
 -0.455973953    
 -0.439657480    
 -0.419414908    
 -0.393320560    
 -0.358054936    
 -0.307630122    
 -0.230821595    
 -0.106543243    
   9.60227177E-02
 -0.599663734    
 -0.599656045    
 -0.599638343    
 -0.599613607    
 -0.599583089    
 -0.599547327    
 -0.599507034    
 -0.599461615    
 -0.599411607    
 -0.599356592    
 -0.599296629    
 -0.599230945    
 -0.599159658    
 -0.599082410    
 -0.598999143    
 -0.598908722    
 -0.598811448    
 -0.598706722    
 -0.598593593    
 -0.598472357    
 -0.598342001    
 -0.598202169    
 -0.598051906    
 -0.597890913    
 -0.597718120    
 -0.597532809    
 -0.597334087    
 -0.597120762    
 -0.596891582    
 -0.596645236    
 -0.596379697    
 -0.596093059    
 -0.595782876    
 -0.595446169    
 -0.595079005    
 -0.594676912    
 -0.594233453    
 -0.593740821    
 -0.593188047    
 -0.592560232    
 -0.591836274    
 -0.590984881    
 -0.589958727    
 -0.588682830    
 -0.587031901    
 -0.584776342    
 -0.581329226    
 -0.573314846    
 -0.524950504    
   0.00000000    
