 -0.227243260    
 -0.226313904    
 -0.224325627    
 -0.221758053    
 -0.218919814    
 -0.216023803    
 -0.213225126    
 -0.210643798    
 -0.208376810    
 -0.206505492    
 -0.205101147    
 -0.204227313    
 -0.203941941    
 -0.204298988    
 -0.205349326    
 -0.207141370    
 -0.209721655    
 -0.213135287    
 -0.217426002    
 -0.222636610    
 -0.228808880    
 -0.235984027    
 -0.244202644    
 -0.253504783    
 -0.263929933    
 -0.275517255    
 -0.288305730    
 -0.302333683    
 -0.317639321    
 -0.334260494    
 -0.352234989    
 -0.371600300    
 -0.392393798    
 -0.414652735    
 -0.438414037    
 -0.463714689    
 -0.490591437    
 -0.519081056    
 -0.549219966    
 -0.581044853    
 -0.614592016    
 -0.649897456    
 -0.686997950    
 -0.725929677    
 -0.766728580    
 -0.809431136    
 -0.854073465    
 -0.900691807    
 -0.949321926    
  -1.00000000    
 -0.227271557    
 -0.226341322    
 -0.224350840    
 -0.221779689    
 -0.218936369    
 -0.216033623    
 -0.213226333    
 -0.210634306    
 -0.208354339    
 -0.206467569    
 -0.205045164    
 -0.204150438    
 -0.203841165    
 -0.204171136    
 -0.205191031    
 -0.206949115    
 -0.209491715    
 -0.212863833    
 -0.217108980    
 -0.222269833    
 -0.228387997    
 -0.235504508    
 -0.243659765    
 -0.252893746    
 -0.263245642    
 -0.274754554    
 -0.287459344    
 -0.301398098    
 -0.316608906    
 -0.333129346    
 -0.350997120    
 -0.370249569    
 -0.390923917    
 -0.413057297    
 -0.436686218    
 -0.461847842    
 -0.488578558    
 -0.516914904    
 -0.546893537    
 -0.578550458    
 -0.611922026    
 -0.647044182    
 -0.683953226    
 -0.722685516    
 -0.763276696    
 -0.805762947    
 -0.850180507    
 -0.896565139    
 -0.944952786    
 -0.995379090    
 -0.227356508    
 -0.226423666    
 -0.224426553    
 -0.221844748    
 -0.218986288    
 -0.216063365    
 -0.213230312    
 -0.210606292    
 -0.208287597    
 -0.206354693    
 -0.204878256    
 -0.203921065    
 -0.203540280    
 -0.203789279    
 -0.204718143    
 -0.206374675    
 -0.208804697    
 -0.212052584    
 -0.216161430    
 -0.221173480    
 -0.227129772    
 -0.234070852    
 -0.242036760    
 -0.251066774    
 -0.261199802    
 -0.272474289    
 -0.284928650    
 -0.298600554    
 -0.313527644    
 -0.329746872    
 -0.347295374    
 -0.366210371    
 -0.386528373    
 -0.408285797    
 -0.431519419    
 -0.456265062    
 -0.482558995    
 -0.510437250    
 -0.539935708    
 -0.571090400    
 -0.603936911    
 -0.638510406    
 -0.674847305    
 -0.712983012    
 -0.752952933    
 -0.794792712    
 -0.838537753    
 -0.884223521    
 -0.931885540    
 -0.981559157    
 -0.227498308    
 -0.226561114    
 -0.224553078    
 -0.221953660    
 -0.219070211    
 -0.216113940    
 -0.213238254    
 -0.210561320    
 -0.208178461    
 -0.206169248    
 -0.204603374    
 -0.203542769    
 -0.203043625    
 -0.203158557    
 -0.203936741    
 -0.205425099    
 -0.207668602    
 -0.210710809    
 -0.214593992    
 -0.219359517    
 -0.225047722    
 -0.231698304    
 -0.239350408    
 -0.248042628    
 -0.257813096    
 -0.268699259    
 -0.280738801    
 -0.293968707    
 -0.308425546    
 -0.324145883    
 -0.341165841    
 -0.359521776    
 -0.379249334    
 -0.400384396    
 -0.422962427    
 -0.447018981    
 -0.472589254    
 -0.499708772    
 -0.528412044    
 -0.558734536    
 -0.590711117    
 -0.624376297    
 -0.659765184    
 -0.696912527    
 -0.735853255    
 -0.776621997    
 -0.819253325    
 -0.863781631    
 -0.910241663    
 -0.958667874    
 -0.227697194    
 -0.226754010    
 -0.224730894    
 -0.222107157    
 -0.219189137    
 -0.216186807    
 -0.213252082    
 -0.210501909    
 -0.208030239    
 -0.205915317    
 -0.204225555    
 -0.203021571    
 -0.202358454    
 -0.202287495    
 -0.202856809    
 -0.204111904    
 -0.206096828    
 -0.208853841    
 -0.212424010    
 -0.216847718    
 -0.222164035    
 -0.228411704    
 -0.235628620    
 -0.243852273    
 -0.253119677    
 -0.263467193    
 -0.274931371    
 -0.287548006    
 -0.301352650    
 -0.316380709    
 -0.332667381    
 -0.350247771    
 -0.369156390    
 -0.389427841    
 -0.411096573    
 -0.434197217    
 -0.458763599    
 -0.484830052    
 -0.512430370    
 -0.541598558    
 -0.572368264    
 -0.604773164    
 -0.638847053    
 -0.674623549    
 -0.712136507    
 -0.751419425    
 -0.792505264    
 -0.835427701    
 -0.880220592    
 -0.926916778    
 -0.227953538    
 -0.227002814    
 -0.224960685    
 -0.222306252    
 -0.219344601    
 -0.216283947    
 -0.213274568    
 -0.210431576    
 -0.207847401    
 -0.205598488    
 -0.203751668    
 -0.202365816    
 -0.201494694    
 -0.201187894    
 -0.201492101    
 -0.202451259    
 -0.204107895    
 -0.206502885    
 -0.209675729    
 -0.213665396    
 -0.218509719    
 -0.224245623    
 -0.230909824    
 -0.238538355    
 -0.247166932    
 -0.256830305    
 -0.267563701    
 -0.279401541    
 -0.292377949    
 -0.306526870    
 -0.321882099    
 -0.338477463    
 -0.356345892    
 -0.375520468    
 -0.396034569    
 -0.417920887    
 -0.441212177    
 -0.465941310    
 -0.492140979    
 -0.519843161    
 -0.549080193    
 -0.579884410    
 -0.612288237    
 -0.646323562    
 -0.682022929    
 -0.719418526    
 -0.758541882    
 -0.799425364    
 -0.842100441    
 -0.886599302    
 -0.228267819    
 -0.227308109    
 -0.225243315    
 -0.222552240    
 -0.219538391    
 -0.216407940    
 -0.213309050    
 -0.210354894    
 -0.207635611    
 -0.205225974    
 -0.203190446    
 -0.201586202    
 -0.200465053    
 -0.199874878    
 -0.199860334    
 -0.200463608    
 -0.201725453    
 -0.203684926    
 -0.206379876    
 -0.209847465    
 -0.214123756    
 -0.219243988    
 -0.225243196    
 -0.232155666    
 -0.240015239    
 -0.248855457    
 -0.258709460    
 -0.269609839    
 -0.281589359    
 -0.294680089    
 -0.308914214    
 -0.324323654    
 -0.340940028    
 -0.358794630    
 -0.377918899    
 -0.398343951    
 -0.420100659    
 -0.443220496    
 -0.467733890    
 -0.493671566    
 -0.521064043    
 -0.549941957    
 -0.580335677    
 -0.612275600    
 -0.645792484    
 -0.680916488    
 -0.717678070    
 -0.756107152    
 -0.796233714    
 -0.838088095    
 -0.228640571    
 -0.227670550    
 -0.225579783    
 -0.222846612    
 -0.219772696    
 -0.216561854    
 -0.213359758    
 -0.210277230    
 -0.207401782    
 -0.204806149    
 -0.202552363    
 -0.200695395    
 -0.199284866    
 -0.198366374    
 -0.197982594    
 -0.198173568    
 -0.198977873    
 -0.200432569    
 -0.202573508    
 -0.205435753    
 -0.209053278    
 -0.213459626    
 -0.218687549    
 -0.224769548    
 -0.231737435    
 -0.239622518    
 -0.248456374    
 -0.258269578    
 -0.269092649    
 -0.280955791    
 -0.293889374    
 -0.307923168    
 -0.323087066    
 -0.339410305    
 -0.356922090    
 -0.375651777    
 -0.395628273    
 -0.416880846    
 -0.439438134    
 -0.463328719    
 -0.488581330    
 -0.515224338    
 -0.543286502    
 -0.572796106    
 -0.603781223    
 -0.636270583    
 -0.670292079    
 -0.705874085    
 -0.743044317    
 -0.781831443    
 -0.229072452    
 -0.228090987    
 -0.225971282    
 -0.223191127    
 -0.220050111    
 -0.216749191    
 -0.213431388    
 -0.210204676    
 -0.207153857    
 -0.204349101    
 -0.201849744    
 -0.199708223    
 -0.197971731    
 -0.196683347    
 -0.195883393    
 -0.195609629    
 -0.195898101    
 -0.196783483    
 -0.198299468    
 -0.200478867    
 -0.203353196    
 -0.206953943    
 -0.211311474    
 -0.216456100    
 -0.222417548    
 -0.229224786    
 -0.236906946    
 -0.245492637    
 -0.255010128    
 -0.265487731    
 -0.276953071    
 -0.289433867    
 -0.302957863    
 -0.317552030    
 -0.333243310    
 -0.350058943    
 -0.368025690    
 -0.387170404    
 -0.407519430    
 -0.429099113    
 -0.451936007    
 -0.476056397    
 -0.501486301    
 -0.528252006    
 -0.556379318    
 -0.585894406    
 -0.616822898    
 -0.649190962    
 -0.683024645    
 -0.718349338    
 -0.229564101    
 -0.228570208    
 -0.226419091    
 -0.223587796    
 -0.220373437    
 -0.216973975    
 -0.213529289    
 -0.210144252    
 -0.206900790    
 -0.203865945    
 -0.201096281    
 -0.198641345    
 -0.196545646    
 -0.194849521    
 -0.193590641    
 -0.192804039    
 -0.192523196    
 -0.192780316    
 -0.193606392    
 -0.195031688    
 -0.197085366    
 -0.199796259    
 -0.203192323    
 -0.207301483    
 -0.212150767    
 -0.217766941    
 -0.224176630    
 -0.231405988    
 -0.239480719    
 -0.248426870    
 -0.258269578    
 -0.269034088    
 -0.280745625    
 -0.293428957    
 -0.307108432    
 -0.321808726    
 -0.337554306    
 -0.354369223    
 -0.372277796    
 -0.391303658    
 -0.411470622    
 -0.432802796    
 -0.455323666    
 -0.479057133    
 -0.504026592    
 -0.530255020    
 -0.557766140    
 -0.586583197    
 -0.616729558    
 -0.648228347    
 -0.230116308    
 -0.229109272    
 -0.226924688    
 -0.224038839    
 -0.220745906    
 -0.217240557    
 -0.213659376    
 -0.210103720    
 -0.206652388    
 -0.203369036    
 -0.200307131    
 -0.197513193    
 -0.195028707    
 -0.192890987    
 -0.191134810    
 -0.189792410    
 -0.188894391    
 -0.188470155    
 -0.188547894    
 -0.189154983    
 -0.190318048    
 -0.192063153    
 -0.194415629    
 -0.197400451    
 -0.201042369    
 -0.205365285    
 -0.210393205    
 -0.216149449    
 -0.222657517    
 -0.229940325    
 -0.238020629    
 -0.246921092    
 -0.256664038    
 -0.267271698    
 -0.278766185    
 -0.291168958    
 -0.304501832    
 -0.318786442    
 -0.334044218    
 -0.350296259    
 -0.367563933    
 -0.385868162    
 -0.405229867    
 -0.425670177    
 -0.447209775    
 -0.469869047    
 -0.493668884    
 -0.518629670    
 -0.544772208    
 -0.572116613    
 -0.230729893    
 -0.229709178    
 -0.227489680    
 -0.224546537    
 -0.221170917    
 -0.217553765    
 -0.213828042    
 -0.210091442    
 -0.206419364    
 -0.202871680    
 -0.199498758    
 -0.196343735    
 -0.193444744    
 -0.190836087    
 -0.188549325    
 -0.186613500    
 -0.185056299    
 -0.183904067    
 -0.183182105    
 -0.182914734    
 -0.183125585    
 -0.183838010    
 -0.185074285    
 -0.186856672    
 -0.189206779    
 -0.192145944    
 -0.195695266    
 -0.199875340    
 -0.204706684    
 -0.210209444    
 -0.216403633    
 -0.223308980    
 -0.230945066    
 -0.239331394    
 -0.248486951    
 -0.258430749    
 -0.269181430    
 -0.280757964    
 -0.293178707    
 -0.306462198    
 -0.320626855    
 -0.335690469    
 -0.351671487    
 -0.368587762    
 -0.386456847    
 -0.405296922    
 -0.425125420    
 -0.445960015    
 -0.467818201    
 -0.490717530    
 -0.231405675    
 -0.230370969    
 -0.228115633    
 -0.225113377    
 -0.221652046    
 -0.217918590    
 -0.214042202    
 -0.210116446    
 -0.206213027    
 -0.202388197    
 -0.198688820    
 -0.195154279    
 -0.191819459    
 -0.188715249    
 -0.185869649    
 -0.183308721    
 -0.181056738    
 -0.179136962    
 -0.177571520    
 -0.176381528    
 -0.175587624    
 -0.175209925    
 -0.175267741    
 -0.175780311    
 -0.176766396    
 -0.178244054    
 -0.180231571    
 -0.182746515    
 -0.185806498    
 -0.189428627    
 -0.193629980    
 -0.198427305    
 -0.203837097    
 -0.209876239    
 -0.216560438    
 -0.223905742    
 -0.231928110    
 -0.240643233    
 -0.250066459    
 -0.260213375    
 -0.271099210    
 -0.282738924    
 -0.295147955    
 -0.308340907    
 -0.322332650    
 -0.337137669    
 -0.352770835    
 -0.369246662    
 -0.386579335    
 -0.404783279    
 -0.232144460    
 -0.231095761    
 -0.228804246    
 -0.225741968    
 -0.222193092    
 -0.218340382    
 -0.214308932    
 -0.210188001    
 -0.206045479    
 -0.201933786    
 -0.197895870    
 -0.193967491    
 -0.190179929    
 -0.186560348    
 -0.183133438    
 -0.179921791    
 -0.176946297    
 -0.174226746    
 -0.171782061    
 -0.169630080    
 -0.167788088    
 -0.166273102    
 -0.165101260    
 -0.164288610    
 -0.163850635    
 -0.163802475    
 -0.164159089    
 -0.164935350    
 -0.166145325    
 -0.167803288    
 -0.169923067    
 -0.172518417    
 -0.175602898    
 -0.179189861    
 -0.183292463    
 -0.187923461    
 -0.193095699    
 -0.198821709    
 -0.205113858    
 -0.211984381    
 -0.219445437    
 -0.227509037    
 -0.236187160    
 -0.245491371    
 -0.255433410    
 -0.266024649    
 -0.277276427    
 -0.289200246    
 -0.301807076    
 -0.315108210    
 -0.232947230    
 -0.231884673    
 -0.229557261    
 -0.226434991    
 -0.222797990    
 -0.218824625    
 -0.214635611    
 -0.210315987    
 -0.205929339    
 -0.201524049    
 -0.197139293    
 -0.192806989    
 -0.188554287    
 -0.184404954    
 -0.180380046    
 -0.176498428    
 -0.172777653    
 -0.169233903    
 -0.165882662    
 -0.162738383    
 -0.159815058    
 -0.157126233    
 -0.154684871    
 -0.152503788    
 -0.150594965    
 -0.148970544    
 -0.147642255    
 -0.146621689    
 -0.145919859    
 -0.145547777    
 -0.145516157    
 -0.145835519    
 -0.146516308    
 -0.147568628    
 -0.149002612    
 -0.150827855    
 -0.153053775    
 -0.155689895    
 -0.158745393    
 -0.162229329    
 -0.166150570    
 -0.170517892    
 -0.175339818    
 -0.180625036    
 -0.186381772    
 -0.192618161    
 -0.199342340    
 -0.206562251    
 -0.214285836    
 -0.222520858    
 -0.233814716    
 -0.232738793    
 -0.230376408    
 -0.227195099    
 -0.223470673    
 -0.219376951    
 -0.215029940    
 -0.210510418    
 -0.205877393    
 -0.201175258    
 -0.196439043    
 -0.191696838    
 -0.186971664    
 -0.182283625    
 -0.177649975    
 -0.173085973    
 -0.168605357    
 -0.164220989    
 -0.159944639    
 -0.155787215    
 -0.151759431    
 -0.147871241    
 -0.144132346    
 -0.140552104    
 -0.137139350    
 -0.133902743    
 -0.130850896    
 -0.127992004    
 -0.125333875    
 -0.122884274    
 -0.120650731    
 -0.118640609    
 -0.116861053    
 -0.115318991    
 -0.114021264    
 -0.112974264    
 -0.112184301    
 -0.111657605    
 -0.111400060    
 -0.111417510    
 -0.111715503    
 -0.112299576    
 -0.113175035    
 -0.114347011    
 -0.115820520    
 -0.117600478    
 -0.119691566    
 -0.122098356    
 -0.124825411    
 -0.127877146    
 -0.234747797    
 -0.233659253    
 -0.231263414    
 -0.228025019    
 -0.224215224    
 -0.220002994    
 -0.215499699    
 -0.210781500    
 -0.205902785    
 -0.200903907    
 -0.195815563    
 -0.190661862    
 -0.185461894    
 -0.180231690    
 -0.174984783    
 -0.169732645    
 -0.164485365    
 -0.159252077    
 -0.154040873    
 -0.148859277    
 -0.143714324    
 -0.138612583    
 -0.133560315    
 -0.128563344    
 -0.123627327    
 -0.118757531    
 -0.113959111    
 -0.109237015    
 -0.104595907    
 -0.100040182    
  -9.55741629E-02
  -9.12019759E-02
  -8.69275406E-02
  -8.27546269E-02
  -7.86866173E-02
  -7.47268870E-02
  -7.08784163E-02
  -6.71441630E-02
  -6.35268167E-02
  -6.00289404E-02
  -5.66528328E-02
  -5.34006767E-02
  -5.02744764E-02
  -4.72760722E-02
  -4.44070958E-02
  -4.16690670E-02
  -3.90633345E-02
  -3.65911163E-02
  -3.42535153E-02
  -3.20515111E-02
 -0.235747188    
 -0.234647050    
 -0.232220024    
 -0.228927448    
 -0.225035667    
 -0.220708579    
 -0.216052696    
 -0.211139515    
 -0.206018850    
 -0.200726643    
 -0.195289493    
 -0.189727247    
 -0.184054986    
 -0.178284943    
 -0.172426596    
 -0.166487545    
 -0.160474285    
 -0.154392168    
 -0.148245573    
 -0.142038524    
 -0.135774449    
 -0.129456431    
 -0.123087272    
 -0.116669267    
 -0.110204704    
 -0.103695571    
  -9.71436650E-02
  -9.05505717E-02
  -8.39177594E-02
  -7.72463530E-02
  -7.05374628E-02
  -6.37919456E-02
  -5.70105016E-02
  -5.01936562E-02
  -4.33416665E-02
  -3.64546180E-02
  -2.95323450E-02
  -2.25745551E-02
  -1.55807203E-02
  -8.55013821E-03
  -1.48188730E-03
   5.62513759E-03
   1.27722342E-02
   1.99609008E-02
   2.71927770E-02
   3.44697013E-02
   4.17937040E-02
   4.91669066E-02
   5.65916337E-02
   6.40703440E-02
 -0.236813635    
 -0.235703170    
 -0.233247787    
 -0.229904979    
 -0.225935981    
 -0.221499354    
 -0.216696665    
 -0.211594701    
 -0.206238806    
 -0.200660214    
 -0.194881484    
 -0.188918069    
 -0.182781324    
 -0.176479250    
 -0.170017496    
 -0.163399935    
 -0.156629071    
 -0.149706572    
 -0.142633244    
 -0.135409430    
 -0.128035009    
 -0.120509565    
 -0.112832345    
 -0.105002202    
  -9.70181003E-02
  -8.88786986E-02
  -8.05824548E-02
  -7.21276700E-02
  -6.35125414E-02
  -5.47350682E-02
  -4.57930751E-02
  -3.66842821E-02
  -2.74062008E-02
  -1.79561581E-02
  -8.33128113E-03
   1.47149421E-03
   1.14554493E-02
   2.16240659E-02
   3.19810212E-02
   4.25302163E-02
   5.32757603E-02
   6.42219335E-02
   7.53733218E-02
   8.67346749E-02
   9.83108506E-02
  0.110107005    
  0.122128479    
  0.134380639    
  0.146869197    
  0.159599945    
 -0.237947747    
 -0.236828551    
 -0.234348282    
 -0.230960235    
 -0.226919964    
 -0.222380906    
 -0.217439309    
 -0.212157309    
 -0.206575662    
 -0.200721025    
 -0.194611892    
 -0.188259348    
 -0.181670889    
 -0.174850360    
 -0.167799696    
 -0.160518810    
 -0.153006375    
 -0.145260468    
 -0.137278140    
 -0.129056185    
 -0.120590910    
 -0.111878343    
 -0.102914281    
  -9.36942697E-02
  -8.42138454E-02
  -7.44683817E-02
  -6.44529834E-02
  -5.41628413E-02
  -4.35928814E-02
  -3.27379778E-02
  -2.15928219E-02
  -1.01520335E-02
   1.58998824E-03
   1.36389816E-02
   2.60009021E-02
   3.86818387E-02
   5.16881458E-02
   6.50263727E-02
   7.87032247E-02
   9.27257389E-02
  0.107101105    
  0.121836670    
  0.136940181    
  0.152419463    
  0.168282688    
  0.184538037    
  0.201194122    
  0.218259633    
  0.235743478    
  0.253654689    
 -0.239150032    
 -0.238023967    
 -0.235523000    
 -0.232095480    
 -0.227991387    
 -0.223358437    
 -0.218287975    
 -0.212837115    
 -0.207042113    
 -0.200925305    
 -0.194500789    
 -0.187775597    
 -0.180753157    
 -0.173433512    
 -0.165814564    
 -0.157892466    
 -0.149662226    
 -0.141118154    
 -0.132253662    
 -0.123062022    
 -0.113535985    
 -0.103668079    
  -9.34507251E-02
  -8.28762203E-02
  -7.19366893E-02
  -6.06242456E-02
  -4.89308350E-02
  -3.68484370E-02
  -2.43689381E-02
  -1.14841079E-02
   1.81437738E-03
   1.55349309E-02
   2.96861287E-02
   4.42766584E-02
   5.93154095E-02
   7.48114288E-02
   9.07739848E-02
  0.107212558    
  0.124136768    
  0.141556621    
  0.159482256    
  0.177923888    
  0.196892381    
  0.216398418    
  0.236453339    
  0.257068396    
  0.278255165    
  0.300025553    
  0.322391421    
  0.345365107    
 -0.240420967    
 -0.239290088    
 -0.236773208    
 -0.233313039    
 -0.229153737    
 -0.224437252    
 -0.219249740    
 -0.213643685    
 -0.207650632    
 -0.201288685    
 -0.194567665    
 -0.187490612    
 -0.180056959    
 -0.172262907    
 -0.164102539    
 -0.155568153    
 -0.146651283    
 -0.137342393    
 -0.127631500    
 -0.117508300    
 -0.106962018    
  -9.59818661E-02
  -8.45569372E-02
  -7.26761669E-02
  -6.03284799E-02
  -4.75028194E-02
  -3.41880620E-02
  -2.03730930E-02
  -6.04679994E-03
   8.80201254E-03
   2.41845790E-02
   4.01121974E-02
   5.65962754E-02
   7.36483186E-02
   9.12799686E-02
  0.109503075    
  0.128329664    
  0.147772044    
  0.167842597    
  0.188553959    
  0.209919006    
  0.231950834    
  0.254663080    
  0.278069347    
  0.302183717    
  0.327020437    
  0.352594018    
  0.378919005    
  0.406010449    
  0.433883846    
 -0.241760805    
 -0.240627453    
 -0.238100037    
 -0.234615013    
 -0.230410218    
 -0.225622073    
 -0.220331416    
 -0.214586109    
 -0.208413109    
 -0.201826274    
 -0.194831267    
 -0.187427416    
 -0.179610103    
 -0.171371698    
 -0.162702605    
 -0.153591558    
 -0.144026414    
 -0.133994117    
 -0.123481221    
 -0.112473927    
 -0.100958124    
  -8.89197662E-02
  -7.63446093E-02
  -6.32184371E-02
  -4.95270044E-02
  -3.52561921E-02
  -2.03918871E-02
  -4.92005004E-03
   1.11733489E-02
   2.79023219E-02
   4.52808626E-02
   6.33229986E-02
   8.20428282E-02
  0.101454504    
  0.121572234    
  0.142410502    
  0.163983852    
  0.186307132    
  0.209395275    
  0.233263448    
  0.257927179    
  0.283401996    
  0.309704095    
  0.336850077    
  0.364856303    
  0.393739611    
  0.423517376    
  0.454206884    
  0.485825896    
  0.518392622    
 -0.243169770    
 -0.242036462    
 -0.239504457    
 -0.236003116    
 -0.231763870    
 -0.226917401    
 -0.221539289    
 -0.215672851    
 -0.209340602    
 -0.202552244    
 -0.195309445    
 -0.187607750    
 -0.179438844    
 -0.170791343    
 -0.161652029    
 -0.152006269    
 -0.141838267    
 -0.131131619    
 -0.119869471    
 -0.108034708    
  -9.56099629E-02
  -8.25779364E-02
  -6.89212531E-02
  -5.46226241E-02
  -3.96647677E-02
  -2.40306128E-02
  -7.70318462E-03
   9.33439471E-03
   2.70988941E-02
   4.56070006E-02
   6.48753196E-02
   8.49204287E-02
  0.105758898    
  0.127407387    
  0.149882481    
  0.173201054    
  0.197379872    
  0.222436070    
  0.248387024    
  0.275250137    
  0.303043038    
  0.331783891    
  0.361491352    
  0.392183810    
  0.423880309    
  0.456600100    
  0.490363002    
  0.525188923    
  0.561097801    
  0.598110497    
 -0.244647816    
 -0.243517339    
 -0.240987152    
 -0.237478927    
 -0.233217329    
 -0.228327230    
 -0.222879201    
 -0.216911823    
 -0.210443437    
 -0.203479841    
 -0.196018770    
 -0.188052118    
 -0.179567963    
 -0.170551524    
 -0.160986081    
 -0.150853500    
 -0.140134707    
 -0.128810033    
 -0.116859399    
 -0.104262434    
  -9.09986570E-02
  -7.70476609E-02
  -6.23890311E-02
  -4.70024906E-02
  -3.08679119E-02
  -1.39653748E-02
   3.72484932E-03
   2.22223047E-02
   4.15463634E-02
   6.17162362E-02
   8.27509388E-02
  0.104669407    
  0.127490595    
  0.151233241    
  0.175916225    
  0.201558486    
  0.228178814    
  0.255796373    
  0.284430593    
  0.314101070    
  0.344827265    
  0.376629442    
  0.409528077    
  0.443543911    
  0.478697538    
  0.515010834    
  0.552505493    
  0.591203868    
  0.631127954    
  0.672300994    
 -0.246194720    
 -0.245070100    
 -0.242548585    
 -0.239043713    
 -0.234772831    
 -0.229855135    
 -0.224356219    
 -0.218310073    
 -0.211731151    
 -0.204621240    
 -0.196974412    
 -0.188779324    
 -0.180020466    
 -0.170679808    
 -0.160737291    
 -0.150171563    
 -0.138960361    
 -0.127080977    
 -0.114510126    
 -0.101224445    
  -8.72004330E-02
  -7.24146962E-02
  -5.68439215E-02
  -4.04650196E-02
  -2.32551098E-02
  -5.19155059E-03
   1.37479762E-02
   3.35855447E-02
   5.43429479E-02
   7.60417655E-02
   9.87033099E-02
  0.122348644    
  0.146998718    
  0.172674388    
  0.199396417    
  0.227185592    
  0.256062508    
  0.286048055    
  0.317163348    
  0.349429548    
  0.382868201    
  0.417501003    
  0.453350067    
  0.490437835    
  0.528786719    
  0.568419993    
  0.609361768    
  0.651635885    
  0.695266306    
  0.740278065    
 -0.247810215    
 -0.246694550    
 -0.244189128    
 -0.240698367    
 -0.236432269    
 -0.231504142    
 -0.225974843    
 -0.219873860    
 -0.213211998    
 -0.205987275    
 -0.198190257    
 -0.189806446    
 -0.180817232    
 -0.171201259    
 -0.160935536    
 -0.149995580    
 -0.138356298    
 -0.125991866    
 -0.112876147    
  -9.89828706E-02
  -8.42856690E-02
  -6.87583610E-02
  -5.23748882E-02
  -3.51094231E-02
  -1.69365034E-02
   2.16906704E-03
   2.22320948E-02
   4.32770178E-02
   6.53278902E-02
   8.84084478E-02
  0.112542108    
  0.137751967    
  0.164060786    
  0.191491231    
  0.220065653    
  0.249806464    
  0.280735821    
  0.312875897    
  0.346249193    
  0.380878270    
  0.416785955    
  0.453995168    
  0.492529601    
  0.532412648    
  0.573668182    
  0.616321087    
  0.660396457    
  0.705919743    
  0.752916694    
  0.801413655    
 -0.249493688    
 -0.248390302    
 -0.245908812    
 -0.242443547    
 -0.238197029    
 -0.233276844    
 -0.227738976    
 -0.221608788    
 -0.214893326    
 -0.207587466    
 -0.199678451    
 -0.191148669    
 -0.181976750    
 -0.172138348    
 -0.161607534    
 -0.150357231    
 -0.138359427    
 -0.125585571    
 -0.112006754    
  -9.75940451E-02
  -8.23183656E-02
  -6.61509410E-02
  -4.90629971E-02
  -3.10263019E-02
  -1.20128384E-02
   8.00499786E-03
   2.90543251E-02
   5.11618257E-02
   7.43536949E-02
   9.86556262E-02
  0.124092959    
  0.150690570    
  0.178472951    
  0.207464278    
  0.237688228    
  0.269168556    
  0.301928580    
  0.335991710    
  0.371381283    
  0.408121020    
  0.446234375    
  0.485745341    
  0.526678503    
  0.569057941    
  0.612908483    
  0.658256054    
  0.705126405    
  0.753546298    
  0.803542614    
  0.855142891    
 -0.251244396    
 -0.250156790    
 -0.247707233    
 -0.244279400    
 -0.240068033    
 -0.235174924    
 -0.229651436    
 -0.223519057    
 -0.216781199    
 -0.209429786    
 -0.201449320    
 -0.192818969    
 -0.183515057    
 -0.173510477    
 -0.162776753    
 -0.151284188    
 -0.139002264    
 -0.125899866    
 -0.111945629    
  -9.71080437E-02
  -8.13555345E-02
  -6.46568611E-02
  -4.69808690E-02
  -2.82968748E-02
  -8.57454073E-03
   1.22160064E-02
   3.41040716E-02
   5.71184307E-02
   8.12872946E-02
  0.106638230    
  0.133198291    
  0.160993934    
  0.190051183    
  0.220395342    
  0.252051473    
  0.285044312    
  0.319398195    
  0.355137140    
  0.392285019    
  0.430866182    
  0.470904708    
  0.512424707    
  0.555451334    
  0.600009084    
  0.646123052    
  0.693819880    
  0.743125260    
  0.794066846    
  0.846671820    
  0.900968909    
 -0.253061354    
 -0.251993150    
 -0.249583930    
 -0.246205822    
 -0.242045715    
 -0.237199724    
 -0.231714502    
 -0.225608021    
 -0.218880400    
 -0.211520866    
 -0.203511253    
 -0.194828197    
 -0.185445577    
 -0.175334111    
 -0.164462924    
 -0.152799994    
 -0.140312597    
 -0.126967251    
 -0.112730354    
  -9.75680500E-02
  -8.14465433E-02
  -6.43322095E-02
  -4.61917333E-02
  -2.69921441E-02
  -6.70089899E-03
   1.47139961E-02
   3.72839309E-02
   6.10396154E-02
   8.60111713E-02
  0.112227939    
  0.139718503    
  0.168510839    
  0.198632240    
  0.230109259    
  0.262967706    
  0.297233105    
  0.332930475    
  0.370084286    
  0.408718616    
  0.448858023    
  0.490526497    
  0.533748090    
  0.578547657    
  0.624949992    
  0.672979593    
  0.722663164    
  0.774026334    
  0.827096403    
  0.881900847    
  0.938468456    
 -0.254943430    
 -0.253898263    
 -0.251537949    
 -0.248222262    
 -0.244130075    
 -0.239351660    
 -0.233929545    
 -0.227877975    
 -0.221194386    
 -0.213865489    
 -0.205870703    
 -0.197184667    
 -0.187778905    
 -0.177622274    
 -0.166681930    
 -0.154923752    
 -0.142313078    
 -0.128814340    
 -0.114391968    
  -9.90099758E-02
  -8.26325938E-02
  -6.52240589E-02
  -4.67489511E-02
  -2.71722618E-02
  -6.45936513E-03
   1.54237393E-02
   3.85103747E-02
   6.28331825E-02
   8.84240344E-02
  0.115313977    
  0.143533036    
  0.173110619    
  0.204075083    
  0.236454070    
  0.270274162    
  0.305561364    
  0.342340916    
  0.380637467    
  0.420475304    
  0.461878181    
  0.504869938    
  0.549473822    
  0.595714390    
  0.643615365    
  0.693200529    
  0.744495630    
  0.797525883    
  0.852317572    
  0.908897877    
  0.967294872    
 -0.256889194    
 -0.255870789    
 -0.253568113    
 -0.250327736    
 -0.246320426    
 -0.241630644    
 -0.236296833    
 -0.230329961    
 -0.223725110    
 -0.216466635    
 -0.208531991    
 -0.199893996    
 -0.190522462    
 -0.180384442    
 -0.169445485    
 -0.157669783    
 -0.145020917    
 -0.131461680    
 -0.116954647    
 -0.101462103    
  -8.49464089E-02
  -6.73699751E-02
  -4.86954600E-02
  -2.88859308E-02
  -7.90486392E-03
   1.42836487E-02
   3.77147682E-02
   6.24229796E-02
   8.84418935E-02
  0.115804128    
  0.144541204    
  0.174683794    
  0.206261277    
  0.239302441    
  0.273834467    
  0.309883535    
  0.347475141    
  0.386633784    
  0.427383274    
  0.469746590    
  0.513746619    
  0.559405863    
  0.606746674    
  0.655792356    
  0.706564665    
  0.759087861    
  0.813385785    
  0.869483531    
  0.927406490    
  0.987181842    
 -0.258897066    
 -0.257909179    
 -0.255672902    
 -0.252520889    
 -0.248615548    
 -0.244035736    
 -0.238815770    
 -0.232963949    
 -0.226473078    
 -0.219325602    
 -0.211497277    
 -0.202959463    
 -0.193680599    
 -0.183626384    
 -0.172761053    
 -0.161047503    
 -0.148447782    
 -0.134923369    
 -0.120435335    
 -0.104944579    
  -8.84117037E-02
  -7.07976148E-02
  -5.20632267E-02
  -3.21698673E-02
  -1.10792592E-02
   1.12462882E-02
   3.48437428E-02
   5.97493351E-02
   8.59983265E-02
  0.113624990    
  0.142662436    
  0.173142567    
  0.205095902    
  0.238552034    
  0.273538828    
  0.310082853    
  0.348209441    
  0.387942821    
  0.429305851    
  0.472320914    
  0.517009139    
  0.563391149    
  0.611487985    
  0.661319911    
  0.712907374    
  0.766271889    
  0.821434736    
  0.878418624    
  0.937247038    
  0.997945428    
 -0.260965168    
 -0.260011494    
 -0.257850438    
 -0.254799932    
 -0.251013726    
 -0.246565223    
 -0.241484955    
 -0.235778689    
 -0.229437292    
 -0.222441599    
 -0.214766309    
 -0.206381500    
 -0.197254524    
 -0.187350228    
 -0.176631823    
 -0.165061221    
 -0.152599499    
 -0.139206976    
 -0.124843679    
 -0.109469190    
  -9.30428877E-02
  -7.55242631E-02
  -5.68728223E-02
  -3.70482765E-02
  -1.60107762E-02
   6.27903920E-03
   2.98598781E-02
   5.47696799E-02
   8.10454488E-02
  0.108723052    
  0.137837231    
  0.168421268    
  0.200507089    
  0.234125078    
  0.269303888    
  0.306070536    
  0.344450235    
  0.384466618    
  0.426141769    
  0.469496638    
  0.514550626    
  0.561322451    
  0.609829724    
  0.660090089    
  0.712121129    
  0.765940726    
  0.821567237    
  0.879019797    
  0.938318729    
  0.999486208    
 -0.263091415    
 -0.262175709    
 -0.260098636    
 -0.257162571    
 -0.253512651    
 -0.249216706    
 -0.244301885    
 -0.238771692    
 -0.232615173    
 -0.225812346    
 -0.218336761    
 -0.210157827    
 -0.201242208    
 -0.191554174    
 -0.181056410    
 -0.169710204    
 -0.157475993    
 -0.144313306    
 -0.130181417    
 -0.115039058    
  -9.88446325E-02
  -8.15565288E-02
  -6.31330088E-02
  -4.35324423E-02
  -2.27135718E-02
  -6.35471777E-04
   2.27422081E-02
   4.74591032E-02
   7.35539943E-02
  0.101064555    
  0.130027190    
  0.160476789    
  0.192446768    
  0.225968793    
  0.261072546    
  0.297785461    
  0.336132944    
  0.376138240    
  0.417822599    
  0.461205274    
  0.506303489    
  0.553133309    
  0.601709187    
  0.652045012    
  0.704153478    
  0.758049190    
  0.813745379    
  0.871256530    
  0.930598676    
  0.991789997    
 -0.265273511    
 -0.264399469    
 -0.262414962    
 -0.259606183    
 -0.256109416    
 -0.251987010    
 -0.247263104    
 -0.241939157    
 -0.236002848    
 -0.229433358    
 -0.222203866    
 -0.214283377    
 -0.205638304    
 -0.196232617    
 -0.186028928    
 -0.174988404    
 -0.163071051    
 -0.150236189    
 -0.136442617    
 -0.121648587    
 -0.105811857    
  -8.88899863E-02
  -7.08404258E-02
  -5.16203493E-02
  -3.11872903E-02
  -9.49891005E-03
   1.34866862E-02
   3.78108472E-02
   6.35141656E-02
   9.06362236E-02
  0.119215310    
  0.149288356    
  0.180890501    
  0.214055091    
  0.248813227    
  0.285193324    
  0.323221356    
  0.362920463    
  0.404311359    
  0.447411388    
  0.492235899    
  0.538797617    
  0.587107420    
  0.637174070    
  0.689005494    
  0.742610157    
  0.797995508    
  0.855169833    
  0.914143264    
  0.974927843    
 -0.267508954    
 -0.266680062    
 -0.264796555    
 -0.262127668    
 -0.258800566    
 -0.254872292    
 -0.250364214    
 -0.245276168    
 -0.239594549    
 -0.233298361    
 -0.226360515    
 -0.218750268    
 -0.210433945    
 -0.201375917    
 -0.191538930    
 -0.180884406    
 -0.169372424    
 -0.156962499    
 -0.143613309    
 -0.129283115    
 -0.113929354    
  -9.75091532E-02
  -7.99793601E-02
  -6.12963699E-02
  -4.14166972E-02
  -2.02967897E-02
   2.10666796E-03
   2.58367099E-02
   5.09357639E-02
   7.74455145E-02
  0.105406471    
  0.134857833    
  0.165837035    
  0.198379695    
  0.232518986    
  0.268285066    
  0.305705100    
  0.344803035    
  0.385599166    
  0.428110063    
  0.472348601    
  0.518324316    
  0.566043913    
  0.615510404    
  0.666725636    
  0.719690919    
  0.774405301    
  0.830869377    
  0.889084756    
  0.949055731    
 -0.269794911    
 -0.269014627    
 -0.267240345    
 -0.264723569    
 -0.261582017    
 -0.257867932    
 -0.253599882    
 -0.248776451    
 -0.243383244    
 -0.237399191    
 -0.230797485    
 -0.223547935    
 -0.215617359    
 -0.206970707    
 -0.197571471    
 -0.187381521    
 -0.176361725    
 -0.164472163    
 -0.151671663    
 -0.137919053    
 -0.123171821    
 -0.107387058    
  -9.05214399E-02
  -7.25309551E-02
  -5.33713661E-02
  -3.29980999E-02
  -1.13666477E-02
   1.15676029E-02
   3.58489938E-02
   6.15213923E-02
   8.86278078E-02
  0.117210239    
  0.147308990    
  0.178962678    
  0.212207362    
  0.247076139    
  0.283598512    
  0.321800113    
  0.361702263    
  0.403321236    
  0.446668506    
  0.491750807    
  0.538569987    
  0.587123513    
  0.637405217    
  0.689407051    
  0.743118227    
  0.798528790    
  0.855629146    
  0.914412618    
 -0.272128433    
 -0.271400094    
 -0.269742876    
 -0.267389864    
 -0.264449239    
 -0.260968536    
 -0.256963938    
 -0.252432704    
 -0.247360259    
 -0.241725907    
 -0.235503286    
 -0.228663221    
 -0.221173406    
 -0.212999731    
 -0.204106912    
 -0.194457889    
 -0.184014618    
 -0.172737956    
 -0.160587817    
 -0.147523731    
 -0.133503720    
 -0.118485436    
 -0.102425724    
  -8.52805525E-02
  -6.70053661E-02
  -4.75549325E-02
  -2.68837865E-02
  -4.94590215E-03
   1.83048919E-02
   4.29147370E-02
   6.89294487E-02
   9.63940993E-02
  0.125352651    
  0.155847579    
  0.187919080    
  0.221604466    
  0.256937146    
  0.293946296    
  0.332656056    
  0.373084128    
  0.415242076    
  0.459134698    
  0.504759967    
  0.552108884    
  0.601166368    
  0.651913345    
  0.704326272    
  0.758380651    
  0.814051867    
  0.871318579    
 -0.274506390    
 -0.273833126    
 -0.272300422    
 -0.270122200    
 -0.267397135    
 -0.264168173    
 -0.260449111    
 -0.256236404    
 -0.251515716    
 -0.246266723    
 -0.240464270    
 -0.234080181    
 -0.227083668    
 -0.219441980    
 -0.211121470    
 -0.202086478    
 -0.192300647    
 -0.181725994    
 -0.170324102    
 -0.158055544    
 -0.144879490    
 -0.130754545    
 -0.115638353    
  -9.94873568E-02
  -8.22570622E-02
  -6.39021471E-02
  -4.43765037E-02
  -2.36330070E-02
  -1.62385928E-03
   2.16992870E-02
   4.63851057E-02
   7.24822283E-02
  0.100038864    
  0.129102319    
  0.159718215    
  0.191929817    
  0.225776494    
  0.261293620    
  0.298510551    
  0.337449700    
  0.378125221    
  0.420542538    
  0.464697063    
  0.510574162    
  0.558149278    
  0.607390106    
  0.658256829    
  0.710705817    
  0.764691770    
  0.820172131    
 -0.276925415    
 -0.276310205    
 -0.274908930    
 -0.272915900    
 -0.270420134    
 -0.267460108    
 -0.264047533    
 -0.260178119    
 -0.255838275    
 -0.251008302    
 -0.245664552    
 -0.239780322    
 -0.233326763    
 -0.226273015    
 -0.218587115    
 -0.210235432    
 -0.201183677    
 -0.191395774    
 -0.180835143    
 -0.169464096    
 -0.157243475    
 -0.144133464    
 -0.130092904    
 -0.115079321    
  -9.90490764E-02
  -8.19571167E-02
  -6.37573227E-02
  -4.44019660E-02
  -2.38420255E-02
  -2.02723802E-03
   2.10938249E-02
   4.55735214E-02
   7.14647472E-02
   9.88204628E-02
  0.127693206    
  0.158133924    
  0.190190852    
  0.223908395    
  0.259325266    
  0.296472788    
  0.335372269    
  0.376034260    
  0.418455392    
  0.462618023    
  0.508488834    
  0.556021035    
  0.605154157    
  0.655818701    
  0.707940459    
  0.761445880    
 -0.279381961    
 -0.278827578    
 -0.277564138    
 -0.275765896    
 -0.273512244    
 -0.270837069    
 -0.267750204    
 -0.264247239    
 -0.260315180    
 -0.255935520    
 -0.251086414    
 -0.245743021    
 -0.239878625    
 -0.233464822    
 -0.226471737    
 -0.218868062    
 -0.210622102    
 -0.201700196    
 -0.192068174    
 -0.181690529    
 -0.170530438    
 -0.158550084    
 -0.145710289    
 -0.131970376    
 -0.117288053    
 -0.101619445    
  -8.49190727E-02
  -6.71393946E-02
  -4.82308194E-02
  -2.81417258E-02
  -6.81838579E-03
   1.57949794E-02
   3.97560261E-02
   6.51240125E-02
   9.19593275E-02
  0.120322607    
  0.150273591    
  0.181869671    
  0.215164036    
  0.250202715    
  0.287021846    
  0.325644046    
  0.366075397    
  0.408300966    
  0.452283114    
  0.497960836    
  0.545249045    
  0.594043732    
  0.644228280    
  0.695682347    
 -0.281872332    
 -0.281381220    
 -0.280261487    
 -0.278666914    
 -0.276666939    
 -0.274291247    
 -0.271547884    
 -0.268432289    
 -0.264932662    
 -0.261031926    
 -0.256710351    
 -0.251945198    
 -0.246712416    
 -0.240986243    
 -0.234739378    
 -0.227943301    
 -0.220569134    
 -0.212586313    
 -0.203963429    
 -0.194667801    
 -0.184665561    
 -0.173921496    
 -0.162399188    
 -0.150060311    
 -0.136864811    
 -0.122770891    
 -0.107734621    
  -9.17096362E-02
  -7.46467337E-02
  -5.64939901E-02
  -3.71962972E-02
  -1.66952424E-02
   5.07101463E-03
   2.81678103E-02
   5.26638143E-02
   7.86306635E-02
  0.106141925    
  0.135272115    
  0.166094422    
  0.198677883    
  0.233083069    
  0.269357711    
  0.307530016    
  0.347601533    
  0.389541298    
  0.433280081    
  0.478707343    
  0.525673568    
  0.573999107    
  0.623489618    
 -0.284392774    
 -0.283967078    
 -0.282996356    
 -0.281613261    
 -0.279877394    
 -0.277814150    
 -0.275430202    
 -0.272720903    
 -0.269675881    
 -0.266279757    
 -0.262515157    
 -0.258361965    
 -0.253798872    
 -0.248803139    
 -0.243350521    
 -0.237415761    
 -0.230973035    
 -0.223995402    
 -0.216454580    
 -0.208321348    
 -0.199565381    
 -0.190154776    
 -0.180056453    
 -0.169235483    
 -0.157654822    
 -0.145275638    
 -0.132056788    
 -0.117954247    
 -0.102920599    
  -8.69050473E-02
  -6.98526204E-02
  -5.17038815E-02
  -3.23942900E-02
  -1.18537322E-02
   9.99393873E-03
   3.32311802E-02
   5.79466149E-02
   8.42346102E-02
  0.112193987    
  0.141925290    
  0.173526958    
  0.207088828    
  0.242683709    
  0.280355126    
  0.320104092    
  0.361874282    
  0.405538559    
  0.450893521    
  0.497665495    
  0.545534551    
 -0.286939144    
 -0.286580890    
 -0.285763711    
 -0.284598947    
 -0.283136368    
 -0.281396955    
 -0.279386222    
 -0.277099788    
 -0.274528772    
 -0.271659821    
 -0.268478096    
 -0.264966398    
 -0.261106461    
 -0.256878793    
 -0.252262622    
 -0.247236416    
 -0.241777703    
 -0.235863432    
 -0.229469121    
 -0.222569495    
 -0.215138197    
 -0.207147434    
 -0.198568135    
 -0.189369485    
 -0.179518566    
 -0.168980569    
 -0.157718450    
 -0.145691812    
 -0.132856756    
 -0.119165488    
 -0.104565434    
  -8.89984518E-02
  -7.23999888E-02
  -5.46979383E-02
  -3.58114429E-02
  -1.56496800E-02
   5.88934589E-03
   2.89198961E-02
   5.35689555E-02
   7.99756944E-02
  0.108289242    
  0.138663590    
  0.171248004    
  0.206171244    
  0.243518740    
  0.283301562    
  0.325419128    
  0.369625568    
  0.415513515    
  0.462538213    
 -0.289507359    
 -0.289218217    
 -0.288558483    
 -0.287617922    
 -0.286436290    
 -0.285030395    
 -0.283404559    
 -0.281555146    
 -0.279474556    
 -0.277151912    
 -0.274575144    
 -0.271730065    
 -0.268601805    
 -0.265174240    
 -0.261430532    
 -0.257352889    
 -0.252923012    
 -0.248121887    
 -0.242929161    
 -0.237324089    
 -0.231284797    
 -0.224788159    
 -0.217809856    
 -0.210323900    
 -0.202302620    
 -0.193716407    
 -0.184533238    
 -0.174718276    
 -0.164232954    
 -0.153034747    
 -0.141076043    
 -0.128303319    
 -0.114655845    
 -0.100063942    
  -8.44472796E-02
  -6.77123591E-02
  -4.97497916E-02
  -3.04310303E-02
  -9.60494578E-03
   1.29058445E-02
   3.73077579E-02
   6.38371259E-02
   9.27563608E-02
  0.124341607    
  0.158856064    
  0.196501076    
  0.237337172    
  0.281177521    
  0.327474117    
  0.375266761    
 -0.292093158    
 -0.291874528    
 -0.291375428    
 -0.290663779    
 -0.289769441    
 -0.288704991    
 -0.287473649    
 -0.286072522    
 -0.284495860    
 -0.282735020    
 -0.280781120    
 -0.278623015    
 -0.276249617    
 -0.273648322    
 -0.270806342    
 -0.267710149    
 -0.264345586    
 -0.260698169    
 -0.256752104    
 -0.252491474    
 -0.247899488    
 -0.242958099    
 -0.237648398    
 -0.231949970    
 -0.225841299    
 -0.219298780    
 -0.212297156    
 -0.204808399    
 -0.196801335    
 -0.188241065    
 -0.179087967    
 -0.169297010    
 -0.158815816    
 -0.147583276    
 -0.135526925    
 -0.122559935    
 -0.108576775    
  -9.34481472E-02
  -7.70139545E-02
  -5.90742342E-02
  -3.93780433E-02
  -1.76101755E-02
   6.62262412E-03
   3.38020585E-02
   6.44956380E-02
   9.93217975E-02
  0.138846651    
  0.183358103    
  0.232459918    
  0.284527630    
 -0.294692248    
 -0.294545144    
 -0.294209152    
 -0.293730050    
 -0.293127745    
 -0.292410731    
 -0.291581154    
 -0.290637046    
 -0.289574444    
 -0.288387269    
 -0.287069827    
 -0.285614282    
 -0.284013212    
 -0.282258123    
 -0.280340344    
 -0.278250545    
 -0.275979251    
 -0.273516566    
 -0.270851582    
 -0.267973721    
 -0.264871240    
 -0.261531979    
 -0.257942855    
 -0.254089683    
 -0.249957740    
 -0.245530471    
 -0.240790382    
 -0.235717759    
 -0.230290517    
 -0.224483654    
 -0.218268573    
 -0.211612433    
 -0.204476267    
 -0.196814030    
 -0.188570067    
 -0.179675892    
 -0.170045704    
 -0.159570843    
 -0.148110539    
 -0.135479435    
 -0.121428885    
 -0.105619431    
  -8.75806659E-02
  -6.66533411E-02
  -4.19117026E-02
  -1.20716402E-02
   2.45729126E-02
   7.00414181E-02
  0.125961840    
  0.191158488    
 -0.297300279    
 -0.297225356    
 -0.297054142    
 -0.296810001    
 -0.296503097    
 -0.296137631    
 -0.295714796    
 -0.295233488    
 -0.294691712    
 -0.294086277    
 -0.293414414    
 -0.292671919    
 -0.291855097    
 -0.290959775    
 -0.289981306    
 -0.288914859    
 -0.287755668    
 -0.286498636    
 -0.285138190    
 -0.283668935    
 -0.282084793    
 -0.280379504    
 -0.278546244    
 -0.276577830    
 -0.274466544    
 -0.272203684    
 -0.269780248    
 -0.267185986    
 -0.264409244    
 -0.261436731    
 -0.258253187    
 -0.254841208    
 -0.251179457    
 -0.247242838    
 -0.243000567    
 -0.238414034    
 -0.233434051    
 -0.227996469    
 -0.222016051    
 -0.215375662    
 -0.207910135    
 -0.199378505    
 -0.189415604    
 -0.177444831    
 -0.162514985    
 -0.142982274    
 -0.115870051    
  -7.55495057E-02
  -1.10903252E-02
   9.60227177E-02
 -0.299912870    
 -0.299910486    
 -0.299904913    
 -0.299897015    
 -0.299887180    
 -0.299875379    
 -0.299861759    
 -0.299846172    
 -0.299828708    
 -0.299809188    
 -0.299787492    
 -0.299763590    
 -0.299737155    
 -0.299708277    
 -0.299676776    
 -0.299642384    
 -0.299604982    
 -0.299564332    
 -0.299520493    
 -0.299473047    
 -0.299421966    
 -0.299366891    
 -0.299307823    
 -0.299244285    
 -0.299176216    
 -0.299103200    
 -0.299025029    
 -0.298941284    
 -0.298851758    
 -0.298755854    
 -0.298653036    
 -0.298543006    
 -0.298424870    
 -0.298297793    
 -0.298160881    
 -0.298012882    
 -0.297852099    
 -0.297676623    
 -0.297483593    
 -0.297269106    
 -0.297027975    
 -0.296752274    
 -0.296429992    
 -0.296042502    
 -0.295558393    
 -0.294922888    
 -0.294018686    
 -0.292191565    
 -0.278055966    
   0.00000000    
