  -3.41459587E-02
  -3.42660323E-02
  -3.45841348E-02
  -3.51270884E-02
  -3.59381810E-02
  -3.70636880E-02
  -3.85491736E-02
  -4.04388793E-02
  -4.27757055E-02
  -4.56013940E-02
  -4.89568599E-02
  -5.28823063E-02
  -5.74173629E-02
  -6.26012310E-02
  -6.84727803E-02
  -7.50705972E-02
  -8.24330002E-02
  -9.05982256E-02
  -9.96042266E-02
 -0.109488949    
 -0.120290086    
 -0.132045344    
 -0.144792363    
 -0.158568636    
 -0.173411608    
 -0.189358696    
 -0.206447333    
 -0.224714741    
 -0.244198158    
 -0.264934808    
 -0.286961973    
 -0.310316771    
 -0.335036337    
 -0.361157954    
 -0.388718516    
 -0.417755276    
 -0.448305249    
 -0.480405569    
 -0.514093220    
 -0.549405217    
 -0.586378515    
 -0.625050008    
 -0.665456772    
 -0.707636058    
 -0.751624346    
 -0.797459006    
 -0.845176995    
 -0.894815207    
 -0.946410537    
  -1.00000000    
  -3.41423005E-02
  -3.42610776E-02
  -3.45760845E-02
  -3.51143256E-02
  -3.59190740E-02
  -3.70365046E-02
  -3.85120474E-02
  -4.03897874E-02
  -4.27124724E-02
  -4.55216542E-02
  -4.88581099E-02
  -5.27618602E-02
  -5.72723597E-02
  -6.24286383E-02
  -6.82693943E-02
  -7.48330504E-02
  -8.21577609E-02
  -9.02815759E-02
  -9.92422774E-02
 -0.109077655    
 -0.119825236    
 -0.131522536    
 -0.144207031    
 -0.157916024    
 -0.172686815    
 -0.188556656    
 -0.205562815    
 -0.223742336    
 -0.243132278    
 -0.263769686    
 -0.285691679    
 -0.308935195    
 -0.333537251    
 -0.359534889    
 -0.386964917    
 -0.415864229    
 -0.446269959    
 -0.478218824    
 -0.511747897    
 -0.546893656    
 -0.583693266    
 -0.622183144    
 -0.662400186    
 -0.704381824    
 -0.748164117    
 -0.793784380    
 -0.841279030    
 -0.890685320    
 -0.942039728    
 -0.995379090    
  -3.41314040E-02
  -3.42463143E-02
  -3.45520526E-02
  -3.50762010E-02
  -3.58619764E-02
  -3.69552597E-02
  -3.84010673E-02
  -4.02430259E-02
  -4.25234139E-02
  -4.52832617E-02
  -4.85628508E-02
  -5.24017029E-02
  -5.68387508E-02
  -6.19125254E-02
  -6.76611960E-02
  -7.41227120E-02
  -8.13347027E-02
  -8.93346444E-02
  -9.81598794E-02
 -0.107847661    
 -0.118435025    
 -0.129958987    
 -0.142456487    
 -0.155964315    
 -0.170519292    
 -0.186158106    
 -0.202917561    
 -0.220834166    
 -0.239944592    
 -0.260285109    
 -0.281892449    
 -0.304803282    
 -0.329053879    
 -0.354680717    
 -0.381720304    
 -0.410209000    
 -0.440183163    
 -0.471679121    
 -0.504733324    
 -0.539382219    
 -0.575662076    
 -0.613608718    
 -0.653258920    
 -0.694649279    
 -0.737815499    
 -0.782794297    
 -0.829621494    
 -0.878334045    
 -0.928967655    
 -0.981559157    
  -3.41135040E-02
  -3.42220105E-02
  -3.45124118E-02
  -3.50132212E-02
  -3.57675776E-02
  -3.68208699E-02
  -3.82174328E-02
  -4.00001407E-02
  -4.22104523E-02
  -4.48886007E-02
  -4.80740182E-02
  -5.18053733E-02
  -5.61207645E-02
  -6.10578991E-02
  -6.66540787E-02
  -7.29463845E-02
  -7.99716264E-02
  -8.77664238E-02
  -9.63672996E-02
 -0.105810612    
 -0.116132610    
 -0.127369449    
 -0.139557183    
 -0.152731851    
 -0.166929349    
 -0.182185516    
 -0.198536277    
 -0.216017470    
 -0.234664679    
 -0.254513621    
 -0.275600076    
 -0.297959745    
 -0.321628094    
 -0.346640855    
 -0.373033345    
 -0.400841713    
 -0.430100977    
 -0.460846961    
 -0.493115038    
 -0.526940644    
 -0.562359393    
 -0.599406660    
 -0.638117671    
 -0.678528309    
 -0.720673978    
 -0.764590204    
 -0.810312390    
 -0.857875645    
 -0.907315612    
 -0.958667874    
  -3.40889953E-02
  -3.41886245E-02
  -3.44577543E-02
  -3.49262133E-02
  -3.56370099E-02
  -3.66348512E-02
  -3.79631259E-02
  -3.96636724E-02
  -4.17768247E-02
  -4.43416648E-02
  -4.73964773E-02
  -5.09787463E-02
  -5.51254153E-02
  -5.98730333E-02
  -6.52577206E-02
  -7.13153332E-02
  -7.80815780E-02
  -8.55918676E-02
  -9.38815176E-02
 -0.102985777    
 -0.112939715    
 -0.123778269    
 -0.135536373    
 -0.148248896    
 -0.161950529    
 -0.176675946    
 -0.192459896    
 -0.209337115    
 -0.227341890    
 -0.246508911    
 -0.266872793    
 -0.288467914    
 -0.311328709    
 -0.335489631    
 -0.360984921    
 -0.387849420    
 -0.416117132    
 -0.445822507    
 -0.477000058    
 -0.509683847    
 -0.543908358    
 -0.579707682    
 -0.617116213    
 -0.656168163    
 -0.696898341    
 -0.739340901    
 -0.783529520    
 -0.829498887    
 -0.877283156    
 -0.926916778    
  -3.40584181E-02
  -3.41467783E-02
  -3.43889184E-02
  -3.48163210E-02
  -3.54718491E-02
  -3.63993086E-02
  -3.76409143E-02
  -3.92371528E-02
  -4.12269682E-02
  -4.36479710E-02
  -4.65369746E-02
  -4.99299690E-02
  -5.38624451E-02
  -5.83694167E-02
  -6.34855703E-02
  -6.92452118E-02
  -7.56825730E-02
  -8.28316137E-02
  -9.07261148E-02
  -9.93998349E-02
 -0.108886421    
 -0.119219229    
 -0.130431771    
 -0.142557383    
 -0.155629396    
 -0.169680819    
 -0.184745073    
 -0.200855270    
 -0.218044430    
 -0.236345515    
 -0.255791694    
 -0.276416093    
 -0.298251390    
 -0.321330518    
 -0.345686674    
 -0.371352553    
 -0.398361146    
 -0.426745355    
 -0.456538141    
 -0.487772107    
 -0.520480096    
 -0.554694772    
 -0.590449452    
 -0.627776206    
 -0.666708708    
 -0.707279563    
 -0.749521077    
 -0.793466568    
 -0.839148462    
 -0.886599302    
  -3.40224542E-02
  -3.40972729E-02
  -3.43069732E-02
  -3.46850157E-02
  -3.52740809E-02
  -3.61169092E-02
  -3.72542851E-02
  -3.87250893E-02
  -4.05665338E-02
  -4.28145379E-02
  -4.55040783E-02
  -4.86694016E-02
  -5.23441769E-02
  -5.65616675E-02
  -6.13547228E-02
  -6.67558685E-02
  -7.27975518E-02
  -7.95119181E-02
  -8.69309753E-02
  -9.50867087E-02
 -0.104010925    
 -0.113735244    
 -0.124291338    
 -0.135710850    
 -0.148025110    
 -0.161265686    
 -0.175463960    
 -0.190651238    
 -0.206858844    
 -0.224117965    
 -0.242459893    
 -0.261916012    
 -0.282517374    
 -0.304295063    
 -0.327280313    
 -0.351504147    
 -0.376997679    
 -0.403792262    
 -0.431918681    
 -0.461408138    
 -0.492291331    
 -0.524599612    
 -0.558363855    
 -0.593614995    
 -0.630384445    
 -0.668702960    
 -0.708601773    
 -0.750111639    
 -0.793263435    
 -0.838088095    
  -3.39819454E-02
  -3.40410620E-02
  -3.42131853E-02
  -3.45340483E-02
  -3.50461043E-02
  -3.57908681E-02
  -3.68074514E-02
  -3.81328762E-02
  -3.98023389E-02
  -4.18497771E-02
  -4.43080924E-02
  -4.72094640E-02
  -5.05854860E-02
  -5.44673130E-02
  -5.88857494E-02
  -6.38712347E-02
  -6.94540888E-02
  -7.56644309E-02
  -8.25321749E-02
  -9.00872201E-02
  -9.83592495E-02
 -0.107377924    
 -0.117172785    
 -0.127773345    
 -0.139209017    
 -0.151509091    
 -0.164703026    
 -0.178820089    
 -0.193889409    
 -0.209940106    
 -0.227001548    
 -0.245102778    
 -0.264273107    
 -0.284541488    
 -0.305936784    
 -0.328488231    
 -0.352224797    
 -0.377175599    
 -0.403369606    
 -0.430835754    
 -0.459602833    
 -0.489699900    
 -0.521156073    
 -0.554000378    
 -0.588261247    
 -0.623968065    
 -0.661149502    
 -0.699834585    
 -0.740052223    
 -0.781831443    
  -3.39378342E-02
  -3.39792706E-02
  -3.41090448E-02
  -3.43654566E-02
  -3.47907059E-02
  -3.54249068E-02
  -3.63052972E-02
  -3.74667607E-02
  -3.89422737E-02
  -4.07634974E-02
  -4.29609939E-02
  -4.55645956E-02
  -4.86035682E-02
  -5.21067046E-02
  -5.61024733E-02
  -6.06189854E-02
  -6.56841770E-02
  -7.13257790E-02
  -7.75714219E-02
  -8.44486579E-02
  -9.19847935E-02
 -0.100207202    
 -0.109143011    
 -0.118819430    
 -0.129263625    
 -0.140502483    
 -0.152563006    
 -0.165472165    
 -0.179256842    
 -0.193944022    
 -0.209560394    
 -0.226132706    
 -0.243688047    
 -0.262252867    
 -0.281853884    
 -0.302517980    
 -0.324271739    
 -0.347142100    
 -0.371155351    
 -0.396338135    
 -0.422717273    
 -0.450319320    
 -0.479170918    
 -0.509298503    
 -0.540728569    
 -0.573488116    
 -0.607603192    
 -0.643100739    
 -0.680007219    
 -0.718349338    
  -3.38911936E-02
  -3.39131318E-02
  -3.39962058E-02
  -3.41815352E-02
  -3.45110185E-02
  -3.50232236E-02
  -3.57533060E-02
  -3.67337987E-02
  -3.79952379E-02
  -3.95667218E-02
  -4.14762534E-02
  -4.37510796E-02
  -4.64178771E-02
  -4.95028459E-02
  -5.30318581E-02
  -5.70304170E-02
  -6.15238436E-02
  -6.65373504E-02
  -7.20959008E-02
  -7.82244653E-02
  -8.49477872E-02
  -9.22906101E-02
 -0.100277543    
 -0.108933218    
 -0.118282117    
 -0.128348649    
 -0.139157236    
 -0.150732234    
 -0.163097858    
 -0.176278636    
 -0.190298632    
 -0.205182090    
 -0.220953345    
 -0.237636581    
 -0.255255580    
 -0.273834795    
 -0.293398321    
 -0.313970238    
 -0.335574508    
 -0.358235121    
 -0.381976128    
 -0.406821549    
 -0.432795644    
 -0.459922403    
 -0.488225728    
 -0.517729402    
 -0.548457682    
 -0.580434203    
 -0.613683045    
 -0.648228347    
  -3.38432193E-02
  -3.38440388E-02
  -3.38765159E-02
  -3.39848213E-02
  -3.42105068E-02
  -3.45904492E-02
  -3.51575576E-02
  -3.59417982E-02
  -3.69710512E-02
  -3.82716283E-02
  -3.98687571E-02
  -4.17868905E-02
  -4.40498814E-02
  -4.66811024E-02
  -4.97035943E-02
  -5.31400666E-02
  -5.70130199E-02
  -6.13448285E-02
  -6.61576763E-02
  -7.14736357E-02
  -7.73147270E-02
  -8.37028772E-02
  -9.06598717E-02
  -9.82074961E-02
 -0.106367528    
 -0.115161523    
 -0.124611124    
 -0.134737745    
 -0.145563111    
 -0.157108620    
 -0.169395685    
 -0.182445854    
 -0.196280465    
 -0.210920885    
 -0.226388499    
 -0.242704526    
 -0.259890258    
 -0.277967155    
 -0.296956390    
 -0.316879123    
 -0.337756664    
 -0.359610051    
 -0.382460743    
 -0.406329960    
 -0.431238860    
 -0.457208335    
 -0.484259784    
 -0.512414157    
 -0.541692913    
 -0.572116613    
  -3.37951928E-02
  -3.37734893E-02
  -3.37519757E-02
  -3.37780602E-02
  -3.38929258E-02
  -3.41316313E-02
  -3.45246419E-02
  -3.50992158E-02
  -3.58803757E-02
  -3.68914306E-02
  -3.81546840E-02
  -3.96915600E-02
  -4.15228754E-02
  -4.36690226E-02
  -4.61499877E-02
  -4.89854664E-02
  -5.21949567E-02
  -5.57978116E-02
  -5.98132201E-02
  -6.42602593E-02
  -6.91578686E-02
  -7.45250657E-02
  -8.03805664E-02
  -8.67432281E-02
  -9.36316699E-02
 -0.101064600    
 -0.109060623    
 -0.117638260    
 -0.126816109    
 -0.136612579    
 -0.147046193    
 -0.158135384    
 -0.169898599    
 -0.182354257    
 -0.195520639    
 -0.209415987    
 -0.224058539    
 -0.239466831    
 -0.255658984    
 -0.272653282    
 -0.290468007    
 -0.309121192    
 -0.328631282    
 -0.349016458    
 -0.370294690    
 -0.392484218    
 -0.415603161    
 -0.439669609    
 -0.464701682    
 -0.490717530    
  -3.37484963E-02
  -3.37030701E-02
  -3.36247087E-02
  -3.35641913E-02
  -3.35622840E-02
  -3.36521231E-02
  -3.38616259E-02
  -3.42151150E-02
  -3.47345993E-02
  -3.54402848E-02
  -3.63513269E-02
  -3.74859385E-02
  -3.88617925E-02
  -4.04960662E-02
  -4.24055234E-02
  -4.46067341E-02
  -4.71159592E-02
  -4.99493852E-02
  -5.31230532E-02
  -5.66528179E-02
  -6.05544746E-02
  -6.48438260E-02
  -6.95364475E-02
  -7.46480376E-02
  -8.01940709E-02
  -8.61900002E-02
  -9.26513821E-02
  -9.95935202E-02
 -0.107031904    
 -0.114981696    
 -0.123458415    
 -0.132477179    
 -0.142053232    
 -0.152202085    
 -0.162938640    
 -0.174278080    
 -0.186235622    
 -0.198826328    
 -0.212065279    
 -0.225967601    
 -0.240548387    
 -0.255822539    
 -0.271805435    
 -0.288511872    
 -0.305956841    
 -0.324155301    
 -0.343122214    
 -0.362872660    
 -0.383421361    
 -0.404783279    
  -3.37045603E-02
  -3.36344726E-02
  -3.34969573E-02
  -3.33463065E-02
  -3.32228169E-02
  -3.31576169E-02
  -3.31759192E-02
  -3.32990214E-02
  -3.35457698E-02
  -3.39331329E-02
  -3.44769359E-02
  -3.51920947E-02
  -3.60929444E-02
  -3.71933058E-02
  -3.85066569E-02
  -4.00462002E-02
  -4.18249071E-02
  -4.38556075E-02
  -4.61510196E-02
  -4.87236865E-02
  -5.15860803E-02
  -5.47507033E-02
  -5.82298413E-02
  -6.20358586E-02
  -6.61809444E-02
  -7.06772879E-02
  -7.55370259E-02
  -8.07723850E-02
  -8.63953605E-02
  -9.24179479E-02
  -9.88521874E-02
 -0.105710074    
 -0.113003545    
 -0.120744653    
 -0.128945246    
 -0.137617171    
 -0.146772221    
 -0.156422243    
 -0.166579038    
 -0.177254349    
 -0.188459992    
 -0.200207666    
 -0.212509274    
 -0.225376353    
 -0.238820687    
 -0.252853900    
 -0.267487615    
 -0.282733530    
 -0.298603177    
 -0.315108210    
  -3.36649120E-02
  -3.35694365E-02
  -3.33710648E-02
  -3.31276320E-02
  -3.28789391E-02
  -3.26540098E-02
  -3.24752778E-02
  -3.23609114E-02
  -3.23264599E-02
  -3.23855281E-02
  -3.25505510E-02
  -3.28330137E-02
  -3.32437716E-02
  -3.37932222E-02
  -3.44914198E-02
  -3.53480875E-02
  -3.63727957E-02
  -3.75749134E-02
  -3.89637202E-02
  -4.05483469E-02
  -4.23378684E-02
  -4.43412922E-02
  -4.65675592E-02
  -4.90256026E-02
  -5.17241545E-02
  -5.46720438E-02
  -5.78780286E-02
  -6.13508932E-02
  -6.50992319E-02
  -6.91316947E-02
  -7.34568760E-02
  -7.80833662E-02
  -8.30197558E-02
  -8.82745758E-02
  -9.38564390E-02
  -9.97736603E-02
 -0.106034733    
 -0.112648003    
 -0.119621985    
 -0.126964942    
 -0.134685323    
 -0.142791420    
 -0.151291549    
 -0.160194069    
 -0.169507280    
 -0.179239362    
 -0.189398527    
 -0.199993029    
 -0.211031064    
 -0.222520858    
  -3.36310752E-02
  -3.35097685E-02
  -3.32494266E-02
  -3.29114795E-02
  -3.25351842E-02
  -3.21474113E-02
  -3.17676999E-02
  -3.14110518E-02
  -3.10896095E-02
  -3.08135543E-02
  -3.05918325E-02
  -3.04324199E-02
  -3.03426217E-02
  -3.03293392E-02
  -3.03990804E-02
  -3.05580609E-02
  -3.08122970E-02
  -3.11677027E-02
  -3.16300020E-02
  -3.22048180E-02
  -3.28977443E-02
  -3.37142795E-02
  -3.46598700E-02
  -3.57399359E-02
  -3.69597785E-02
  -3.83247063E-02
  -3.98400426E-02
  -4.15110178E-02
  -4.33428064E-02
  -4.53405678E-02
  -4.75094430E-02
  -4.98545691E-02
  -5.23810498E-02
  -5.50939329E-02
  -5.79982772E-02
  -6.10990711E-02
  -6.44012317E-02
  -6.79097772E-02
  -7.16295764E-02
  -7.55655468E-02
  -7.97225386E-02
  -8.41054693E-02
  -8.87190923E-02
  -9.35683027E-02
  -9.86578465E-02
 -0.103992529    
 -0.109577097    
 -0.115416214    
 -0.121514671    
 -0.127877146    
  -3.36046331E-02
  -3.34573053E-02
  -3.31345014E-02
  -3.27012427E-02
  -3.21962051E-02
  -3.16440277E-02
  -3.10613587E-02
  -3.04599330E-02
  -2.98484564E-02
  -2.92336438E-02
  -2.86208764E-02
  -2.80145742E-02
  -2.74184868E-02
  -2.68359073E-02
  -2.62697823E-02
  -2.57227644E-02
  -2.51973048E-02
  -2.46957298E-02
  -2.42202077E-02
  -2.37728376E-02
  -2.33556386E-02
  -2.29705684E-02
  -2.26195492E-02
  -2.23044269E-02
  -2.20270250E-02
  -2.17891149E-02
  -2.15924568E-02
  -2.14387886E-02
  -2.13297736E-02
  -2.12670565E-02
  -2.12522801E-02
  -2.12870650E-02
  -2.13729776E-02
  -2.15115920E-02
  -2.17043981E-02
  -2.19529141E-02
  -2.22585704E-02
  -2.26228200E-02
  -2.30470505E-02
  -2.35326588E-02
  -2.40809899E-02
  -2.46933810E-02
  -2.53711473E-02
  -2.61155944E-02
  -2.69279685E-02
  -2.78095249E-02
  -2.87614670E-02
  -2.97849905E-02
  -3.08812782E-02
  -3.20515111E-02
  -3.35871689E-02
  -3.34138907E-02
  -3.30287702E-02
  -3.25003453E-02
  -3.18666846E-02
  -3.11501734E-02
  -3.03645153E-02
  -2.95181777E-02
  -2.86164079E-02
  -2.76624113E-02
  -2.66580172E-02
  -2.56040581E-02
  -2.45006830E-02
  -2.33476199E-02
  -2.21441984E-02
  -2.08894741E-02
  -1.95823442E-02
  -1.82215311E-02
  -1.68056320E-02
  -1.53331878E-02
  -1.38026467E-02
  -1.22124096E-02
  -1.05608394E-02
  -8.84624012E-03
  -7.06688967E-03
  -5.22103114E-03
  -3.30688199E-03
  -1.32263871E-03
   7.33544177E-04
   2.86352914E-03
   5.06920414E-03
   7.35247461E-03
   9.71528422E-03
   1.21596074E-02
   1.46874478E-02
   1.73008181E-02
   2.00017728E-02
   2.27924101E-02
   2.56748293E-02
   2.86511797E-02
   3.17236371E-02
   3.48943621E-02
   3.81656326E-02
   4.15396430E-02
   4.50186767E-02
   4.86050211E-02
   5.23010120E-02
   5.61089627E-02
   6.00312799E-02
   6.40703440E-02
  -3.35802622E-02
  -3.33813690E-02
  -3.29346918E-02
  -3.23122069E-02
  -3.15513238E-02
  -3.06721460E-02
  -2.96854470E-02
  -2.85964180E-02
  -2.74068937E-02
  -2.61165369E-02
  -2.47236565E-02
  -2.32254881E-02
  -2.16186550E-02
  -1.98992658E-02
  -1.80630907E-02
  -1.61056127E-02
  -1.40221510E-02
  -1.18078636E-02
  -9.45779774E-03
  -6.96693221E-03
  -4.33017593E-03
  -1.54238869E-03
   1.40161160E-03
   4.50703781E-03
   7.77914049E-03
   1.12231886E-02
   1.48444809E-02
   1.86483338E-02
   2.26400867E-02
   2.68250983E-02
   3.12087443E-02
   3.57964449E-02
   4.05936204E-02
   4.56057526E-02
   5.08383512E-02
   5.62968925E-02
   6.19868897E-02
   6.79139942E-02
   7.40837455E-02
   8.05018470E-02
   8.71739015E-02
   9.41055939E-02
  0.101302706    
  0.108771034    
  0.116516247    
  0.124544173    
  0.132860661    
  0.141471505    
  0.150382653    
  0.159599945    
  -3.35854776E-02
  -3.33615653E-02
  -3.28547172E-02
  -3.21402252E-02
  -3.12547646E-02
  -3.02162133E-02
  -2.90323794E-02
  -2.77052373E-02
  -2.62332391E-02
  -2.46125665E-02
  -2.28380375E-02
  -2.09033620E-02
  -1.88016407E-02
  -1.65254455E-02
  -1.40670184E-02
  -1.14183221E-02
  -8.57113861E-03
  -5.51712001E-03
  -2.24780571E-03
   1.24533556E-03
   4.97088861E-03
   8.93748831E-03
   1.31538026E-02
   1.76285189E-02
   2.23703608E-02
   2.73880679E-02
   3.26903798E-02
   3.82861011E-02
   4.41839769E-02
   5.03928438E-02
   5.69214635E-02
   6.37787506E-02
   7.09735006E-02
   7.85147175E-02
   8.64113271E-02
   9.46721435E-02
  0.103306212    
  0.112322547    
  0.121730126    
  0.131538108    
  0.141755536    
  0.152391523    
  0.163455307    
  0.174956039    
  0.186903015    
  0.199305311    
  0.212172329    
  0.225513309    
  0.239337653    
  0.253654689    
  -3.36043313E-02
  -3.33562568E-02
  -3.27912495E-02
  -3.19877081E-02
  -3.09815872E-02
  -2.97884922E-02
  -2.84133758E-02
  -2.68550180E-02
  -2.51085553E-02
  -2.31667925E-02
  -2.10211053E-02
  -1.86617691E-02
  -1.60784256E-02
  -1.32602118E-02
  -1.01959025E-02
  -6.87401835E-03
  -3.28290043E-03
   5.89241972E-04
   4.75429511E-03
   9.22422111E-03
   1.40110124E-02
   1.91267207E-02
   2.45834179E-02
   3.03932000E-02
   3.65681574E-02
   4.31204289E-02
   5.00621088E-02
   5.74053712E-02
   6.51623532E-02
   7.33452365E-02
   8.19661245E-02
   9.10372511E-02
  0.100570828    
  0.110579148    
  0.121074423    
  0.132068932    
  0.143574953    
  0.155604884    
  0.168171123    
  0.181286082    
  0.194962084    
  0.209211603    
  0.224047273    
  0.239481583    
  0.255527109    
  0.272196442    
  0.289502293    
  0.307457179    
  0.326073885    
  0.345365107    
  -3.36383097E-02
  -3.33671719E-02
  -3.27466056E-02
  -3.18579003E-02
  -3.07362285E-02
  -2.93949805E-02
  -2.78362893E-02
  -2.60558724E-02
  -2.40456313E-02
  -2.17950847E-02
  -1.92922894E-02
  -1.65241882E-02
  -1.34770842E-02
  -1.01367673E-02
  -6.48867339E-03
  -2.51798145E-03
   1.79029431E-03
   6.45127706E-03
   1.14801731E-02
   1.68922599E-02
   2.27028355E-02
   2.89272517E-02
   3.55808847E-02
   4.26790901E-02
   5.02372533E-02
   5.82707673E-02
   6.67950064E-02
   7.58253559E-02
   8.53772983E-02
   9.54661593E-02
  0.106107295    
  0.117316201    
  0.129108310    
  0.141499057    
  0.154503867    
  0.168138251    
  0.182417825    
  0.197358176    
  0.212974817    
  0.229283422    
  0.246299461    
  0.264038563    
  0.282516688    
  0.301749647    
  0.321753144    
  0.342542976    
  0.364135176    
  0.386545300    
  0.409789503    
  0.433883846    
  -3.36888060E-02
  -3.33959535E-02
  -3.27230170E-02
  -3.17538977E-02
  -3.05229444E-02
  -2.90414151E-02
  -2.73086969E-02
  -2.53175553E-02
  -2.30567809E-02
  -2.05127560E-02
  -1.76703315E-02
  -1.45132858E-02
  -1.10247014E-02
  -7.18716066E-03
  -2.98290793E-03
   1.60607824E-03
   6.59797760E-03
   1.20111005E-02
   1.78638361E-02
   2.41746381E-02
   3.09619606E-02
   3.82443480E-02
   4.60403003E-02
   5.43683544E-02
   6.32469654E-02
   7.26946965E-02
   8.27300251E-02
   9.33714807E-02
  0.104637608    
  0.116546772    
  0.129117578    
  0.142368481    
  0.156317979    
  0.170984641    
  0.186386839    
  0.202543288    
  0.219472572    
  0.237193376    
  0.255724162    
  0.275083631    
  0.295290530    
  0.316363364    
  0.338321269    
  0.361183077    
  0.384967595    
  0.409693539    
  0.435380191    
  0.462046176    
  0.489710569    
  0.518392622    
  -3.37571576E-02
  -3.34441587E-02
  -3.27225849E-02
  -3.16786319E-02
  -3.03458050E-02
  -2.87332684E-02
  -2.68377960E-02
  -2.46493407E-02
  -2.21537445E-02
  -1.93343908E-02
  -1.61731169E-02
  -1.26506723E-02
  -8.74711294E-03
  -4.44197701E-03
   2.85518588E-04
   5.45642339E-03
   1.10919476E-02
   1.72134209E-02
   2.38422453E-02
   3.09998803E-02
   3.87077965E-02
   4.69875112E-02
   5.58605120E-02
   6.53483123E-02
   7.54723474E-02
   8.62541199E-02
   9.77151021E-02
  0.109876677    
  0.122760363    
  0.136387527    
  0.150779560    
  0.165957808    
  0.181943804    
  0.198758915    
  0.216424420    
  0.234961942    
  0.254392773    
  0.274738491    
  0.296020538    
  0.318260461    
  0.341479689    
  0.365700006    
  0.390943199    
  0.417230755    
  0.444584548    
  0.473026365    
  0.502578020    
  0.533261359    
  0.565098047    
  0.598110497    
  -3.38445753E-02
  -3.35132368E-02
  -3.27472650E-02
  -3.16348560E-02
  -3.02086044E-02
  -2.84756720E-02
  -2.64303666E-02
  -2.40599662E-02
  -2.13475600E-02
  -1.82737298E-02
  -1.48174800E-02
  -1.09567242E-02
  -6.66868128E-03
  -1.93006115E-03
   3.28276586E-03
   8.99368152E-03
   1.52267218E-02
   2.20060479E-02
   2.93558817E-02
   3.73005010E-02
   4.58641686E-02
   5.50712161E-02
   6.49459362E-02
   7.55126104E-02
   8.67954567E-02
   9.88187119E-02
  0.111606605    
  0.125183269    
  0.139572948    
  0.154799849    
  0.170887977    
  0.187861294    
  0.205744147    
  0.224560469    
  0.244334370    
  0.265089989    
  0.286851346    
  0.309642434    
  0.333487779    
  0.358411252    
  0.384437144    
  0.411589622    
  0.439893335    
  0.469372630    
  0.500051379    
  0.531954646    
  0.565106571    
  0.599531949    
  0.635255158    
  0.672300994    
  -3.39521766E-02
  -3.36044952E-02
  -3.27988528E-02
  -3.16250995E-02
  -3.01148556E-02
  -2.82733738E-02
  -2.60926727E-02
  -2.35575289E-02
  -2.06484925E-02
  -1.73435416E-02
  -1.36190597E-02
  -9.45037324E-03
  -4.81206924E-03
   3.21754342E-04
   5.97734842E-03
   1.21812001E-02
   1.89599581E-02
   2.63403896E-02
   3.43493186E-02
   4.30136211E-02
   5.23601659E-02
   6.24158457E-02
   7.32075274E-02
   8.47620666E-02
   9.71062854E-02
  0.110266872    
  0.124270648    
  0.139144242    
  0.154914439    
  0.171607941    
  0.189251259    
  0.207870871    
  0.227493390    
  0.248145416    
  0.269853413    
  0.292643934    
  0.316543311    
  0.341578215    
  0.367775261    
  0.395160884    
  0.423761904    
  0.453604907    
  0.484716564    
  0.517123818    
  0.550853252    
  0.585931778    
  0.622386634    
  0.660244942    
  0.699532926    
  0.740278065    
  -3.40809710E-02
  -3.37191224E-02
  -3.28789838E-02
  -3.16516496E-02
  -3.00677381E-02
  -2.81306952E-02
  -2.58304235E-02
  -2.31494065E-02
  -2.00658888E-02
  -1.65554732E-02
  -1.25921704E-02
  -8.14894587E-03
  -3.19801574E-03
   2.28890032E-03
   8.34041927E-03
   1.49853947E-02
   2.22528446E-02
   3.01718991E-02
   3.87717374E-02
   4.80815843E-02
   5.81306890E-02
   6.89482763E-02
   8.05635229E-02
   9.30056646E-02
  0.106303781    
  0.120486952    
  0.135584250    
  0.151624575    
  0.168636948    
  0.186650321    
  0.205693498    
  0.225795299    
  0.246984422    
  0.269289702    
  0.292739809    
  0.317363441    
  0.343189150    
  0.370245486    
  0.398561358    
  0.428165495    
  0.459086597    
  0.491353571    
  0.524995446    
  0.560040951    
  0.596518517    
  0.634457886    
  0.673888028    
  0.714837909    
  0.757336795    
  0.801413655    
  -3.42318155E-02
  -3.38581428E-02
  -3.29890847E-02
  -3.17165330E-02
  -3.00700795E-02
  -2.80514956E-02
  -2.56487336E-02
  -2.28422303E-02
  -1.96081363E-02
  -1.59199741E-02
  -1.17496401E-02
  -7.06798723E-03
  -1.84513698E-03
   3.94930411E-03
   1.03460504E-02
   1.73760653E-02
   2.50704680E-02
   3.34604755E-02
   4.25773673E-02
   5.24524860E-02
   6.31171316E-02
   7.46026412E-02
   8.69402364E-02
  0.100161277    
  0.114296950    
  0.129378304    
  0.145436391    
  0.162502348    
  0.180607051    
  0.199781463    
  0.220056266    
  0.241462424    
  0.264030635    
  0.287791550    
  0.312775731    
  0.339013845    
  0.366536200    
  0.395373464    
  0.425556004    
  0.457114846    
  0.490080178    
  0.524482846    
  0.560353756    
  0.597723305    
  0.636622190    
  0.677081764    
  0.719132364    
  0.762805641    
  0.808131993    
  0.855142891    
  -3.44054215E-02
  -3.40224281E-02
  -3.31303515E-02
  -3.18214782E-02
  -3.01243179E-02
  -2.80390903E-02
  -2.55520176E-02
  -2.26417333E-02
  -1.92825478E-02
  -1.54461768E-02
  -1.11026978E-02
  -6.22112071E-03
  -7.69759878E-04
   5.28359599E-03
   1.19714858E-02
   1.93266850E-02
   2.73821298E-02
   3.61708403E-02
   4.57259454E-02
   5.60805872E-02
   6.72678500E-02
   7.93209150E-02
   9.22728255E-02
  0.106156692    
  0.121005498    
  0.136852160    
  0.153729439    
  0.171670109    
  0.190706983    
  0.210872650    
  0.232199550    
  0.254720241    
  0.278467238    
  0.303472608    
  0.329768687    
  0.357387871    
  0.386362046    
  0.416723341    
  0.448503762    
  0.481735587    
  0.516450882    
  0.552681684    
  0.590460777    
  0.629819691    
  0.670790672    
  0.713407040    
  0.757700145    
  0.803703308    
  0.851448596    
  0.900968909    
  -3.46023627E-02
  -3.42126675E-02
  -3.33037823E-02
  -3.19679193E-02
  -3.02324854E-02
  -2.80962922E-02
  -2.55440194E-02
  -2.25527715E-02
  -1.90953091E-02
  -1.51418243E-02
  -1.06608626E-02
  -5.61991055E-03
   1.42358367E-05
   6.27530506E-03
   1.31973447E-02
   2.08146404E-02
   2.91616656E-02
   3.82729359E-02
   4.81831096E-02
   5.89268431E-02
   7.05387518E-02
   8.30534920E-02
   9.65056866E-02
  0.110929936    
  0.126360700    
  0.142832428    
  0.160379425    
  0.179035723    
  0.198835790    
  0.219813660    
  0.242003143    
  0.265438169    
  0.290152699    
  0.316180199    
  0.343554229    
  0.372308403    
  0.402476162    
  0.434090793    
  0.467185527    
  0.501793683    
  0.537948906    
  0.575684071    
  0.615032852    
  0.656028807    
  0.698704600    
  0.743094802    
  0.789232433    
  0.837151527    
  0.886885405    
  0.938468456    
  -3.48230526E-02
  -3.44293639E-02
  -3.35101187E-02
  -3.21569666E-02
  -3.03961877E-02
  -2.82253046E-02
  -2.56277248E-02
  -2.25792490E-02
  -1.90514121E-02
  -1.50131732E-02
  -1.04318587E-02
  -5.27375471E-03
   4.95557091E-04
   6.91099232E-03
   1.40078031E-02
   2.18214672E-02
   3.03876624E-02
   3.97421047E-02
   4.99206707E-02
   6.09591752E-02
   7.28935301E-02
   8.57595578E-02
   9.95930806E-02
  0.114429973    
  0.130305827    
  0.147256330    
  0.165316924    
  0.184522986    
  0.204910040    
  0.226513356    
  0.249367759    
  0.273508370    
  0.298970163    
  0.325787842    
  0.353995919    
  0.383628875    
  0.414721131    
  0.447306931    
  0.481420755    
  0.517096460    
  0.554368377    
  0.593270242    
  0.633837104    
  0.676103115    
  0.720101357    
  0.765867412    
  0.813435078    
  0.862839282    
  0.914114237    
  0.967294872    
  -3.50677297E-02
  -3.46728377E-02
  -3.37498635E-02
  -3.23893987E-02
  -3.06165665E-02
  -2.84277573E-02
  -2.58053262E-02
  -2.27240659E-02
  -1.91545952E-02
  -1.50649399E-02
  -1.04215359E-02
  -5.18978480E-03
   6.65602507E-04
   7.18041230E-03
   1.43907629E-02
   2.23330073E-02
   3.10436785E-02
   4.05593961E-02
   5.09168953E-02
   6.21528924E-02
   7.43041933E-02
   8.74075368E-02
  0.101499639    
  0.116617233    
  0.132796884    
  0.150075153    
  0.168488294    
  0.188072771    
  0.208864912    
  0.230900735    
  0.254216015    
  0.278846711    
  0.304828346    
  0.332196862    
  0.360987127    
  0.391234517    
  0.422973990    
  0.456240505    
  0.491068989    
  0.527493894    
  0.565549970    
  0.605271697    
  0.646694005    
  0.689851940    
  0.734778821    
  0.781510711    
  0.830081999    
  0.880527616    
  0.932882428    
  0.987181842    
  -3.53364721E-02
  -3.49432230E-02
  -3.40232663E-02
  -3.26656438E-02
  -3.08943056E-02
  -2.87046582E-02
  -2.60782205E-02
  -2.29891185E-02
  -1.94073189E-02
  -1.53002571E-02
  -1.06338020E-02
  -5.37280831E-03
   5.18548186E-04
   7.07658753E-03
   1.43379560E-02
   2.23395433E-02
   3.11184116E-02
   4.07117195E-02
   5.11567444E-02
   6.24908395E-02
   7.47512653E-02
   8.79754126E-02
  0.102200560    
  0.117464013    
  0.133802965    
  0.151254445    
  0.169855535    
  0.189643145    
  0.210654259    
  0.232925385    
  0.256492972    
  0.281393349    
  0.307662606    
  0.335337222    
  0.364452541    
  0.395044327    
  0.427147627    
  0.460798055    
  0.496030360    
  0.532879651    
  0.571380615    
  0.611567974    
  0.653476477    
  0.697140932    
  0.742595196    
  0.789875329    
  0.839015245    
  0.890050232    
  0.943014979    
  0.997945428    
  -3.56291793E-02
  -3.52404304E-02
  -3.43303047E-02
  -3.29857953E-02
  -3.12296171E-02
  -2.90563740E-02
  -2.64470093E-02
  -2.33752485E-02
  -1.98107325E-02
  -1.57206282E-02
  -1.10705849E-02
  -5.82524436E-03
   5.14163148E-05
   6.59590447E-03
   1.38450479E-02
   2.18359269E-02
   3.06058023E-02
   4.01920341E-02
   5.06321229E-02
   6.19636253E-02
   7.42240176E-02
   8.74509737E-02
  0.101682052    
  0.116954722    
  0.133306503    
  0.150774822    
  0.169396877    
  0.189210072    
  0.210251540    
  0.232558101    
  0.256166518    
  0.281113386    
  0.307435036    
  0.335167915    
  0.364347816    
  0.395010561    
  0.427191168    
  0.460925281    
  0.496247351    
  0.533192635    
  0.571795583    
  0.612090707    
  0.654112279    
  0.697894573    
  0.743471265    
  0.790877700    
  0.840147853    
  0.891316235    
  0.944417238    
  0.999486208    
  -3.59455757E-02
  -3.55642028E-02
  -3.46707143E-02
  -3.33495699E-02
  -3.16222385E-02
  -2.94826496E-02
  -2.69114524E-02
  -2.38822494E-02
  -2.03646533E-02
  -1.63259301E-02
  -1.17318202E-02
  -6.54709991E-03
  -7.35893555E-04
   5.73814008E-03
   1.29116802E-02
   2.08216440E-02
   2.95051448E-02
   3.89993861E-02
   4.93417419E-02
   6.05696552E-02
   7.27205127E-02
   8.58319029E-02
   9.99412611E-02
  0.115086019    
  0.131303668    
  0.148631543    
  0.167107046    
  0.186767399    
  0.207649752    
  0.229791060    
  0.253227979    
  0.277997017    
  0.304134607    
  0.331677049    
  0.360660225    
  0.391119480    
  0.423090070    
  0.456606656    
  0.491704226    
  0.528416872    
  0.566778600    
  0.606823385    
  0.648584723    
  0.692095935    
  0.737390220    
  0.784502029    
  0.833464324    
  0.884310365    
  0.937074184    
  0.991789997    
  -3.62852216E-02
  -3.59140597E-02
  -3.50439548E-02
  -3.37563418E-02
  -3.20714153E-02
  -2.99825929E-02
  -2.74704788E-02
  -2.45088413E-02
  -2.10675932E-02
  -1.71143934E-02
  -1.26154348E-02
  -7.53596798E-03
  -1.84060552E-03
   4.50648833E-03
   1.15414774E-02
   1.93007961E-02
   2.78210361E-02
   3.71389315E-02
   4.72913608E-02
   5.83152920E-02
   7.02477396E-02
   8.31257552E-02
   9.69864726E-02
  0.111866847    
  0.127804130    
  0.144835204    
  0.162997201    
  0.182327077    
  0.202861711    
  0.224637732    
  0.247691572    
  0.272059560    
  0.297777772    
  0.324882120    
  0.353408217    
  0.383391231    
  0.414865792    
  0.447865993    
  0.482426345    
  0.518579781    
  0.556359828    
  0.595799387    
  0.636930883    
  0.679786444    
  0.724397957    
  0.770798385    
  0.819019437    
  0.869093001    
  0.921051383    
  0.974927843    
  -3.66474837E-02
  -3.62893157E-02
  -3.54492217E-02
  -3.42051461E-02
  -3.25759351E-02
  -3.05546895E-02
  -2.81222034E-02
  -2.52527129E-02
  -2.19167136E-02
  -1.80826094E-02
  -1.37173589E-02
  -8.78703315E-03
  -3.25707183E-03
   2.90751341E-03
   9.74204112E-03
   1.72820929E-02
   2.55634040E-02
   3.46219018E-02
   4.44936082E-02
   5.52147217E-02
   6.68214634E-02
   7.93501213E-02
   9.28370580E-02
  0.107318565    
  0.122831143    
  0.139411107    
  0.157094985    
  0.175919056    
  0.195919618    
  0.217132941    
  0.239594921    
  0.263341308    
  0.288407564    
  0.314829320    
  0.342641711    
  0.371879160    
  0.402575612    
  0.434764892    
  0.468480051    
  0.503753603    
  0.540617466    
  0.579103231    
  0.619242311    
  0.661065042    
  0.704601407    
  0.749882877    
  0.796938717    
  0.845799029    
  0.896494389    
  0.949055731    
  -3.70315723E-02
  -3.66891064E-02
  -3.58854830E-02
  -3.46946567E-02
  -3.31341103E-02
  -3.11968010E-02
  -2.88639311E-02
  -2.61104982E-02
  -2.29078997E-02
  -1.92255676E-02
  -1.50315678E-02
  -1.02931196E-02
  -4.97682346E-03
   9.51128197E-04
   7.52486801E-03
   1.47787780E-02
   2.27474272E-02
   3.14655714E-02
   4.09680381E-02
   5.12899198E-02
   6.24662638E-02
   7.45322853E-02
   8.75232965E-02
  0.101474606    
  0.116421625    
  0.132399604    
  0.149444297    
  0.167591125    
  0.186875552    
  0.207332864    
  0.228998408    
  0.251907289    
  0.276094168    
  0.301593989    
  0.328441143    
  0.356669515    
  0.386312336    
  0.417402595    
  0.449972212    
  0.484052479    
  0.519674301    
  0.556867540    
  0.595661938    
  0.636085808    
  0.678167224    
  0.721934736    
  0.767415404    
  0.814636707    
  0.863626301    
  0.914412618    
  -3.74365263E-02
  -3.71123813E-02
  -3.63514274E-02
  -3.52232046E-02
  -3.37437987E-02
  -3.19061764E-02
  -2.96921935E-02
  -2.70778500E-02
  -2.40357611E-02
  -2.05366947E-02
  -1.65501293E-02
  -1.20447502E-02
  -6.98864600E-03
  -1.34950969E-03
   4.90526808E-03
   1.18085528E-02
   1.93934049E-02
   2.76930518E-02
   3.67408469E-02
   4.65703979E-02
   5.72152697E-02
   6.87092692E-02
   8.10863376E-02
   9.43803415E-02
  0.108625397    
  0.123855501    
  0.140105173    
  0.157408610    
  0.175800219    
  0.195314288    
  0.215985164    
  0.237846851    
  0.260933489    
  0.285278827    
  0.310916781    
  0.337880462    
  0.366202205    
  0.395913959    
  0.427046865    
  0.459631175    
  0.493696272    
  0.529270470    
  0.566381633    
  0.605055451    
  0.645317912    
  0.687194109    
  0.730708241    
  0.775884211    
  0.822745919    
  0.871318579    
  -3.78612392E-02
  -3.75578925E-02
  -3.68455276E-02
  -3.57888080E-02
  -3.44024263E-02
  -3.26794945E-02
  -3.06027457E-02
  -2.81494334E-02
  -2.52936967E-02
  -2.20079068E-02
  -1.82632674E-02
  -1.40302200E-02
  -9.27866157E-03
  -3.97810107E-03
   1.90223299E-03
   8.39337148E-03
   1.55265518E-02
   2.33331472E-02
   3.18447277E-02
   4.10930477E-02
   5.11099212E-02
   6.19273484E-02
   7.35775754E-02
   8.60927701E-02
   9.95053872E-02
  0.113847882    
  0.129153192    
  0.145454034    
  0.162783355    
  0.181174308    
  0.200659767    
  0.221272841    
  0.243046612    
  0.266013891    
  0.290207684    
  0.315660268    
  0.342403233    
  0.370467901    
  0.399884552    
  0.430682600    
  0.462889761    
  0.496533543    
  0.531638861    
  0.568229973    
  0.606329143    
  0.645958304    
  0.687137544    
  0.729886532    
  0.774224579    
  0.820172131    
  -3.83044370E-02
  -3.80242355E-02
  -3.73659991E-02
  -3.63891646E-02
  -3.51069979E-02
  -3.35128792E-02
  -3.15906368E-02
  -2.93190163E-02
  -2.66739484E-02
  -2.36296859E-02
  -2.01594364E-02
  -1.62356943E-02
  -1.18304593E-02
  -6.91535464E-03
  -1.46173243E-03
   4.55929665E-03
   1.11768227E-02
   1.84200890E-02
   2.63185408E-02
   3.49017829E-02
   4.41995300E-02
   5.42417131E-02
   6.50584847E-02
   7.66800642E-02
   8.91368613E-02
  0.102459483    
  0.116678968    
  0.131826282    
  0.147932574    
  0.165029421    
  0.183148280    
  0.202320918    
  0.222579271    
  0.243955046    
  0.266480386    
  0.290186673    
  0.315104932    
  0.341266006    
  0.368699670    
  0.397434741    
  0.427498281    
  0.458916187    
  0.491712332    
  0.525908232    
  0.561523438    
  0.598575652    
  0.637080014    
  0.677051008    
  0.718501568    
  0.761445880    
  -3.87647040E-02
  -3.85098234E-02
  -3.79108749E-02
  -3.70217003E-02
  -3.58541273E-02
  -3.44019309E-02
  -3.26502100E-02
  -3.05794757E-02
  -2.81676520E-02
  -2.53911484E-02
  -2.22254470E-02
  -1.86453573E-02
  -1.46252466E-02
  -1.01391459E-02
  -5.16080484E-03
   3.36244033E-04
   6.37864834E-03
   1.29932351E-02
   2.02070083E-02
   2.80471519E-02
   3.65409814E-02
   4.57160398E-02
   5.56000471E-02
   6.62209466E-02
   7.76068345E-02
   8.97860825E-02
  0.102787465    
  0.116639957    
  0.131372660    
  0.147015110    
  0.163597196    
  0.181149021    
  0.199700966    
  0.219283730    
  0.239928290    
  0.261665404    
  0.284525782    
  0.308539897    
  0.333737612    
  0.360147595    
  0.387797385    
  0.416712195    
  0.446915209    
  0.478426427    
  0.511262596    
  0.545437515    
  0.580960572    
  0.617838979    
  0.656077921    
  0.695682347    
  -3.92405204E-02
  -3.90129276E-02
  -3.84779796E-02
  -3.76835689E-02
  -3.66400629E-02
  -3.53417695E-02
  -3.37752327E-02
  -3.19228917E-02
  -2.97649391E-02
  -2.72801686E-02
  -2.44465731E-02
  -2.12415177E-02
  -1.76420100E-02
  -1.36247249E-02
  -9.16607585E-03
  -4.24227631E-03
   1.17061369E-03
   7.09671713E-03
   1.35603370E-02
   2.05859412E-02
   2.81981770E-02
   3.64218652E-02
   4.52820733E-02
   5.48040718E-02
   6.50133342E-02
   7.59357288E-02
   8.75973925E-02
  0.100024886    
  0.113244951    
  0.127284944    
  0.142172515    
  0.157935888    
  0.174603775    
  0.192205444    
  0.210770577    
  0.230329514    
  0.250912428    
  0.272549957    
  0.295272589    
  0.319110125    
  0.344091088    
  0.370242298    
  0.397587866    
  0.426147878    
  0.455937743    
  0.486967713    
  0.519241750    
  0.552757978    
  0.587509930    
  0.623489618    
  -3.97302136E-02
  -3.95316780E-02
  -3.90649587E-02
  -3.83716710E-02
  -3.74607258E-02
  -3.63270603E-02
  -3.49588394E-02
  -3.33406031E-02
  -3.14550176E-02
  -2.92834677E-02
  -2.68066749E-02
  -2.40048040E-02
  -2.08577067E-02
  -1.73449367E-02
  -1.34458095E-02
  -9.13946610E-03
  -4.40490386E-03
   7.79048831E-04
   6.43373700E-03
   1.25806574E-02
   1.92414932E-02
   2.64381021E-02
   3.41925994E-02
   4.25273068E-02
   5.14647812E-02
   6.10279143E-02
   7.12400526E-02
   8.21248740E-02
   9.37064216E-02
  0.106009379    
  0.119058929    
  0.132880941    
  0.147501945    
  0.162949458    
  0.179251760    
  0.196438119    
  0.214538634    
  0.233584106    
  0.253606290    
  0.274636894    
  0.296707630    
  0.319848865    
  0.344088882    
  0.369451135    
  0.395953327    
  0.423605293    
  0.452406168    
  0.482344091    
  0.513396561    
  0.545534551    
  -4.02320027E-02
  -4.00640815E-02
  -3.96692753E-02
  -3.90826724E-02
  -3.83117348E-02
  -3.73520814E-02
  -3.61936465E-02
  -3.48232761E-02
  -3.32262404E-02
  -3.13867182E-02
  -2.92883608E-02
  -2.69143134E-02
  -2.42474694E-02
  -2.12704670E-02
  -1.79657377E-02
  -1.43155633E-02
  -1.03020845E-02
  -5.90730738E-03
  -1.11306750E-03
   4.09893505E-03
   9.74716339E-03
   1.58502795E-02
   2.24271528E-02
   2.94968896E-02
   3.70788090E-02
   4.51925918E-02
   5.38583733E-02
   6.30966276E-02
   7.29282647E-02
   8.33748654E-02
   9.44586620E-02
  0.106202662    
  0.118630812    
  0.131768137    
  0.145640999    
  0.160277128    
  0.175705954    
  0.191958472    
  0.209067777    
  0.227068499    
  0.245996937    
  0.265890241    
  0.286784828    
  0.308714092    
  0.331705421    
  0.355776072    
  0.380926549    
  0.407136559    
  0.434361815    
  0.462538213    
  -4.07440290E-02
  -4.06080447E-02
  -4.02882695E-02
  -3.98130864E-02
  -3.91884521E-02
  -3.84107679E-02
  -3.74718495E-02
  -3.63610052E-02
  -3.50662433E-02
  -3.35747041E-02
  -3.18731219E-02
  -2.99478006E-02
  -2.77848337E-02
  -2.53701173E-02
  -2.26893798E-02
  -1.97282154E-02
  -1.64721124E-02
  -1.29064312E-02
  -9.01638065E-03
  -4.78706928E-03
  -2.03450836E-04
   4.74969344E-03
   1.00877704E-02
   1.58264004E-02
   2.19814293E-02
   2.85690334E-02
   3.56057435E-02
   4.31085303E-02
   5.10947630E-02
   5.95824718E-02
   6.85903579E-02
   7.81379864E-02
   8.82460028E-02
   9.89362523E-02
  0.110232219    
  0.122159228    
  0.134744883    
  0.148019463    
  0.162016645    
  0.176773787    
  0.192332655    
  0.208739221    
  0.226043507    
  0.244297326    
  0.263551384    
  0.283847839    
  0.305208474    
  0.327619612    
  0.351014793    
  0.375266761    
  -4.12643328E-02
  -4.11613584E-02
  -4.09191623E-02
  -4.05592285E-02
  -4.00860123E-02
  -3.94967683E-02
  -3.87852713E-02
  -3.79434042E-02
  -3.69620584E-02
  -3.58314440E-02
  -3.45415324E-02
  -3.30818780E-02
  -3.14419791E-02
  -2.96110753E-02
  -2.75783520E-02
  -2.53328755E-02
  -2.28636134E-02
  -2.01594513E-02
  -1.72091275E-02
  -1.40013276E-02
  -1.05246035E-02
  -6.76735630E-03
  -2.71784770E-03
   1.63585099E-03
   6.30586641E-03
   1.13045797E-02
   1.66446939E-02
   2.23392621E-02
   2.84017678E-02
   3.48462202E-02
   4.16872576E-02
   4.89403941E-02
   5.66221066E-02
   6.47501498E-02
   7.33439177E-02
   8.24249089E-02
   9.20171514E-02
  0.102148145    
  0.112849832    
  0.124159858    
  0.136123255    
  0.148794249    
  0.162238657    
  0.176534921    
  0.191774607    
  0.208057463    
  0.225476712    
  0.244086981    
  0.263845086    
  0.284527630    
  -4.17909101E-02
  -4.17217538E-02
  -4.15590703E-02
  -4.13172990E-02
  -4.09993753E-02
  -4.06034701E-02
  -4.01253924E-02
  -3.95596810E-02
  -3.89001966E-02
  -3.81403305E-02
  -3.72733697E-02
  -3.62922698E-02
  -3.51899564E-02
  -3.39592062E-02
  -3.25927399E-02
  -3.10831908E-02
  -2.94231419E-02
  -2.76051089E-02
  -2.56214887E-02
  -2.34646834E-02
  -2.11269688E-02
  -1.86005197E-02
  -1.58774182E-02
  -1.29495906E-02
  -9.80884582E-03
  -6.44678343E-03
  -2.85479124E-03
   9.76010633E-04
   5.05483197E-03
   9.39128734E-03
   1.39954807E-02
   1.88781843E-02
   2.40509603E-02
   2.95264237E-02
   3.53185683E-02
   4.14432250E-02
   4.79185730E-02
   5.47661111E-02
   6.20119125E-02
   6.96883649E-02
   7.78369308E-02
   8.65120441E-02
   9.57869738E-02
  0.105762102    
  0.116576590    
  0.128422156    
  0.141553506    
  0.156276166    
  0.172851786    
  0.191158488    
  -4.23216969E-02
  -4.22868952E-02
  -4.22050357E-02
  -4.20833677E-02
  -4.19233628E-02
  -4.17241082E-02
  -4.14834879E-02
  -4.11987416E-02
  -4.08667848E-02
  -4.04842794E-02
  -4.00478654E-02
  -3.95539515E-02
  -3.89990136E-02
  -3.83794121E-02
  -3.76914628E-02
  -3.69314663E-02
  -3.60956714E-02
  -3.51803191E-02
  -3.41815576E-02
  -3.30955870E-02
  -3.19184996E-02
  -3.06463353E-02
  -2.92751174E-02
  -2.78007612E-02
  -2.62191165E-02
  -2.45259367E-02
  -2.27168668E-02
  -2.07874030E-02
  -1.87328532E-02
  -1.65483300E-02
  -1.42286373E-02
  -1.17682535E-02
  -9.16118827E-03
  -6.40084688E-03
  -3.47986212E-03
  -3.89769993E-04
   2.87934160E-03
   6.33947505E-03
   1.00056250E-02
   1.38971945E-02
   1.80403665E-02
   2.24719718E-02
   2.72463243E-02
   3.24474946E-02
   3.82126495E-02
   4.47772443E-02
   5.25663681E-02
   6.23846203E-02
   7.58196637E-02
   9.60227177E-02
  -4.28546034E-02
  -4.28544357E-02
  -4.28540446E-02
  -4.28534783E-02
  -4.28527109E-02
  -4.28517684E-02
  -4.28506248E-02
  -4.28492762E-02
  -4.28477004E-02
  -4.28458899E-02
  -4.28438336E-02
  -4.28414866E-02
  -4.28388566E-02
  -4.28359210E-02
  -4.28326465E-02
  -4.28290591E-02
  -4.28250954E-02
  -4.28207517E-02
  -4.28160205E-02
  -4.28108722E-02
  -4.28052954E-02
  -4.27992605E-02
  -4.27927747E-02
  -4.27857824E-02
  -4.27782834E-02
  -4.27702628E-02
  -4.27616835E-02
  -4.27525453E-02
  -4.27428074E-02
  -4.27324586E-02
  -4.27214578E-02
  -4.27097902E-02
  -4.26974483E-02
  -4.26843576E-02
  -4.26705182E-02
  -4.26558591E-02
  -4.26403694E-02
  -4.26239781E-02
  -4.26065996E-02
  -4.25881557E-02
  -4.25685272E-02
  -4.25475203E-02
  -4.25248854E-02
  -4.25002277E-02
  -4.24728952E-02
  -4.24417779E-02
  -4.24048193E-02
  -4.23562936E-02
  -4.20022421E-02
   0.00000000    
