  -2.44866908E-02
  -2.46592350E-02
  -2.50926483E-02
  -2.57911235E-02
  -2.67846771E-02
  -2.81112678E-02
  -2.98109706E-02
  -3.19242552E-02
  -3.44913043E-02
  -3.75518762E-02
  -4.11453806E-02
  -4.53108512E-02
  -5.00869788E-02
  -5.55122606E-02
  -6.16249479E-02
  -6.84631243E-02
  -7.60647282E-02
  -8.44676122E-02
  -9.37094912E-02
 -0.103828035    
 -0.114860713    
 -0.126845092    
 -0.139818639    
 -0.153818727    
 -0.168882698    
 -0.185047880    
 -0.202351645    
 -0.220831126    
 -0.240523562    
 -0.261466116    
 -0.283696026    
 -0.307250440    
 -0.332166463    
 -0.358481348    
 -0.386232048    
 -0.415455759    
 -0.446189523    
 -0.478470415    
 -0.512335598    
 -0.547821999    
 -0.584966719    
 -0.623806655    
 -0.664378881    
 -0.706720650    
 -0.750868559    
 -0.796859860    
 -0.844731748    
 -0.894521177    
 -0.946264803    
  -1.00000000    
  -2.44814344E-02
  -2.46526636E-02
  -2.50829346E-02
  -2.57766396E-02
  -2.67637856E-02
  -2.80822329E-02
  -2.97719277E-02
  -3.18731852E-02
  -3.44260298E-02
  -3.74700464E-02
  -4.10444885E-02
  -4.51882221E-02
  -4.99397628E-02
  -5.53374290E-02
  -6.14193082E-02
  -6.82233125E-02
  -7.57872164E-02
  -8.41487050E-02
  -9.33452919E-02
 -0.103414513    
 -0.114393659    
 -0.126320109    
 -0.139231160    
 -0.153164044    
 -0.168155879    
 -0.184243873    
 -0.201465204    
 -0.219856873    
 -0.239455909    
 -0.260299325    
 -0.282424122    
 -0.305867344    
 -0.330665916    
 -0.356856942    
 -0.384477109    
 -0.413563520    
 -0.444153130    
 -0.476282686    
 -0.509989262    
 -0.545309603    
 -0.582280695    
 -0.620939076    
 -0.661321640    
 -0.703465939    
 -0.747407973    
 -0.793184936    
 -0.840833664    
 -0.890391171    
 -0.941893935    
 -0.995379090    
  -2.44657453E-02
  -2.46330425E-02
  -2.50539146E-02
  -2.57333554E-02
  -2.67013386E-02
  -2.79954355E-02
  -2.96551995E-02
  -3.17204855E-02
  -3.42308506E-02
  -3.72253731E-02
  -4.07428108E-02
  -4.48215231E-02
  -4.94995080E-02
  -5.48146032E-02
  -6.08043484E-02
  -6.75061792E-02
  -7.49573410E-02
  -8.31949711E-02
  -9.22561437E-02
 -0.102177829    
 -0.112996839    
 -0.124750033    
 -0.137474224    
 -0.151206091    
 -0.165982276    
 -0.181839406    
 -0.198814213    
 -0.216943175    
 -0.236262918    
 -0.256809652    
 -0.278620034    
 -0.301730782    
 -0.326178163    
 -0.351998568    
 -0.379228592    
 -0.407904506    
 -0.438062757    
 -0.469739884    
 -0.502972007    
 -0.537795722    
 -0.574247360    
 -0.612362623    
 -0.652178526    
 -0.693731725    
 -0.737057924    
 -0.782193720    
 -0.829175234    
 -0.878039122    
 -0.928821623    
 -0.981559157    
  -2.44398657E-02
  -2.46006493E-02
  -2.50059608E-02
  -2.56617777E-02
  -2.65980251E-02
  -2.78517958E-02
  -2.94619836E-02
  -3.14676948E-02
  -3.39076929E-02
  -3.68202440E-02
  -4.02432643E-02
  -4.42142785E-02
  -4.87704463E-02
  -5.39487563E-02
  -5.97859137E-02
  -6.63185045E-02
  -7.35829026E-02
  -8.16154256E-02
  -9.04522687E-02
 -0.100129582    
 -0.110683382    
 -0.122149631    
 -0.134564266    
 -0.147963166    
 -0.162382141    
 -0.177856877    
 -0.194423348    
 -0.212117225    
 -0.230974078    
 -0.251029670    
 -0.272319496    
 -0.294879466    
 -0.318744957    
 -0.343951702    
 -0.370535165    
 -0.398531199    
 -0.427974939    
 -0.458902448    
 -0.491348773    
 -0.525349796    
 -0.560940742    
 -0.598157048    
 -0.637034237    
 -0.677608192    
 -0.719914258    
 -0.763988078    
 -0.809864938    
 -0.857580066    
 -0.907169282    
 -0.958667874    
  -2.44041886E-02
  -2.45559476E-02
  -2.49396786E-02
  -2.55627427E-02
  -2.64549796E-02
  -2.76528317E-02
  -2.91942637E-02
  -3.11173648E-02
  -3.34597826E-02
  -3.62586491E-02
  -3.95507254E-02
  -4.33723666E-02
  -4.77595776E-02
  -5.27481809E-02
  -5.83737195E-02
  -6.46715313E-02
  -7.16769099E-02
  -7.94249699E-02
  -8.79506692E-02
  -9.72890705E-02
 -0.107474975    
 -0.118543170    
 -0.130528465    
 -0.143465564    
 -0.157389015    
 -0.172333404    
 -0.188333496    
 -0.205423832    
 -0.223638803    
 -0.243012860    
 -0.263580680    
 -0.285376757    
 -0.308435231    
 -0.332790703    
 -0.358477533    
 -0.385530323    
 -0.413983285    
 -0.443870723    
 -0.475227118    
 -0.508086860    
 -0.542484224    
 -0.578453362    
 -0.616028666    
 -0.655244648    
 -0.696135819    
 -0.738736570    
 -0.783080459    
 -0.829202294    
 -0.877136230    
 -0.926916778    
  -2.43592653E-02
  -2.44995710E-02
  -2.48559136E-02
  -2.54374016E-02
  -2.62737833E-02
  -2.74006464E-02
  -2.88548097E-02
  -3.06730233E-02
  -3.28915641E-02
  -3.55460979E-02
  -3.86719368E-02
  -4.23039235E-02
  -4.64766249E-02
  -5.12243435E-02
  -5.65811507E-02
  -6.25809059E-02
  -6.92573786E-02
  -7.66442120E-02
  -8.47748667E-02
  -9.36829150E-02
 -0.103401713    
 -0.113964461    
 -0.125404537    
 -0.137755096    
 -0.151049405    
 -0.165320352    
 -0.180601254    
 -0.196925193    
 -0.214325145    
 -0.232833952    
 -0.252484828    
 -0.273310810    
 -0.295344561    
 -0.318619043    
 -0.343167514    
 -0.369022429    
 -0.396216929    
 -0.424784034    
 -0.454756647    
 -0.486167341    
 -0.519048929    
 -0.553434312    
 -0.589356661    
 -0.626848280    
 -0.665942430    
 -0.706672251    
 -0.749069750    
 -0.793168426    
 -0.839000762    
 -0.886599302    
  -2.43057944E-02
  -2.44323276E-02
  -2.47557405E-02
  -2.52872352E-02
  -2.60564350E-02
  -2.70979293E-02
  -2.84471139E-02
  -3.01391799E-02
  -3.22086811E-02
  -3.46896052E-02
  -3.76154408E-02
  -4.10192758E-02
  -4.49339002E-02
  -4.93918322E-02
  -5.44253364E-02
  -6.00664578E-02
  -6.63472041E-02
  -7.32994005E-02
  -8.09547529E-02
  -8.93450230E-02
  -9.85017121E-02
 -0.108456306    
 -0.119240396    
 -0.130885333    
 -0.143422455    
 -0.156883180    
 -0.171298817    
 -0.186700538    
 -0.203119636    
 -0.220587328    
 -0.239134774    
 -0.258793324    
 -0.279594034    
 -0.301568031    
 -0.324746460    
 -0.349160373    
 -0.374840945    
 -0.401819378    
 -0.430126518    
 -0.459793717    
 -0.490851611    
 -0.523331463    
 -0.557264566    
 -0.592681348    
 -0.629613519    
 -0.668091953    
 -0.708147705    
 -0.749811709    
 -0.793114841    
 -0.838088095    
  -2.42446195E-02
  -2.43551880E-02
  -2.46404447E-02
  -2.51139998E-02
  -2.58053448E-02
  -2.67478861E-02
  -2.79754009E-02
  -2.95212325E-02
  -3.14179547E-02
  -3.36975791E-02
  -3.63915339E-02
  -3.95308584E-02
  -4.31462564E-02
  -4.72681522E-02
  -5.19267693E-02
  -5.71520552E-02
  -6.29739165E-02
  -6.94221109E-02
  -7.65262917E-02
  -8.43160823E-02
  -9.28209275E-02
 -0.102070324    
 -0.112093620    
 -0.122920237    
 -0.134579435    
 -0.147100344    
 -0.160512462    
 -0.174844831    
 -0.190126553    
 -0.206386745    
 -0.223654732    
 -0.241959453    
 -0.261330187    
 -0.281796068    
 -0.303385675    
 -0.326128274    
 -0.350052953    
 -0.375188828    
 -0.401564837    
 -0.429209769    
 -0.458152771    
 -0.488422632    
 -0.520048738    
 -0.553059876    
 -0.587484658    
 -0.623352587    
 -0.660692215    
 -0.699532628    
 -0.739902675    
 -0.781831443    
  -2.41767094E-02
  -2.42692828E-02
  -2.45115198E-02
  -2.49197502E-02
  -2.55233031E-02
  -2.63542533E-02
  -2.74445433E-02
  -2.88254246E-02
  -3.05272676E-02
  -3.25798206E-02
  -3.50121893E-02
  -3.78530808E-02
  -4.11308855E-02
  -4.48736399E-02
  -4.91092652E-02
  -5.38653620E-02
  -5.91694564E-02
  -6.50489405E-02
  -7.15311691E-02
  -7.86434039E-02
  -8.64127055E-02
  -9.48662907E-02
 -0.104031123    
 -0.113934278    
 -0.124602728    
 -0.136063263    
 -0.148342818    
 -0.161468282    
 -0.175466433    
 -0.190364227    
 -0.206188247    
 -0.222965300    
 -0.240722299    
 -0.259485871    
 -0.279282570    
 -0.300139189    
 -0.322082460    
 -0.345139146    
 -0.369335711    
 -0.394698858    
 -0.421255201    
 -0.449031442    
 -0.478054196    
 -0.508350074    
 -0.539945424    
 -0.572867334    
 -0.607141912    
 -0.642796040    
 -0.679856300    
 -0.718349338    
  -2.41031572E-02
  -2.41758786E-02
  -2.43706517E-02
  -2.47067939E-02
  -2.52134595E-02
  -2.59212386E-02
  -2.68600490E-02
  -2.80588251E-02
  -2.95455214E-02
  -3.13473418E-02
  -3.34908627E-02
  -3.60022113E-02
  -3.89071815E-02
  -4.22312617E-02
  -4.59997319E-02
  -5.02376072E-02
  -5.49698286E-02
  -6.02212250E-02
  -6.60164803E-02
  -7.23802969E-02
  -7.93372020E-02
  -8.69117379E-02
  -9.51283276E-02
 -0.104011461    
 -0.113585442    
 -0.123874582    
 -0.134903207    
 -0.146695614    
 -0.159275934    
 -0.172668591    
 -0.186897576    
 -0.201987132    
 -0.217961505    
 -0.234844863    
 -0.252660990    
 -0.271434247    
 -0.291188866    
 -0.311948717    
 -0.333737880    
 -0.356580377    
 -0.380500108    
 -0.405521423    
 -0.431668282    
 -0.458964795    
 -0.487435132    
 -0.517102778    
 -0.547991872    
 -0.580126524    
 -0.613530815    
 -0.648228347    
  -2.40251757E-02
  -2.40763817E-02
  -2.42196992E-02
  -2.44776942E-02
  -2.48792954E-02
  -2.54534911E-02
  -2.62279976E-02
  -2.72292364E-02
  -2.84825284E-02
  -3.00123207E-02
  -3.18424292E-02
  -3.39961946E-02
  -3.64966094E-02
  -3.93663198E-02
  -4.26278040E-02
  -4.63032760E-02
  -5.04148453E-02
  -5.49845323E-02
  -6.00342192E-02
  -6.55857250E-02
  -7.16608167E-02
  -7.82812238E-02
  -8.54685530E-02
  -9.32444558E-02
 -0.101630487    
 -0.110648148    
 -0.120318919    
 -0.130664214    
 -0.141705558    
 -0.153464332    
 -0.165961906    
 -0.179219648    
 -0.193258941    
 -0.208101168    
 -0.223767564    
 -0.240279421    
 -0.257657945    
 -0.275924653    
 -0.295100600    
 -0.315206915    
 -0.336264998    
 -0.358295977    
 -0.381321311    
 -0.405362099    
 -0.430439651    
 -0.456574798    
 -0.483788878    
 -0.512103081    
 -0.541538656    
 -0.572116613    
  -2.39440762E-02
  -2.39723101E-02
  -2.40606833E-02
  -2.42352076E-02
  -2.45245788E-02
  -2.49560606E-02
  -2.55549960E-02
  -2.63451226E-02
  -2.73489524E-02
  -2.85879616E-02
  -3.00830454E-02
  -3.18545364E-02
  -3.39224190E-02
  -3.63063402E-02
  -3.90257500E-02
  -4.20998484E-02
  -4.55477424E-02
  -4.93884236E-02
  -5.36407828E-02
  -5.83236255E-02
  -6.34556711E-02
  -6.90557137E-02
  -7.51423016E-02
  -8.17340463E-02
  -8.88495594E-02
  -9.65072736E-02
 -0.104725741    
 -0.113523394    
 -0.122918710    
 -0.132929996    
 -0.143575743    
 -0.154874265    
 -0.166843936    
 -0.179503188    
 -0.192870274    
 -0.206963390    
 -0.221800685    
 -0.237400711    
 -0.253781587    
 -0.270961493    
 -0.288958877    
 -0.307791710    
 -0.327478290    
 -0.348037094    
 -0.369485915    
 -0.391842961    
 -0.415126562    
 -0.439354807    
 -0.464545757    
 -0.490717530    
  -2.38612592E-02
  -2.38652863E-02
  -2.38957573E-02
  -2.39822995E-02
  -2.41533481E-02
  -2.44343299E-02
  -2.48481054E-02
  -2.54155528E-02
  -2.61561852E-02
  -2.70884074E-02
  -2.82299872E-02
  -2.95980722E-02
  -3.12094968E-02
  -3.30807306E-02
  -3.52279991E-02
  -3.76673676E-02
  -4.04147208E-02
  -4.34858873E-02
  -4.68965769E-02
  -5.06624095E-02
  -5.47989532E-02
  -5.93217537E-02
  -6.42462224E-02
  -6.95878416E-02
  -7.53620118E-02
  -8.15839916E-02
  -8.82691666E-02
  -9.54328105E-02
 -0.103090256    
 -0.111256607    
 -0.119947195    
 -0.129177153    
 -0.138961673    
 -0.149316132    
 -0.160255462    
 -0.171794742    
 -0.183949158    
 -0.196733832    
 -0.210163698    
 -0.224253953    
 -0.239019617    
 -0.254475653    
 -0.270637363    
 -0.287519574    
 -0.305137455    
 -0.323505640    
 -0.342639357    
 -0.362553686    
 -0.383263350    
 -0.404783279    
  -2.37781927E-02
  -2.37570219E-02
  -2.37271897E-02
  -2.37220898E-02
  -2.37698499E-02
  -2.38939952E-02
  -2.41147690E-02
  -2.44500581E-02
  -2.49162670E-02
  -2.55285893E-02
  -2.63014883E-02
  -2.72488371E-02
  -2.83841360E-02
  -2.97205318E-02
  -3.12709473E-02
  -3.30481045E-02
  -3.50645781E-02
  -3.73328552E-02
  -3.98653485E-02
  -4.26743291E-02
  -4.57720421E-02
  -4.91707511E-02
  -5.28825447E-02
  -5.69195934E-02
  -6.12939484E-02
  -6.60176277E-02
  -7.11026415E-02
  -7.65610859E-02
  -8.24048370E-02
  -8.86458084E-02
  -9.52959135E-02
 -0.102367081    
 -0.109871157    
 -0.117820114    
 -0.126225740    
 -0.135099843    
 -0.144454181    
 -0.154300556    
 -0.164650723    
 -0.175516427    
 -0.186909437    
 -0.198841482    
 -0.211324438    
 -0.224369779    
 -0.237989366    
 -0.252194822    
 -0.266997665    
 -0.282409877    
 -0.298442811    
 -0.315108210    
  -2.36964244E-02
  -2.36492921E-02
  -2.35573519E-02
  -2.34578289E-02
  -2.33785249E-02
  -2.33409889E-02
  -2.33627446E-02
  -2.34586261E-02
  -2.36417726E-02
  -2.39240583E-02
  -2.43165791E-02
  -2.48297919E-02
  -2.54737437E-02
  -2.62581706E-02
  -2.71925665E-02
  -2.82861926E-02
  -2.95482315E-02
  -3.09877023E-02
  -3.26135866E-02
  -3.44347358E-02
  -3.64599861E-02
  -3.86981256E-02
  -4.11578827E-02
  -4.38479818E-02
  -4.67770174E-02
  -4.99536358E-02
  -5.33864684E-02
  -5.70841283E-02
  -6.10551015E-02
  -6.53079376E-02
  -6.98511079E-02
  -7.46930689E-02
  -7.98423886E-02
  -8.53074789E-02
  -9.10968557E-02
  -9.72188637E-02
 -0.103681810    
 -0.110494122    
 -0.117664181    
 -0.125200272    
 -0.133110762    
 -0.141403928    
 -0.150088117    
 -0.159171671    
 -0.168662831    
 -0.178569824    
 -0.188900873    
 -0.199664265    
 -0.210868180    
 -0.222520858    
  -2.36175302E-02
  -2.35439409E-02
  -2.33886763E-02
  -2.31928620E-02
  -2.29839440E-02
  -2.27814335E-02
  -2.26000585E-02
  -2.24515311E-02
  -2.23456509E-02
  -2.22908948E-02
  -2.22948994E-02
  -2.23646332E-02
  -2.25066207E-02
  -2.27271058E-02
  -2.30320469E-02
  -2.34272201E-02
  -2.39182524E-02
  -2.45107021E-02
  -2.52100080E-02
  -2.60215104E-02
  -2.69505624E-02
  -2.80024204E-02
  -2.91823409E-02
  -3.04955207E-02
  -3.19471098E-02
  -3.35422419E-02
  -3.52860503E-02
  -3.71836536E-02
  -3.92400697E-02
  -4.14603278E-02
  -4.38494757E-02
  -4.64125052E-02
  -4.91544195E-02
  -5.20802103E-02
  -5.51948175E-02
  -5.85031584E-02
  -6.20100796E-02
  -6.57205433E-02
  -6.96393773E-02
  -7.37714469E-02
  -7.81215429E-02
  -8.26945677E-02
  -8.74952525E-02
  -9.25284624E-02
  -9.77989659E-02
 -0.103311554    
 -0.109070957    
 -0.115081847    
 -0.121348985    
 -0.127877146    
  -2.35431213E-02
  -2.34428365E-02
  -2.32236590E-02
  -2.29306202E-02
  -2.25907806E-02
  -2.22215690E-02
  -2.18348969E-02
  -2.14392841E-02
  -2.10411455E-02
  -2.06455234E-02
  -2.02565249E-02
  -1.98775977E-02
  -1.95117146E-02
  -1.91615373E-02
  -1.88294835E-02
  -1.85177531E-02
  -1.82284284E-02
  -1.79634970E-02
  -1.77248251E-02
  -1.75142363E-02
  -1.73335075E-02
  -1.71843600E-02
  -1.70684978E-02
  -1.69875752E-02
  -1.69432182E-02
  -1.69370212E-02
  -1.69705786E-02
  -1.70454569E-02
  -1.71631798E-02
  -1.73252504E-02
  -1.75331831E-02
  -1.77884605E-02
  -1.80925410E-02
  -1.84468813E-02
  -1.88528895E-02
  -1.93119813E-02
  -1.98255032E-02
  -2.03948338E-02
  -2.10213121E-02
  -2.17062514E-02
  -2.24509686E-02
  -2.32567526E-02
  -2.41248887E-02
  -2.50566415E-02
  -2.60532498E-02
  -2.71159504E-02
  -2.82459352E-02
  -2.94443928E-02
  -3.07125244E-02
  -3.20515111E-02
  -2.34748181E-02
  -2.33478658E-02
  -2.30648145E-02
  -2.26745550E-02
  -2.22037565E-02
  -2.16677319E-02
  -2.10755486E-02
  -2.04325151E-02
  -1.97416656E-02
  -1.90045573E-02
  -1.82217844E-02
  -1.73932333E-02
  -1.65183097E-02
  -1.55961094E-02
  -1.46254580E-02
  -1.36049809E-02
  -1.25331944E-02
  -1.14084976E-02
  -1.02291936E-02
  -8.99354741E-03
  -7.69975921E-03
  -6.34599710E-03
  -4.93040169E-03
  -3.45107634E-03
  -1.90609554E-03
  -2.93517602E-04
   1.38861826E-03
   3.14228842E-03
   4.96950606E-03
   6.87228329E-03
   8.85264948E-03
   1.09126624E-02
   1.30543932E-02
   1.52799347E-02
   1.75914075E-02
   1.99909266E-02
   2.24806480E-02
   2.50627659E-02
   2.77394485E-02
   3.05129141E-02
   3.33854146E-02
   3.63591500E-02
   3.94364409E-02
   4.26195562E-02
   4.59107645E-02
   4.93124127E-02
   5.28268293E-02
   5.64563647E-02
   6.02034070E-02
   6.40703440E-02
  -2.34142542E-02
  -2.32609175E-02
  -2.29146481E-02
  -2.24281326E-02
  -2.18276102E-02
  -2.11262591E-02
  -2.03303099E-02
  -1.94418859E-02
  -1.84606481E-02
  -1.73846744E-02
  -1.62110608E-02
  -1.49361454E-02
  -1.35558043E-02
  -1.20655568E-02
  -1.04606738E-02
  -8.73622857E-03
  -6.88716723E-03
  -4.90833167E-03
  -2.79448438E-03
  -5.40328911E-04
   1.85947341E-03
   4.41029621E-03
   7.11754290E-03
   9.98663250E-03
   1.30230282E-02
   1.62321944E-02
   1.96196120E-02
   2.31907871E-02
   2.69512367E-02
   3.09064928E-02
   3.50620709E-02
   3.94235626E-02
   4.39965501E-02
   4.87866364E-02
   5.37994578E-02
   5.90406023E-02
   6.45157322E-02
   7.02305958E-02
   7.61908218E-02
   8.24021623E-02
   8.88703912E-02
   9.56011787E-02
  0.102600373    
  0.109873854    
  0.117427349    
  0.125266671    
  0.133397728    
  0.141826347    
  0.150558427    
  0.159599945    
  -2.33630352E-02
  -2.31838636E-02
  -2.27756556E-02
  -2.21947897E-02
  -2.14670207E-02
  -2.06034426E-02
  -1.96074396E-02
  -1.84779949E-02
  -1.72114372E-02
  -1.58024263E-02
  -1.42445983E-02
  -1.25307962E-02
  -1.06534008E-02
  -8.60441942E-03
  -6.37561316E-03
  -3.95854423E-03
  -1.34464807E-03
   1.47474010E-03
   4.50835703E-03
   7.76500255E-03
   1.12535041E-02
   1.49827292E-02
   1.89615656E-02
   2.31989212E-02
   2.77037323E-02
   3.24849337E-02
   3.75514627E-02
   4.29123268E-02
   4.85764779E-02
   5.45529053E-02
   6.08505495E-02
   6.74785003E-02
   7.44457319E-02
   8.17614198E-02
   8.94345790E-02
   9.74742323E-02
  0.105889499    
  0.114689559    
  0.123883493    
  0.133480549    
  0.143489927    
  0.153920710    
  0.164782315    
  0.176083922    
  0.187834874    
  0.200044319    
  0.212721661    
  0.225876272    
  0.239517510    
  0.253654689    
  -2.33227313E-02
  -2.31185332E-02
  -2.26502828E-02
  -2.19778884E-02
  -2.11266093E-02
  -2.01054476E-02
  -1.89150367E-02
  -1.75512489E-02
  -1.60071664E-02
  -1.42741119E-02
  -1.23423301E-02
  -1.02012567E-02
  -7.83985015E-03
  -5.24669606E-03
  -2.41011754E-03
   6.81746984E-04
   4.04089084E-03
   7.67940748E-03
   1.16094509E-02
   1.58432405E-02
   2.03930121E-02
   2.52710395E-02
   3.04896180E-02
   3.60610709E-02
   4.19977047E-02
   4.83118556E-02
   5.50158210E-02
   6.21219873E-02
   6.96427152E-02
   7.75903761E-02
   8.59772265E-02
   9.48157012E-02
  0.104118250    
  0.113897316    
  0.124165259    
  0.134934500    
  0.146217495    
  0.158026859    
  0.170374990    
  0.183274448    
  0.196737826    
  0.210777506    
  0.225406304    
  0.240636796    
  0.256481647    
  0.272953600    
  0.290065169    
  0.307829201    
  0.326258153    
  0.345365107    
  -2.32948717E-02
  -2.30666958E-02
  -2.25409064E-02
  -2.17807125E-02
  -2.08108611E-02
  -1.96383093E-02
  -1.82609893E-02
  -1.66717954E-02
  -1.48606366E-02
  -1.28156105E-02
  -1.05236806E-02
  -7.97099061E-03
  -5.14318468E-03
  -2.02553393E-03
   1.39695499E-03
   5.13946591E-03
   9.21730045E-03
   1.36458687E-02
   1.84406340E-02
   2.36171223E-02
   2.91908644E-02
   3.51774283E-02
   4.15924229E-02
   4.84514087E-02
   5.57699986E-02
   6.35638088E-02
   7.18483850E-02
   8.06393847E-02
   8.99524614E-02
   9.98032093E-02
  0.110207111    
  0.121179909    
  0.132737249    
  0.144894764    
  0.157668069    
  0.171072915    
  0.185124919    
  0.199839979    
  0.215233758    
  0.231321946    
  0.248120323    
  0.265644550    
  0.283910781    
  0.302934796    
  0.322732627    
  0.343319833    
  0.364712775    
  0.386926979    
  0.409978658    
  0.433883846    
  -2.32809130E-02
  -2.30300594E-02
  -2.24498026E-02
  -2.16064174E-02
  -2.05240883E-02
  -1.92078147E-02
  -1.76529177E-02
  -1.58494171E-02
  -1.37841916E-02
  -1.14422441E-02
  -8.80739558E-03
  -5.86264394E-03
  -2.59045651E-03
   1.02706894E-03
   5.00810239E-03
   9.37099569E-03
   1.41342329E-02
   1.93163902E-02
   2.49360912E-02
   3.10120322E-02
   3.75628918E-02
   4.46074307E-02
   5.21643460E-02
   6.02524094E-02
   6.88902885E-02
   7.80967548E-02
   8.78905058E-02
   9.82903242E-02
  0.109314941    
  0.120982975    
  0.133313268    
  0.146324441    
  0.160035208    
  0.174464464    
  0.189630732    
  0.205552965    
  0.222249806    
  0.239740267    
  0.258043051    
  0.277176887    
  0.297160715    
  0.318013191    
  0.339753598    
  0.362401009    
  0.385974228    
  0.410492182    
  0.435973972    
  0.462438494    
  0.489904970    
  0.518392622    
  -2.32822429E-02
  -2.30102409E-02
  -2.23791357E-02
  -2.14579850E-02
  -2.02704072E-02
  -1.88194867E-02
  -1.70980636E-02
  -1.50934309E-02
  -1.27895949E-02
  -1.01686213E-02
  -7.21135968E-03
  -3.89782293E-03
  -2.07481658E-04
   3.88057460E-03
   8.38751346E-03
   1.33346934E-02
   1.87436063E-02
   2.46358234E-02
   3.10329720E-02
   3.79567221E-02
   4.54287566E-02
   5.34708090E-02
   6.21045791E-02
   7.13517740E-02
   8.12340081E-02
   9.17730629E-02
  0.102990583    
  0.114908248    
  0.127547771    
  0.140930727    
  0.155078813    
  0.170013577    
  0.185756713    
  0.202330008    
  0.219754875    
  0.238053173    
  0.257246375    
  0.277356356    
  0.298404783    
  0.320413351    
  0.343403727    
  0.367397755    
  0.392417371    
  0.418484509    
  0.445620924    
  0.473848552    
  0.503189504    
  0.533665478    
  0.565298498    
  0.598110497    
  -2.33001485E-02
  -2.30087414E-02
  -2.23309249E-02
  -2.13382337E-02
  -2.00536735E-02
  -1.84785109E-02
  -1.66032538E-02
  -1.44126182E-02
  -1.18879285E-02
  -9.00850724E-03
  -5.75242331E-03
  -2.09689722E-03
   1.98139879E-03
   6.50617899E-03
   1.15014194E-02
   1.69912819E-02
   2.30000596E-02
   2.95521300E-02
   3.66719291E-02
   4.43839133E-02
   5.27125560E-02
   6.16823807E-02
   7.13178292E-02
   8.16434473E-02
   9.26836208E-02
  0.104462817    
  0.117005467    
  0.130336002    
  0.144478887    
  0.159458444    
  0.175299093    
  0.192024976    
  0.209660694    
  0.228230581    
  0.247758850    
  0.268269956    
  0.289788097    
  0.312337667    
  0.335943222    
  0.360629231    
  0.386419803    
  0.413339645    
  0.441413403    
  0.470665634    
  0.501120448    
  0.532802820    
  0.565737426    
  0.599948823    
  0.635461748    
  0.672300994    
  -2.33358033E-02
  -2.30269432E-02
  -2.23070327E-02
  -2.12497562E-02
  -1.98774617E-02
  -1.81896985E-02
  -1.61748119E-02
  -1.38151227E-02
  -1.10894898E-02
  -7.97469635E-03
  -4.44624852E-03
  -4.78806644E-04
   3.95353884E-03
   8.87708459E-03
   1.43183852E-02
   2.03041900E-02
   2.68613603E-02
   3.40168700E-02
   4.17977162E-02
   5.02309538E-02
   5.93436174E-02
   6.91627711E-02
   7.97154456E-02
   9.10287052E-02
  0.103129566    
  0.116044916    
  0.129801795    
  0.144427121    
  0.159947827    
  0.176390901    
  0.193783149    
  0.212151274    
  0.231522292    
  0.251922905    
  0.273380011    
  0.295920342    
  0.319570720    
  0.344357789    
  0.370308638    
  0.397450000    
  0.425808877    
  0.455412179    
  0.486286819    
  0.518459976    
  0.551958025    
  0.586808562    
  0.623038888    
  0.660676003    
  0.699746609    
  0.740278065    
  -2.33902819E-02
  -2.30660960E-02
  -2.23091561E-02
  -2.11949088E-02
  -1.97450202E-02
  -1.79574285E-02
  -1.58185065E-02
  -1.33083845E-02
  -1.04036825E-02
  -7.07888091E-03
  -3.30717000E-03
   9.39112273E-04
   5.68820862E-03
   1.09687485E-02
   1.68096218E-02
   2.32399032E-02
   3.02888099E-02
   3.79856341E-02
   4.63597067E-02
   5.54404184E-02
   6.52571172E-02
   7.58391842E-02
   8.72160122E-02
   9.94169191E-02
  0.112471245    
  0.126408204    
  0.141257092    
  0.157047138    
  0.173807502    
  0.191567361    
  0.210355788    
  0.230202049    
  0.251135021    
  0.273183882    
  0.296377540    
  0.320745081    
  0.346315324    
  0.373117238    
  0.401179999    
  0.430532664    
  0.461204082    
  0.493223667    
  0.526620567    
  0.561423957    
  0.597662508    
  0.635365844    
  0.674563408    
  0.715284467    
  0.757557929    
  0.801413655    
  -2.34645139E-02
  -2.31272988E-02
  -2.23387927E-02
  -2.11757887E-02
  -1.96592435E-02
  -1.77856311E-02
  -1.55395130E-02
  -1.28990822E-02
  -9.83894430E-03
  -6.33155741E-03
  -2.34805164E-03
   2.14129407E-03
   7.16678472E-03
   1.27591155E-02
   1.89492386E-02
   2.57683080E-02
   3.32476012E-02
   4.14184667E-02
   5.03123105E-02
   5.99605963E-02
   7.03946948E-02
   8.16461220E-02
   9.37461853E-02
  0.106726423    
  0.120618165    
  0.135452598    
  0.151261061    
  0.168074846    
  0.185925096    
  0.204842955    
  0.224859506    
  0.246005923    
  0.268313229    
  0.291812450    
  0.316534400    
  0.342510134    
  0.369770288    
  0.398345977    
  0.428268045    
  0.459567398    
  0.492275059    
  0.526422143    
  0.562039673    
  0.599158525    
  0.637809575    
  0.678024352    
  0.719833612    
  0.763269126    
  0.808361948    
  0.855142891    
  -2.35592891E-02
  -2.32114941E-02
  -2.23972201E-02
  -2.11941991E-02
  -1.96226481E-02
  -1.76777020E-02
  -1.53423306E-02
  -1.25930281E-02
  -9.40265413E-03
  -5.74191241E-03
  -1.58016733E-03
   3.11408332E-03
   8.37292243E-03
   1.42288208E-02
   2.07145102E-02
   2.78629251E-02
   3.57071199E-02
   4.42802235E-02
   5.36154360E-02
   6.37459755E-02
   7.47050196E-02
   8.65258351E-02
   9.92415249E-02
  0.112885356    
  0.127490491    
  0.143089876    
  0.159716547    
  0.177403465    
  0.196183681    
  0.216089904    
  0.237154990    
  0.259411752    
  0.282893062    
  0.307631344    
  0.333659202    
  0.361009330    
  0.389714301    
  0.419806510    
  0.451318175    
  0.484282225    
  0.518730998    
  0.554697096    
  0.592213690    
  0.631312311    
  0.672025979    
  0.714387834    
  0.758429825    
  0.804185688    
  0.851687670    
  0.900968909    
  -2.36752536E-02
  -2.33194493E-02
  -2.24855077E-02
  -2.12516561E-02
  -1.96373481E-02
  -1.76365245E-02
  -1.52307702E-02
  -1.23951528E-02
  -9.10106488E-03
  -5.31774946E-03
  -1.01309258E-03
   3.84587771E-03
   9.29272082E-03
   1.53613864E-02
   2.20860783E-02
   2.95011923E-02
   3.76412868E-02
   4.65409495E-02
   5.62348664E-02
   6.67577237E-02
   7.81442150E-02
   9.04290006E-02
  0.103646792    
  0.117832288    
  0.133020043    
  0.149244547    
  0.166540325    
  0.184941575    
  0.204483047    
  0.225198865    
  0.247123152    
  0.270290107    
  0.294734091    
  0.320488930    
  0.347588539    
  0.376066804    
  0.405957907    
  0.437295318    
  0.470112532    
  0.504443944    
  0.540323138    
  0.577783585    
  0.616859555    
  0.657584906    
  0.699992836    
  0.744118035    
  0.789994061    
  0.837655008    
  0.887135208    
  0.938468456    
  -2.38128994E-02
  -2.34517492E-02
  -2.26044841E-02
  -2.13493537E-02
  -1.97050273E-02
  -1.76643915E-02
  -1.52079016E-02
  -1.23094404E-02
  -8.93924665E-03
  -5.06539876E-03
  -6.54616626E-04
   4.32722922E-03
   9.91485268E-03
   1.61433574E-02
   2.30481215E-02
   3.06646749E-02
   3.90287526E-02
   4.81760763E-02
   5.81425503E-02
   6.89639598E-02
   8.06762502E-02
   9.33151990E-02
  0.106916659    
  0.121516608    
  0.137150615    
  0.153854460    
  0.171663702    
  0.190613881    
  0.210740700    
  0.232079580    
  0.254665613    
  0.278534204    
  0.303720653    
  0.330260098    
  0.358187318    
  0.387537360    
  0.418344915    
  0.450645030    
  0.484472126    
  0.519861102    
  0.556846619    
  0.595463336    
  0.635746241    
  0.677730083    
  0.721448600    
  0.766937733    
  0.814231873    
  0.863366246    
  0.914375365    
  0.967294872    
  -2.39725523E-02
  -2.36088000E-02
  -2.27547325E-02
  -2.14881524E-02
  -1.98269207E-02
  -1.77630223E-02
  -1.52760148E-02
  -1.23388860E-02
  -8.92102998E-03
  -4.98966081E-03
  -5.10664482E-04
   4.55092406E-03
   1.02306521E-02
   1.65644456E-02
   2.35885065E-02
   3.13392133E-02
   3.98530997E-02
   4.91667576E-02
   5.93168959E-02
   7.03401640E-02
   8.22733417E-02
   9.51531008E-02
  0.109016128    
  0.123899169    
  0.139838800    
  0.156871542    
  0.175033763    
  0.194362029    
  0.214892790    
  0.236662209    
  0.259706348    
  0.284061313    
  0.309762865    
  0.336847574    
  0.365350634    
  0.395307600    
  0.426754147    
  0.459725797    
  0.494257808    
  0.530385375    
  0.568143725    
  0.607568383    
  0.648694396    
  0.691557527    
  0.736191809    
  0.782633841    
  0.830918074    
  0.881080687    
  0.933156610    
  0.987181842    
  -2.41543688E-02
  -2.37908140E-02
  -2.29365900E-02
  -2.16685738E-02
  -2.00038049E-02
  -1.79335196E-02
  -1.54366056E-02
  -1.24854799E-02
  -9.04896948E-03
  -5.09376358E-03
  -5.85234549E-04
   4.51208279E-03
   1.02342274E-02
   1.66176148E-02
   2.36989446E-02
   3.15150842E-02
   4.01030555E-02
   4.94999476E-02
   5.97429648E-02
   7.08693415E-02
   8.29162672E-02
   9.59210247E-02
  0.109920770    
  0.124952786    
  0.141054213    
  0.158261999    
  0.176613316    
  0.196145043    
  0.216894239    
  0.238897488    
  0.262191534    
  0.286812812    
  0.312797666    
  0.340182960    
  0.369004607    
  0.399298340    
  0.431100339    
  0.464446217    
  0.499371678    
  0.535912275    
  0.574103534    
  0.613980532    
  0.655579031    
  0.698934913    
  0.744082212    
  0.791057527    
  0.839895904    
  0.890632987    
  0.943304002    
  0.997945428    
  -2.43583396E-02
  -2.39978004E-02
  -2.31501330E-02
  -2.18908004E-02
  -2.02359892E-02
  -1.81763545E-02
  -1.56903751E-02
  -1.27501702E-02
  -9.32432432E-03
  -5.37932105E-03
  -8.80363281E-04
   4.20818571E-03
   9.92250815E-03
   1.62991770E-02
   2.33750399E-02
   3.11871059E-02
   3.97725552E-02
   4.91686240E-02
   5.94127178E-02
   7.05421939E-02
   8.25944394E-02
   9.56069380E-02
  0.109617099    
  0.124662258    
  0.140779808    
  0.158007100    
  0.176381320    
  0.195939735    
  0.216719419    
  0.238757342    
  0.262090474    
  0.286755353    
  0.312788695    
  0.340227157    
  0.369106889    
  0.399464190    
  0.431334645    
  0.464754224    
  0.499758333    
  0.536382735    
  0.574662745    
  0.614633441    
  0.656330228    
  0.699787855    
  0.745041549    
  0.792126834    
  0.841078639    
  0.891932070    
  0.944722652    
  0.999486208    
  -2.45842803E-02
  -2.42295843E-02
  -2.33951844E-02
  -2.21546553E-02
  -2.05233116E-02
  -1.84913836E-02
  -1.60371959E-02
  -1.31328637E-02
  -9.74703114E-03
  -5.84632624E-03
  -1.39609829E-03
   3.63910478E-03
   9.29528382E-03
   1.56088118E-02
   2.26163324E-02
   3.03546805E-02
   3.88608314E-02
   4.81718294E-02
   5.83248995E-02
   6.93572536E-02
   8.13060924E-02
   9.42088068E-02
  0.108102582    
  0.123024680    
  0.139012337    
  0.156102836    
  0.174333319    
  0.193740919    
  0.214362621    
  0.236235395    
  0.259396076    
  0.283880919    
  0.309726775    
  0.336970150    
  0.365647048    
  0.395793378    
  0.427444935    
  0.460636914    
  0.495404601    
  0.531783342    
  0.569807708    
  0.609512687    
  0.650932729    
  0.694102108    
  0.739055157    
  0.785827100    
  0.834452152    
  0.884964406    
  0.937398612    
  0.991789997    
  -2.48318370E-02
  -2.44857818E-02
  -2.36713029E-02
  -2.24596169E-02
  -2.08651349E-02
  -1.88778248E-02
  -1.64761189E-02
  -1.36324102E-02
  -1.03157219E-02
  -6.49313768E-03
  -2.13050283E-03
   2.80712149E-03
   8.35520681E-03
   1.45495804E-02
   2.14263499E-02
   2.90218182E-02
   3.73724140E-02
   4.65146676E-02
   5.64852320E-02
   6.73208609E-02
   7.90582672E-02
   9.17342901E-02
  0.105385758    
  0.120049335    
  0.135761917    
  0.152560249    
  0.170481205    
  0.189561456    
  0.209837675    
  0.231346384    
  0.254124016    
  0.278206676    
  0.303630620    
  0.330431819    
  0.358646184    
  0.388309091    
  0.419455707    
  0.452120692    
  0.486339122    
  0.522144854    
  0.559572220    
  0.598655105    
  0.639427125    
  0.681921422    
  0.726171196    
  0.772210777    
  0.820072711    
  0.869790435    
  0.921397448    
  0.974927843    
  -2.51004826E-02
  -2.47658119E-02
  -2.39777938E-02
  -2.28048190E-02
  -2.12603509E-02
  -1.93342790E-02
  -1.70053821E-02
  -1.42466249E-02
  -1.10277049E-02
  -7.31649483E-03
  -3.07965791E-03
   1.71689398E-03
   7.10776122E-03
   1.31279007E-02
   1.98125392E-02
   2.71970909E-02
   3.53171118E-02
   4.42082696E-02
   5.39063253E-02
   6.44472092E-02
   7.58668184E-02
   8.82011130E-02
  0.101486154    
  0.115757808    
  0.131052166    
  0.147405297    
  0.164853334    
  0.183432266    
  0.203178018    
  0.224126562    
  0.246313602    
  0.269774735    
  0.294545323    
  0.320660919    
  0.348156810    
  0.377067626    
  0.407427639    
  0.439271212    
  0.472631931    
  0.507543147    
  0.544037759    
  0.582148612    
  0.621908069    
  0.663347781    
  0.706499517    
  0.751395941    
  0.798067868    
  0.846547186    
  0.896865726    
  0.949055731    
  -2.53895186E-02
  -2.50689071E-02
  -2.43137181E-02
  -2.31890436E-02
  -2.17073895E-02
  -1.98587328E-02
  -1.76224280E-02
  -1.49722919E-02
  -1.18790111E-02
  -8.31154454E-03
  -4.23770165E-03
   3.75426607E-04
   5.56124747E-03
   1.13535086E-02
   1.77862234E-02
   2.48935837E-02
   3.27099264E-02
   4.12697494E-02
   5.06075658E-02
   6.07581772E-02
   7.17562437E-02
   8.36365819E-02
   9.64341089E-02
  0.110183701    
  0.124920338    
  0.140678748    
  0.157494292    
  0.175401941    
  0.194436669    
  0.214633375    
  0.236026913    
  0.258652151    
  0.282543480    
  0.307735533    
  0.334262699    
  0.362158984    
  0.391457707    
  0.422191978    
  0.454394579    
  0.488097459    
  0.523332477    
  0.560130715    
  0.598523080    
  0.638539672    
  0.680210054    
  0.723565042    
  0.768632889    
  0.815443814    
  0.864027083    
  0.914412618    
  -2.56980918E-02
  -2.53941175E-02
  -2.46778764E-02
  -2.36107446E-02
  -2.22042371E-02
  -2.04485729E-02
  -1.83239207E-02
  -1.58052072E-02
  -1.28644118E-02
  -9.47188307E-03
  -5.59687847E-03
  -1.20798638E-03
   3.72668612E-03
   9.23935696E-03
   1.53624993E-02
   2.21287720E-02
   2.95709725E-02
   3.77220437E-02
   4.66150120E-02
   5.62831163E-02
   6.67595342E-02
   7.80775920E-02
   9.02708024E-02
  0.103372544    
  0.117416374    
  0.132435694    
  0.148464590    
  0.165536538    
  0.183685437    
  0.202944875    
  0.223348677    
  0.244930357    
  0.267723382    
  0.291761339    
  0.317077637    
  0.343705118    
  0.371676117    
  0.401022643    
  0.431776375    
  0.463968098    
  0.497628003    
  0.532785654    
  0.569470227    
  0.607709408    
  0.647530973    
  0.688962638    
  0.732030630    
  0.776761532    
  0.823181808    
  0.871318579    
  -2.60251909E-02
  -2.57402994E-02
  -2.50688456E-02
  -2.40680501E-02
  -2.27484349E-02
  -2.11006068E-02
  -1.91057641E-02
  -1.67402010E-02
  -1.39774773E-02
  -1.07896086E-02
  -7.14760832E-03
  -3.02185258E-03
   1.61772477E-03
   6.80150511E-03
   1.25601143E-02
   1.89243536E-02
   2.59251967E-02
   3.35936919E-02
   4.19610664E-02
   5.10586947E-02
   6.09179325E-02
   7.15702921E-02
   8.30475390E-02
   9.53812897E-02
  0.108603321    
  0.122745477    
  0.137840122    
  0.153919131    
  0.171014786    
  0.189159349    
  0.208385020    
  0.228724107    
  0.250208855    
  0.272871524    
  0.296744227    
  0.321858853    
  0.348246515    
  0.375938267    
  0.404964566    
  0.435355127    
  0.467138410    
  0.500342727    
  0.534994900    
  0.571120620    
  0.608744800    
  0.647892177    
  0.688585699    
  0.730848432    
  0.774702787    
  0.820172131    
  -2.63696518E-02
  -2.61061545E-02
  -2.54849680E-02
  -2.45587863E-02
  -2.33371202E-02
  -2.18110979E-02
  -1.99631546E-02
  -1.77711956E-02
  -1.52106248E-02
  -1.22553986E-02
  -8.87856260E-03
  -5.05257165E-03
  -7.49471132E-04
   4.05899202E-03
   9.40129999E-03
   1.53061105E-02
   2.18022410E-02
   2.89186090E-02
   3.66842858E-02
   4.51284796E-02
   5.42804226E-02
   6.41695857E-02
   7.48255253E-02
   8.62778649E-02
   9.85563770E-02
  0.111690901    
  0.125711724    
  0.140648991    
  0.156532973    
  0.173394263    
  0.191263333    
  0.210170910    
  0.230147913    
  0.251224965    
  0.273433030    
  0.296802700    
  0.321364075    
  0.347147167    
  0.374181449    
  0.402495533    
  0.432116717    
  0.463071734    
  0.495385677    
  0.529082119    
  0.564182997    
  0.600709796    
  0.638681293    
  0.678116024    
  0.719031513    
  0.761445880    
  -2.67301649E-02
  -2.64902078E-02
  -2.59243809E-02
  -2.50804964E-02
  -2.39670444E-02
  -2.25757901E-02
  -2.08906066E-02
  -1.88912451E-02
  -1.65551845E-02
  -1.38585800E-02
  -1.07767759E-02
  -7.28456676E-03
  -3.35637736E-03
   1.03364373E-03
   5.91156399E-03
   1.13036120E-02
   1.72361806E-02
   2.37357523E-02
   3.08289733E-02
   3.85426134E-02
   4.69034985E-02
   5.59386909E-02
   6.56753182E-02
   7.61406869E-02
   8.73621777E-02
   9.93673876E-02
  0.112184279    
  0.125840828    
  0.140365154    
  0.155785710    
  0.172131136    
  0.189430267    
  0.207712173    
  0.227006033    
  0.247341380    
  0.268747449    
  0.291253477    
  0.314888597    
  0.339681238    
  0.365659565    
  0.392850399    
  0.421279162    
  0.450969905    
  0.481944233    
  0.514221549    
  0.547819555    
  0.582752466    
  0.619033039    
  0.656672597    
  0.695682347    
  -2.71053072E-02
  -2.68908404E-02
  -2.63850223E-02
  -2.56304592E-02
  -2.46345866E-02
  -2.33899523E-02
  -2.18820311E-02
  -2.00926084E-02
  -1.80014838E-02
  -1.55872414E-02
  -1.28277643E-02
  -9.70042031E-03
  -6.18227152E-03
  -2.25011120E-03
   2.11946061E-03
   6.94998959E-03
   1.22651746E-02
   1.80888139E-02
   2.44448576E-02
   3.13573591E-02
   3.88505086E-02
   4.69486043E-02
   5.56761548E-02
   6.50577769E-02
   7.51182064E-02
   8.58825073E-02
   9.73759443E-02
  0.109624065    
  0.122652523    
  0.136487395    
  0.151155010    
  0.166682035    
  0.183095500    
  0.200422943    
  0.218692079    
  0.237930998    
  0.258167863    
  0.279430985    
  0.301748753    
  0.325148940    
  0.349658310    
  0.375302881    
  0.402106255    
  0.430089504    
  0.459270239    
  0.489662707    
  0.521276653    
  0.554117799    
  0.588188231    
  0.623489618    
  -2.74935272E-02
  -2.73062941E-02
  -2.68646590E-02
  -2.62057036E-02
  -2.53358111E-02
  -2.42484082E-02
  -2.29307413E-02
  -2.13668086E-02
  -1.95389353E-02
  -1.74283348E-02
  -1.50156440E-02
  -1.22810351E-02
  -9.20442026E-03
  -5.76546555E-03
  -1.94366486E-03
   2.28161761E-03
   6.93114614E-03
   1.20258024E-02
   1.75865926E-02
   2.36346219E-02
   3.01911421E-02
   3.72775085E-02
   4.49152999E-02
   5.31262010E-02
   6.19320385E-02
   7.13549182E-02
   8.14172849E-02
   9.21418220E-02
  0.103551388    
  0.115669340    
  0.128519416    
  0.142125741    
  0.156513035    
  0.171706617    
  0.187732324    
  0.204616770    
  0.222387224    
  0.241071030    
  0.260696679    
  0.281292528    
  0.302886724    
  0.325506747    
  0.349178374    
  0.373924017    
  0.399762154    
  0.426705927    
  0.454760730    
  0.483924329    
  0.514186919    
  0.545534551    
  -2.78931540E-02
  -2.77346950E-02
  -2.73608845E-02
  -2.68030334E-02
  -2.60664802E-02
  -2.51455922E-02
  -2.40295362E-02
  -2.27047112E-02
  -2.11561061E-02
  -1.93677749E-02
  -1.73232835E-02
  -1.50058065E-02
  -1.23982914E-02
  -9.48347803E-03
  -6.24396000E-03
  -2.66221655E-03
   1.27939228E-03
   5.59860421E-03
   1.03132660E-02
   1.54413329E-02
   2.10008770E-02
   2.70101037E-02
   3.34873721E-02
   4.04512063E-02
   4.79202457E-02
   5.59134223E-02
   6.44500181E-02
   7.35495165E-02
   8.32316950E-02
   9.35168117E-02
  0.104425579    
  0.115979224    
  0.128199711    
  0.141109705    
  0.154732794    
  0.169093594    
  0.184217840    
  0.200132325    
  0.216865420    
  0.234446570    
  0.252906293    
  0.272275716    
  0.292585701    
  0.313864470    
  0.336136520    
  0.359419018    
  0.383717746    
  0.409023345    
  0.435310125    
  0.462538213    
  -2.83024367E-02
  -2.81740557E-02
  -2.78711580E-02
  -2.74190810E-02
  -2.68220957E-02
  -2.60755960E-02
  -2.51707844E-02
  -2.40966100E-02
  -2.28408594E-02
  -2.13905890E-02
  -1.97324604E-02
  -1.78528018E-02
  -1.57377683E-02
  -1.33733395E-02
  -1.07453810E-02
  -7.83965550E-03
  -4.64183558E-03
  -1.13750331E-03
   2.68785865E-03
   6.84884936E-03
   1.13601787E-02
   1.62366666E-02
   2.14932784E-02
   2.71451250E-02
   3.32074612E-02
   3.96957844E-02
   4.66258675E-02
   5.40137775E-02
   6.18758462E-02
   7.02288598E-02
   7.90901110E-02
   8.84774253E-02
   9.84094739E-02
  0.108905733    
  0.119986817    
  0.131674662    
  0.143992737    
  0.156966448    
  0.170623586    
  0.184994400    
  0.200112283    
  0.216013804    
  0.232737988    
  0.250325322    
  0.268815607    
  0.288242459    
  0.308625430    
  0.329959154    
  0.352201283    
  0.375266761    
  -2.87195388E-02
  -2.86222920E-02
  -2.83928197E-02
  -2.80503016E-02
  -2.75979415E-02
  -2.70322282E-02
  -2.63464842E-02
  -2.55323127E-02
  -2.45804489E-02
  -2.34810486E-02
  -2.22240258E-02
  -2.07989682E-02
  -1.91953983E-02
  -1.74026545E-02
  -1.54100163E-02
  -1.32066784E-02
  -1.07817659E-02
  -8.12432915E-03
  -5.22333151E-03
  -2.06768676E-03
   1.35378435E-03
   5.05236397E-03
   9.03943740E-03
   1.33265136E-02
   1.79252420E-02
   2.28474624E-02
   2.81052496E-02
   3.37109007E-02
   3.96770351E-02
   4.60166223E-02
   5.27430624E-02
   5.98703921E-02
   6.74133077E-02
   7.53874034E-02
   8.38094205E-02
   9.26976353E-02
  0.102072008    
  0.111954920    
  0.122371934    
  0.133352578    
  0.144931495    
  0.157149911    
  0.170057029    
  0.183710918    
  0.198178872    
  0.213534057    
  0.229845032    
  0.247153208    
  0.265431821    
  0.284527630    
  -2.91425660E-02
  -2.90772505E-02
  -2.89231110E-02
  -2.86930278E-02
  -2.83891242E-02
  -2.80090459E-02
  -2.75482982E-02
  -2.70012338E-02
  -2.63616201E-02
  -2.56228149E-02
  -2.47780681E-02
  -2.38203499E-02
  -2.27426272E-02
  -2.15377249E-02
  -2.01984439E-02
  -1.87175013E-02
  -1.70875899E-02
  -1.53013421E-02
  -1.33513184E-02
  -1.12300692E-02
  -8.93006381E-03
  -6.44370075E-03
  -3.76330363E-03
  -8.81107931E-04
   2.21075374E-03
   5.52028278E-03
   9.05565452E-03
   1.28252050E-02
   1.68375168E-02
   2.11014412E-02
   2.56261732E-02
   3.04214023E-02
   3.54973041E-02
   4.08648737E-02
   4.65360321E-02
   5.25239930E-02
   5.88436015E-02
   6.55120313E-02
   7.25496560E-02
   7.99812824E-02
   8.78380537E-02
   9.61601958E-02
  0.105001129    
  0.114433222    
  0.124556057    
  0.135506034    
  0.147463813    
  0.160645694    
  0.175237760    
  0.191158488    
  -2.95695700E-02
  -2.95367185E-02
  -2.94591989E-02
  -2.93434765E-02
  -2.91906185E-02
  -2.89994385E-02
  -2.87676826E-02
  -2.84924898E-02
  -2.81707384E-02
  -2.77990717E-02
  -2.73741074E-02
  -2.68922877E-02
  -2.63500884E-02
  -2.57439017E-02
  -2.50700936E-02
  -2.43250001E-02
  -2.35049482E-02
  -2.26062182E-02
  -2.16250680E-02
  -2.05577537E-02
  -1.94004793E-02
  -1.81494113E-02
  -1.68006793E-02
  -1.53503725E-02
  -1.37945190E-02
  -1.21290740E-02
  -1.03499107E-02
  -8.45281500E-03
  -6.43343292E-03
  -4.28727176E-03
  -2.00963113E-03
   4.04425577E-04
   2.96014873E-03
   5.66322822E-03
   8.51989258E-03
   1.15371393E-02
   1.47229610E-02
   1.80868227E-02
   2.16402840E-02
   2.53979862E-02
   2.93792970E-02
   3.36110555E-02
   3.81323174E-02
   4.30029519E-02
   4.83199544E-02
   5.42491525E-02
   6.10890575E-02
   6.94038048E-02
   8.03059191E-02
   9.60227177E-02
  -2.99985707E-02
  -2.99984608E-02
  -2.99982037E-02
  -2.99978182E-02
  -2.99973059E-02
  -2.99966745E-02
  -2.99959052E-02
  -2.99949870E-02
  -2.99939197E-02
  -2.99926829E-02
  -2.99912803E-02
  -2.99896747E-02
  -2.99878716E-02
  -2.99858581E-02
  -2.99836174E-02
  -2.99811438E-02
  -2.99784206E-02
  -2.99754310E-02
  -2.99721733E-02
  -2.99686249E-02
  -2.99647786E-02
  -2.99606230E-02
  -2.99561471E-02
  -2.99513284E-02
  -2.99461577E-02
  -2.99406238E-02
  -2.99347118E-02
  -2.99284123E-02
  -2.99217068E-02
  -2.99145784E-02
  -2.99070086E-02
  -2.98989825E-02
  -2.98904981E-02
  -2.98815183E-02
  -2.98720282E-02
  -2.98619997E-02
  -2.98514161E-02
  -2.98402440E-02
  -2.98284367E-02
  -2.98159495E-02
  -2.98027303E-02
  -2.97886655E-02
  -2.97736414E-02
  -2.97574587E-02
  -2.97397878E-02
  -2.97200885E-02
  -2.96973530E-02
  -2.96690334E-02
  -2.94892695E-02
   0.00000000    
