  -7.70709738E-02
  -7.69578591E-02
  -7.67634585E-02
  -7.66151920E-02
  -7.66153261E-02
  -7.68471435E-02
  -7.73805678E-02
  -7.82766491E-02
  -7.95903131E-02
  -8.13721046E-02
  -8.36696774E-02
  -8.65284503E-02
  -8.99920836E-02
  -9.41031054E-02
  -9.89030376E-02
 -0.104432628    
 -0.110732056    
 -0.117841065    
 -0.125798911    
 -0.134644598    
 -0.144416749    
 -0.155153841    
 -0.166894183    
 -0.179675817    
 -0.193536669    
 -0.208514541    
 -0.224647194    
 -0.241972104    
 -0.260526717    
 -0.280348361    
 -0.301474452    
 -0.323942304    
 -0.347788990    
 -0.373051792    
 -0.399767727    
 -0.427973896    
 -0.457707226    
 -0.489004731    
 -0.521903396    
 -0.556439996    
 -0.592651427    
 -0.630574524    
 -0.670246184    
 -0.711703420    
 -0.754982650    
 -0.800120831    
 -0.847155094    
 -0.896121800    
 -0.947057903    
  -1.00000000    
  -7.70744160E-02
  -7.69600943E-02
  -7.67627954E-02
  -7.66100809E-02
  -7.66041502E-02
  -7.68281892E-02
  -7.73519576E-02
  -7.82363564E-02
  -7.95361400E-02
  -8.13016593E-02
  -8.35804343E-02
  -8.64176899E-02
  -8.98569152E-02
  -9.39404592E-02
  -9.87096801E-02
 -0.104205154    
 -0.110466890    
 -0.117534474    
 -0.125446960    
 -0.134243220    
 -0.143961683    
 -0.154640660    
 -0.166318282    
 -0.179032445    
 -0.192820892    
 -0.207721248    
 -0.223771140    
 -0.241007894    
 -0.259468704    
 -0.279190779    
 -0.300211400    
 -0.322567582    
 -0.346296370    
 -0.371434897    
 -0.398019820    
 -0.426088184    
 -0.455676913    
 -0.486822546    
 -0.519562244    
 -0.553932250    
 -0.589969575    
 -0.627710760    
 -0.667192221    
 -0.708451390    
 -0.751524210    
 -0.796447575    
 -0.843258202    
 -0.891992688    
 -0.942687511    
 -0.995379090    
  -7.70848244E-02
  -7.69669041E-02
  -7.67609254E-02
  -7.65948817E-02
  -7.65708387E-02
  -7.67716169E-02
  -7.72665367E-02
  -7.81159997E-02
  -7.93742687E-02
  -8.10911655E-02
  -8.33137110E-02
  -8.60866010E-02
  -8.94528180E-02
  -9.34542045E-02
  -9.81315821E-02
 -0.103525050    
 -0.109674089    
 -0.116617724    
 -0.124394558    
 -0.133042961    
 -0.142600834    
 -0.153106019    
 -0.164596111    
 -0.177108482    
 -0.190680400    
 -0.205348998    
 -0.221151367    
 -0.238124326    
 -0.256304711    
 -0.275729001    
 -0.296433896    
 -0.318456322    
 -0.341832578    
 -0.366599113    
 -0.392792493    
 -0.420448959    
 -0.449604899    
 -0.480296612    
 -0.512560308    
 -0.546432197    
 -0.581948757    
 -0.619145274    
 -0.658058882    
 -0.698725522    
 -0.741181016    
 -0.785461783    
 -0.831603944    
 -0.879643500    
 -0.929616511    
 -0.981559157    
  -7.71024078E-02
  -7.69785419E-02
  -7.67582059E-02
  -7.65701085E-02
  -7.65160695E-02
  -7.66783431E-02
  -7.71254897E-02
  -7.79171139E-02
  -7.91066140E-02
  -8.07430223E-02
  -8.28724504E-02
  -8.55387524E-02
  -8.87840390E-02
  -9.26493630E-02
  -9.71746296E-02
 -0.102399133    
 -0.108361483    
 -0.115099862    
 -0.122652039    
 -0.131055519    
 -0.140347436    
 -0.150564745    
 -0.161744192    
 -0.173922345    
 -0.187135682    
 -0.201420322    
 -0.216812670    
 -0.233348712    
 -0.251064301    
 -0.269995391    
 -0.290177763    
 -0.311647236    
 -0.334439427    
 -0.358590037    
 -0.384134591    
 -0.411108792    
 -0.439547837    
 -0.469487548    
 -0.500962973    
 -0.534009695    
 -0.568663120    
 -0.604958355    
 -0.642930746    
 -0.682615817    
 -0.724048913    
 -0.767265320    
 -0.812300265    
 -0.859188735    
 -0.907966137    
 -0.958667874    
  -7.71275386E-02
  -7.69954398E-02
  -7.67552108E-02
  -7.65365437E-02
  -7.64409602E-02
  -7.65498653E-02
  -7.69307837E-02
  -7.76422322E-02
  -7.87364319E-02
  -8.02612230E-02
  -8.22615474E-02
  -8.47800449E-02
  -8.78576636E-02
  -9.15342793E-02
  -9.58486572E-02
 -0.100838773    
 -0.106542215    
 -0.112995923    
 -0.120236479    
 -0.128300309    
 -0.137223303    
 -0.147041306    
 -0.157789886    
 -0.169504479    
 -0.182220355    
 -0.195972502    
 -0.210796088    
 -0.226726100    
 -0.243797094    
 -0.262043953    
 -0.281501323    
 -0.302203864    
 -0.324185967    
 -0.347482115    
 -0.372126698    
 -0.398154408    
 -0.425599128    
 -0.454495519    
 -0.484877646    
 -0.516779840    
 -0.550236166    
 -0.585280657    
 -0.621947825    
 -0.660271466    
 -0.700286388    
 -0.742026448    
 -0.785525322    
 -0.830817223    
 -0.877936244    
 -0.926916778    
  -7.71607161E-02
  -7.70181790E-02
  -7.67527372E-02
  -7.64953196E-02
  -7.63470531E-02
  -7.63882622E-02
  -7.66851828E-02
  -7.72948861E-02
  -7.82681629E-02
  -7.96513110E-02
  -8.14877748E-02
  -8.38186517E-02
  -8.66834670E-02
  -9.01205018E-02
  -9.41670910E-02
  -9.88597125E-02
 -0.104234412    
 -0.110326715    
 -0.117171638    
 -0.124804161    
 -0.133258760    
 -0.142569661    
 -0.152771086    
 -0.163896948    
 -0.175981164    
 -0.189057067    
 -0.203158468    
 -0.218318835    
 -0.234571382    
 -0.251949430    
 -0.270486116    
 -0.290214688    
 -0.311168045    
 -0.333379030    
 -0.356880993    
 -0.381706595    
 -0.407888710    
 -0.435460269    
 -0.464454204    
 -0.494902879    
 -0.526839077    
 -0.560295522    
 -0.595304966    
 -0.631900132    
 -0.670113742    
 -0.709978640    
 -0.751526892    
 -0.794791579    
 -0.839804828    
 -0.886599302    
  -7.72025809E-02
  -7.70475194E-02
  -7.67518058E-02
  -7.64478669E-02
  -7.62363076E-02
  -7.61961862E-02
  -7.63921440E-02
  -7.68795982E-02
  -7.77074695E-02
  -7.89203420E-02
  -8.05597454E-02
  -8.26650038E-02
  -8.52738544E-02
  -8.84227753E-02
  -9.21472311E-02
  -9.64819491E-02
 -0.101461157    
 -0.107118599    
 -0.113487564    
 -0.120601170    
 -0.128492147    
 -0.137192965    
 -0.146736071    
 -0.157153606    
 -0.168477595    
 -0.180739880    
 -0.193972334    
 -0.208206564    
 -0.223474145    
 -0.239806503    
 -0.257235199    
 -0.275791615    
 -0.295507044    
 -0.316412538    
 -0.338539302    
 -0.361918598    
 -0.386581331    
 -0.412558794    
 -0.439881980    
 -0.468581676    
 -0.498688817    
 -0.530234277    
 -0.563249111    
 -0.597764015    
 -0.633810282    
 -0.671418667    
 -0.710619867    
 -0.751444876    
 -0.793923914    
 -0.838088095    
  -7.72538930E-02
  -7.70843402E-02
  -7.67536312E-02
  -7.63958693E-02
  -7.61110708E-02
  -7.59768113E-02
  -7.60558993E-02
  -7.64017627E-02
  -7.70611688E-02
  -7.80767202E-02
  -7.94877931E-02
  -8.13316181E-02
  -8.36437866E-02
  -8.64586756E-02
  -8.98097381E-02
  -9.37295258E-02
  -9.82502177E-02
 -0.103403486    
 -0.109220527    
 -0.115732387    
 -0.122969754    
 -0.130963102    
 -0.139742717    
 -0.149338767    
 -0.159781247    
 -0.171099782    
 -0.183324382    
 -0.196484655    
 -0.210609898    
 -0.225729585    
 -0.241873339    
 -0.259070277    
 -0.277349889    
 -0.296741158    
 -0.317272991    
 -0.338974655    
 -0.361875236    
 -0.386003822    
 -0.411389261    
 -0.438060313    
 -0.466046065    
 -0.495375037    
 -0.526076615    
 -0.558179498    
 -0.591712058    
 -0.626703501    
 -0.663182318    
 -0.701177478    
 -0.740717590    
 -0.781831443    
  -7.73155466E-02
  -7.71296993E-02
  -7.67596290E-02
  -7.63413087E-02
  -7.59740844E-02
  -7.57338330E-02
  -7.56812841E-02
  -7.58675784E-02
  -7.63371885E-02
  -7.71303251E-02
  -7.82839805E-02
  -7.98329860E-02
  -8.18105862E-02
  -8.42487291E-02
  -8.71785879E-02
  -9.06303599E-02
  -9.46337879E-02
  -9.92181823E-02
 -0.104412496    
 -0.110245436    
 -0.116745286    
 -0.123940289    
 -0.131858349    
 -0.140527338    
 -0.149974987    
 -0.160228595    
 -0.171315759    
 -0.183263734    
 -0.196099713    
 -0.209850982    
 -0.224544451    
 -0.240207136    
 -0.256866157    
 -0.274548262    
 -0.293280005    
 -0.313088447    
 -0.334000200    
 -0.356042117    
 -0.379240662    
 -0.403622329    
 -0.429213881    
 -0.456041753    
 -0.484132648    
 -0.513512671    
 -0.544208586    
 -0.576246619    
 -0.609653056    
 -0.644454777    
 -0.680678129    
 -0.718349338    
  -7.73885176E-02
  -7.71847442E-02
  -7.67713785E-02
  -7.62864053E-02
  -7.58284107E-02
  -7.54713863E-02
  -7.52737448E-02
  -7.52841160E-02
  -7.55444169E-02
  -7.60921985E-02
  -7.69618228E-02
  -7.81854689E-02
  -7.97937810E-02
  -8.18161070E-02
  -8.42809379E-02
  -8.72159079E-02
  -9.06481445E-02
  -9.46044028E-02
  -9.91109982E-02
 -0.104194067    
 -0.109879352    
 -0.116192520    
 -0.123158917    
 -0.130803868    
 -0.139152467    
 -0.148229629    
 -0.158060253    
 -0.168669134    
 -0.180080831    
 -0.192320094    
 -0.205411389    
 -0.219379127    
 -0.234247714    
 -0.250041604    
 -0.266784757    
 -0.284501523    
 -0.303216189    
 -0.322952747    
 -0.343735337    
 -0.365587711    
 -0.388534009    
 -0.412598372    
 -0.437804759    
 -0.464176953    
 -0.491739064    
 -0.520514548    
 -0.550527334    
 -0.581801474    
 -0.614360511    
 -0.648228347    
  -7.74739012E-02
  -7.72507936E-02
  -7.67906383E-02
  -7.62336478E-02
  -7.56774694E-02
  -7.51940534E-02
  -7.48393238E-02
  -7.46591538E-02
  -7.46926963E-02
  -7.49745518E-02
  -7.55362660E-02
  -7.64071569E-02
  -7.76150152E-02
  -7.91863129E-02
  -8.11466873E-02
  -8.35209787E-02
  -8.63334686E-02
  -8.96081254E-02
  -9.33684483E-02
  -9.76376832E-02
 -0.102438882    
 -0.107794896    
 -0.113728315    
 -0.120261610    
 -0.127417222    
 -0.135217234    
 -0.143683806    
 -0.152838841    
 -0.162704349    
 -0.173302144    
 -0.184653968    
 -0.196781546    
 -0.209706426    
 -0.223450214    
 -0.238034412    
 -0.253480405    
 -0.269809574    
 -0.287043303    
 -0.305202842    
 -0.324309319    
 -0.344384223    
 -0.365448445    
 -0.387523502    
 -0.410630286    
 -0.434790015    
 -0.460023463    
 -0.486351907    
 -0.513796151    
 -0.542377472    
 -0.572116613    
  -7.75728896E-02
  -7.73292184E-02
  -7.68193230E-02
  -7.61856586E-02
  -7.55249262E-02
  -7.49068260E-02
  -7.43845776E-02
  -7.40011334E-02
  -7.37926736E-02
  -7.37906322E-02
  -7.40235522E-02
  -7.45176896E-02
  -7.52976984E-02
  -7.63870701E-02
  -7.78083578E-02
  -7.95833394E-02
  -8.17333534E-02
  -8.42792690E-02
  -8.72416496E-02
  -9.06407386E-02
  -9.44965333E-02
  -9.88289863E-02
 -0.103657648    
 -0.109002084    
 -0.114881627    
 -0.121315546    
 -0.128322989    
 -0.135922953    
 -0.144134477    
 -0.152976349    
 -0.162467450    
 -0.172626451    
 -0.183472067    
 -0.195022985    
 -0.207297638    
 -0.220314369    
 -0.234091580    
 -0.248647928    
 -0.264001548    
 -0.280170709    
 -0.297173858    
 -0.315028906    
 -0.333754271    
 -0.353368104    
 -0.373888284    
 -0.395333171    
 -0.417720437    
 -0.441068262    
 -0.465394586    
 -0.490717530    
  -7.76867345E-02
  -7.74215013E-02
  -7.68594369E-02
  -7.61452839E-02
  -7.53746927E-02
  -7.46149719E-02
  -7.39165395E-02
  -7.33191222E-02
  -7.28557259E-02
  -7.25546181E-02
  -7.24410564E-02
  -7.25379959E-02
  -7.28669241E-02
  -7.34480545E-02
  -7.43006766E-02
  -7.54434466E-02
  -7.68944100E-02
  -7.86713287E-02
  -8.07915926E-02
  -8.32722187E-02
  -8.61301050E-02
  -8.93820003E-02
  -9.30443332E-02
  -9.71335471E-02
 -0.101665862    
 -0.106657349    
 -0.112124108    
 -0.118082032    
 -0.124546990    
 -0.131534636    
 -0.139060825    
 -0.147140995    
 -0.155790791    
 -0.165025875    
 -0.174861431    
 -0.185312852    
 -0.196395397    
 -0.208124414    
 -0.220514953    
 -0.233582288    
 -0.247341499    
 -0.261807531    
 -0.276995748    
 -0.292920947    
 -0.309598058    
 -0.327041954    
 -0.345267594    
 -0.364289880    
 -0.384123534    
 -0.404783279    
  -7.78167248E-02
  -7.75292069E-02
  -7.69130960E-02
  -7.61155114E-02
  -7.52309114E-02
  -7.43241161E-02
  -7.34425336E-02
  -7.26225600E-02
  -7.18939230E-02
  -7.12814927E-02
  -7.08070919E-02
  -7.04902932E-02
  -7.03491718E-02
  -7.04005361E-02
  -7.06603527E-02
  -7.11438954E-02
  -7.18659088E-02
  -7.28407726E-02
  -7.40825832E-02
  -7.56050348E-02
  -7.74217099E-02
  -7.95461014E-02
  -8.19913372E-02
  -8.47706199E-02
  -8.78968686E-02
  -9.13829207E-02
  -9.52415466E-02
  -9.94855985E-02
 -0.104127452    
 -0.109179683    
 -0.114654712    
 -0.120564885    
 -0.126922533    
 -0.133740023    
 -0.141029462    
 -0.148802921    
 -0.157072410    
 -0.165849924    
 -0.175147429    
 -0.184976801    
 -0.195349827    
 -0.206278294    
 -0.217774257    
 -0.229849085    
 -0.242514655    
 -0.255782485    
 -0.269664139    
 -0.284171343    
 -0.299315572    
 -0.315108210    
  -7.79642612E-02
  -7.76539221E-02
  -7.69825131E-02
  -7.60994405E-02
  -7.50978813E-02
  -7.40400553E-02
  -7.29702264E-02
  -7.19214231E-02
  -7.09198341E-02
  -6.99868351E-02
  -6.91407770E-02
  -6.83976859E-02
  -6.77720383E-02
  -6.72772154E-02
  -6.69257194E-02
  -6.67292550E-02
  -6.66992143E-02
  -6.68464974E-02
  -6.71817213E-02
  -6.77152053E-02
  -6.84571341E-02
  -6.94175139E-02
  -7.06062019E-02
  -7.20329732E-02
  -7.37072825E-02
  -7.56387189E-02
  -7.78366774E-02
  -8.03105682E-02
  -8.30695331E-02
  -8.61227587E-02
  -8.94792899E-02
  -9.31481570E-02
  -9.71383527E-02
 -0.101458795    
 -0.106118418    
 -0.111125834    
 -0.116489671    
 -0.122218661    
 -0.128321350    
 -0.134806275    
 -0.141681910    
 -0.148956671    
 -0.156638950    
 -0.164737120    
 -0.173259512    
 -0.182214275    
 -0.191609621    
 -0.201453745    
 -0.211754784    
 -0.222520858    
  -7.81306997E-02
  -7.77973011E-02
  -7.70699307E-02
  -7.61002377E-02
  -7.49800205E-02
  -7.37688094E-02
  -7.25075677E-02
  -7.12259039E-02
  -6.99463859E-02
  -6.86867833E-02
  -6.74618408E-02
  -6.62840009E-02
  -6.51640594E-02
  -6.41118661E-02
  -6.31362945E-02
  -6.22455738E-02
  -6.14474490E-02
  -6.07493743E-02
  -6.01584204E-02
  -5.96813746E-02
  -5.93249686E-02
  -5.90956956E-02
  -5.89999631E-02
  -5.90440519E-02
  -5.92340566E-02
  -5.95760420E-02
  -6.00760356E-02
  -6.07399307E-02
  -6.15735129E-02
  -6.25825077E-02
  -6.37726113E-02
  -6.51494190E-02
  -6.67184889E-02
  -6.84853345E-02
  -7.04553798E-02
  -7.26339370E-02
  -7.50262216E-02
  -7.76375234E-02
  -8.04729611E-02
  -8.35376233E-02
  -8.68365616E-02
  -9.03747827E-02
  -9.41571891E-02
  -9.81887281E-02
 -0.102474205    
 -0.107018448    
 -0.111826204    
 -0.116902098    
 -0.122250840    
 -0.127877146    
  -7.83174708E-02
  -7.79610276E-02
  -7.71776512E-02
  -7.61211440E-02
  -7.48818442E-02
  -7.35164434E-02
  -7.20626265E-02
  -7.05464631E-02
  -6.89867809E-02
  -6.73977882E-02
  -6.57904595E-02
  -6.41736090E-02
  -6.25543967E-02
  -6.09389544E-02
  -5.93325682E-02
  -5.77398390E-02
  -5.61649278E-02
  -5.46116829E-02
  -5.30835688E-02
  -5.15839159E-02
  -5.01158349E-02
  -4.86823283E-02
  -4.72862609E-02
  -4.59303856E-02
  -4.46173735E-02
  -4.33497652E-02
  -4.21300866E-02
  -4.09607776E-02
  -3.98441851E-02
  -3.87825482E-02
  -3.77781354E-02
  -3.68331000E-02
  -3.59495357E-02
  -3.51295173E-02
  -3.43749598E-02
  -3.36877815E-02
  -3.30697708E-02
  -3.25227045E-02
  -3.20482701E-02
  -3.16481255E-02
  -3.13238278E-02
  -3.10768951E-02
  -3.09088044E-02
  -3.08209825E-02
  -3.08147594E-02
  -3.08914445E-02
  -3.10522802E-02
  -3.12984623E-02
  -3.16311568E-02
  -3.20515111E-02
  -7.85259455E-02
  -7.81467482E-02
  -7.73079768E-02
  -7.61654228E-02
  -7.48078823E-02
  -7.32891634E-02
  -7.16435835E-02
  -6.98936135E-02
  -6.80544078E-02
  -6.61364496E-02
  -6.41470179E-02
  -6.20912276E-02
  -5.99725358E-02
  -5.77934310E-02
  -5.55555113E-02
  -5.32597341E-02
  -5.09066619E-02
  -4.84965034E-02
  -4.60291468E-02
  -4.35043387E-02
  -4.09216583E-02
  -3.82805206E-02
  -3.55802774E-02
  -3.28201428E-02
  -2.99992785E-02
  -2.71167494E-02
  -2.41715796E-02
  -2.11627185E-02
  -1.80890579E-02
  -1.49493990E-02
  -1.17425192E-02
  -8.46713688E-03
  -5.12188999E-03
  -1.70536828E-03
   1.78392942E-03
   5.34755364E-03
   8.98712967E-03
   1.27043510E-02
   1.65009703E-02
   2.03788150E-02
   2.43397765E-02
   2.83857919E-02
   3.25189047E-02
   3.67411710E-02
   4.10547033E-02
   4.54617254E-02
   4.99644689E-02
   5.45652285E-02
   5.92663921E-02
   6.40703440E-02
  -7.87575245E-02
  -7.83561170E-02
  -7.74631798E-02
  -7.62363225E-02
  -7.47626871E-02
  -7.30931237E-02
  -7.12585747E-02
  -6.92779198E-02
  -6.71626553E-02
  -6.49194494E-02
  -6.25519902E-02
  -6.00615926E-02
  -5.74481152E-02
  -5.47103323E-02
  -5.18462062E-02
  -4.88530733E-02
  -4.57278602E-02
  -4.24671583E-02
  -3.90673093E-02
  -3.55244651E-02
  -3.18346657E-02
  -2.79937983E-02
  -2.39976663E-02
  -1.98419821E-02
  -1.55224185E-02
  -1.10345781E-02
  -6.37400104E-03
  -1.53618108E-03
   3.48343910E-03
   8.68947338E-03
   1.40865808E-02
   1.96794793E-02
   2.54729483E-02
   3.14718224E-02
   3.76810357E-02
   4.41055261E-02
   5.07503040E-02
   5.76205440E-02
   6.47213534E-02
   7.20580444E-02
   7.96359032E-02
   8.74602869E-02
   9.55367014E-02
  0.103870720    
  0.112467825    
  0.121333681    
  0.130474031    
  0.139894605    
  0.149601325    
  0.159599945    
  -7.90135711E-02
  -7.85907656E-02
  -7.76455179E-02
  -7.63370618E-02
  -7.47507066E-02
  -7.29344413E-02
  -7.09157214E-02
  -6.87098801E-02
  -6.63247630E-02
  -6.37633279E-02
  -6.10256344E-02
  -5.81092834E-02
  -5.50105385E-02
  -5.17245010E-02
  -4.82455567E-02
  -4.45674248E-02
  -4.06834371E-02
  -3.65866572E-02
  -3.22698615E-02
  -2.77256854E-02
  -2.29466427E-02
  -1.79251339E-02
  -1.26534821E-02
  -7.12394342E-03
  -1.32874085E-03
   4.73995274E-03
   1.10900123E-02
   1.77293569E-02
   2.46659294E-02
   3.19077335E-02
   3.94627526E-02
   4.73391190E-02
   5.55449128E-02
   6.40884191E-02
   7.29778782E-02
   8.22215453E-02
   9.18278098E-02
  0.101805158    
  0.112162061    
  0.122907199    
  0.134049237    
  0.145596817    
  0.157558903    
  0.169944376    
  0.182762235    
  0.196021333    
  0.209730938    
  0.223900184    
  0.238538384    
  0.253654689    
  -7.92953819E-02
  -7.88522586E-02
  -7.78571814E-02
  -7.64707103E-02
  -7.47763366E-02
  -7.28190318E-02
  -7.06229210E-02
  -6.81997463E-02
  -6.55537695E-02
  -6.26843572E-02
  -5.95879368E-02
  -5.62585033E-02
  -5.26887514E-02
  -4.88702655E-02
  -4.47938181E-02
  -4.04496267E-02
  -3.58275361E-02
  -3.09170950E-02
  -2.57076006E-02
  -2.01882441E-02
  -1.43480860E-02
  -8.17610603E-03
  -1.66122371E-03
   5.20768296E-03
   1.24417711E-02
   2.00522188E-02
   2.80502252E-02
   3.64470482E-02
   4.52539325E-02
   5.44821769E-02
   6.41430542E-02
   7.42479041E-02
   8.48081633E-02
   9.58353132E-02
  0.107340835    
  0.119336262    
  0.131833240    
  0.144843563    
  0.158378869    
  0.172451049    
  0.187072054    
  0.202253759    
  0.218008474    
  0.234348178    
  0.251285344    
  0.268832147    
  0.287001103    
  0.305804551    
  0.325254947    
  0.345365107    
  -7.96042085E-02
  -7.91420713E-02
  -7.81002566E-02
  -7.66403079E-02
  -7.48438090E-02
  -7.27527291E-02
  -7.03878552E-02
  -6.77575022E-02
  -6.48623854E-02
  -6.16983585E-02
  -5.82583249E-02
  -5.45327999E-02
  -5.05109988E-02
  -4.61810306E-02
  -4.15302403E-02
  -3.65453996E-02
  -3.12129576E-02
  -2.55190432E-02
  -1.94496084E-02
  -1.29904719E-02
  -6.12734864E-03
   1.15410832E-03
   8.86827521E-03
   1.70295518E-02
   2.56523676E-02
   3.47511619E-02
   4.43403348E-02
   5.44343442E-02
   6.50476962E-02
   7.61948153E-02
   8.78901258E-02
  0.100148186    
  0.112983488    
  0.126410648    
  0.140444249    
  0.155099034    
  0.170389727    
  0.186331138    
  0.202938214    
  0.220225856    
  0.238208964    
  0.256902665    
  0.276322365    
  0.296483368    
  0.317401111    
  0.339090794    
  0.361568451    
  0.384849280    
  0.408949137    
  0.433883846    
  -7.99411833E-02
  -7.94616118E-02
  -7.83767328E-02
  -7.68487304E-02
  -7.49571472E-02
  -7.27410540E-02
  -7.02179223E-02
  -6.73927590E-02
  -6.42628074E-02
  -6.08205870E-02
  -5.70555367E-02
  -5.29549122E-02
  -4.85045128E-02
  -4.36890982E-02
  -3.84927280E-02
  -3.28988768E-02
  -2.68906988E-02
  -2.04510596E-02
  -1.35626653E-02
  -6.20809710E-03
   1.63014082E-03
   9.96959675E-03
   1.88278183E-02
   2.82223765E-02
   3.81708071E-02
   4.86906618E-02
   5.97994626E-02
   7.15147406E-02
   8.38540345E-02
   9.68347639E-02
  0.110474467    
  0.124790646    
  0.139800757    
  0.155522451    
  0.171973169    
  0.189170718    
  0.207132652    
  0.225876942    
  0.245421216    
  0.265783340    
  0.286981285    
  0.309033066    
  0.331957012    
  0.355771571    
  0.380494952    
  0.406145483    
  0.432741940    
  0.460302740    
  0.488846570    
  0.518392622    
  -8.03073943E-02
  -7.98121765E-02
  -7.86884502E-02
  -7.70986378E-02
  -7.51201808E-02
  -7.27892667E-02
  -7.01201335E-02
  -6.71146065E-02
  -6.37666658E-02
  -6.00655414E-02
  -5.59974648E-02
  -5.15464842E-02
  -4.66952249E-02
  -4.14252505E-02
  -3.57174575E-02
  -2.95522138E-02
  -2.29095034E-02
  -1.57691054E-02
  -8.11062008E-03
   8.64499525E-05
   8.84265918E-03
   1.81785952E-02
   2.81148367E-02
   3.86719517E-02
   4.98704426E-02
   6.17308393E-02
   7.42735937E-02
   8.75191316E-02
  0.101487875    
  0.116200157    
  0.131676331    
  0.147936672    
  0.165001541    
  0.182891354    
  0.201626301    
  0.221227005    
  0.241713583    
  0.263106823    
  0.285427183    
  0.308695257    
  0.332931519    
  0.358157128    
  0.384393126    
  0.411660373    
  0.439979941    
  0.469373137    
  0.499861300    
  0.531466007    
  0.564208448    
  0.598110497    
  -8.07037950E-02
  -8.01949501E-02
  -7.90371001E-02
  -7.73925260E-02
  -7.53364637E-02
  -7.29022324E-02
  -7.01010451E-02
  -6.69316053E-02
  -6.33848161E-02
  -5.94468489E-02
  -5.51008768E-02
  -5.03279231E-02
  -4.51075993E-02
  -3.94185223E-02
  -3.32385823E-02
  -2.65451875E-02
  -1.93153843E-02
  -1.15260240E-02
  -3.15379049E-03
   5.82471490E-03
   1.54329343E-02
   2.56943144E-02
   3.66322920E-02
   4.82702479E-02
   6.06315099E-02
   7.37393424E-02
   8.76169801E-02
  0.102287538    
  0.117774196    
  0.134100020    
  0.151287884    
  0.169360653    
  0.188341469    
  0.208253145    
  0.229118675    
  0.250960886    
  0.273802698    
  0.297667116    
  0.322577447    
  0.348556608    
  0.375627786    
  0.403814405    
  0.433139980    
  0.463628113    
  0.495302200    
  0.528186142    
  0.562303901    
  0.597679615    
  0.634337187    
  0.672300994    
  -8.11311826E-02
  -8.06109309E-02
  -7.94241726E-02
  -7.77326375E-02
  -7.56092146E-02
  -7.30844438E-02
  -7.01666623E-02
  -6.68516085E-02
  -6.31273538E-02
  -5.89771569E-02
  -5.43813147E-02
  -4.93181236E-02
  -4.37643677E-02
  -3.76958996E-02
  -3.10878344E-02
  -2.39148252E-02
  -1.61511954E-02
  -7.77107384E-03
   1.25157414E-03
   1.09428447E-02
   2.13288646E-02
   3.24357525E-02
   4.42895778E-02
   5.69163859E-02
   7.03420788E-02
   8.45924839E-02
   9.96934026E-02
  0.115670487    
  0.132549375    
  0.150355622    
  0.169114605    
  0.188851565    
  0.209591955    
  0.231360942    
  0.254183829    
  0.278085887    
  0.303092211    
  0.329227924    
  0.356518805    
  0.384989858    
  0.414666712    
  0.445575029    
  0.477740318    
  0.511188567    
  0.545945406    
  0.582037091    
  0.619489849    
  0.658330202    
  0.698583901    
  0.740278065    
  -8.15902874E-02
  -8.10610056E-02
  -7.98510164E-02
  -7.81209618E-02
  -7.59413168E-02
  -7.33399317E-02
  -7.03224242E-02
  -6.68817610E-02
  -6.30033910E-02
  -5.86679056E-02
  -5.38529791E-02
  -4.85343561E-02
  -4.26862985E-02
  -3.62820663E-02
  -2.92942766E-02
  -2.16950551E-02
  -1.34562394E-02
  -4.54944884E-03
   5.05383313E-03
   1.53821809E-02
   2.64641885E-02
   3.83284092E-02
   5.10033630E-02
   6.45174757E-02
   7.88990930E-02
   9.41763669E-02
  0.110377423    
  0.127530247    
  0.145662710    
  0.164802581    
  0.184977397    
  0.206214905    
  0.228542373    
  0.251987219    
  0.276576757    
  0.302338272    
  0.329298854    
  0.357485741    
  0.386926383    
  0.417648077    
  0.449678242    
  0.483044326    
  0.517774403    
  0.553895652    
  0.591436148    
  0.630423903    
  0.670887172    
  0.712854385    
  0.756353557    
  0.801413655    
  -8.20816532E-02
  -8.15459043E-02
  -8.03187415E-02
  -7.85592124E-02
  -7.63352960E-02
  -7.36722723E-02
  -7.05731735E-02
  -6.70284554E-02
  -6.30210936E-02
  -5.85293584E-02
  -5.35285585E-02
  -4.79920916E-02
  -4.18919809E-02
  -3.51991765E-02
  -2.78840140E-02
  -1.99163910E-02
  -1.12658832E-02
  -1.90185639E-03
   8.20644107E-03
   1.90898143E-02
   3.07790842E-02
   4.33050171E-02
   5.66982850E-02
   7.09895715E-02
   8.62093717E-02
  0.102387905    
  0.119555429    
  0.137742043    
  0.156977594    
  0.177291855    
  0.198714346    
  0.221274734    
  0.245002285    
  0.269926190    
  0.296075463    
  0.323479265    
  0.352166265    
  0.382165700    
  0.413506329    
  0.446217418    
  0.480327636    
  0.515866518    
  0.552863300    
  0.591347277    
  0.631347656    
  0.672894478    
  0.716017127    
  0.760746002    
  0.807111144    
  0.855142891    
  -8.26056451E-02
  -8.20661709E-02
  -8.08282048E-02
  -7.90487602E-02
  -7.67932385E-02
  -7.40844235E-02
  -7.09229782E-02
  -6.72970861E-02
  -6.31874800E-02
  -5.85703850E-02
  -5.34190722E-02
  -4.77048047E-02
  -4.13976721E-02
  -3.44666056E-02
  -2.68799569E-02
  -1.86056271E-02
  -9.61122010E-03
   1.35871713E-04
   1.06683793E-02
   2.20190827E-02
   3.42207439E-02
   4.73061092E-02
   6.13078065E-02
   7.62584135E-02
   9.21903402E-02
  0.109135777    
  0.127126783    
  0.146195233    
  0.166372880    
  0.187691227    
  0.210181504    
  0.233874992    
  0.258802593    
  0.284995139    
  0.312483102    
  0.341297209    
  0.371467769    
  0.403024882    
  0.435999066    
  0.470420569    
  0.506319880    
  0.543727040    
  0.582673371    
  0.623188674    
  0.665303588    
  0.709049940    
  0.754458129    
  0.801559627    
  0.850386024    
  0.900968909    
  -8.31625015E-02
  -8.26221406E-02
  -8.13800767E-02
  -7.95907080E-02
  -7.73168206E-02
  -7.45788664E-02
  -7.13752434E-02
  -6.76921606E-02
  -6.35084286E-02
  -5.87984733E-02
  -5.35337962E-02
  -4.76838984E-02
  -4.12171520E-02
  -3.41008306E-02
  -2.63015646E-02
  -1.77855752E-02
  -8.51877872E-03
   1.53312657E-03
   1.24045573E-02
   2.41299830E-02
   3.67438681E-02
   5.02806306E-02
   6.47745878E-02
   8.02600160E-02
   9.67709422E-02
  0.114341252    
  0.133004621    
  0.152794361    
  0.173743948    
  0.195886359    
  0.219254300    
  0.243880406    
  0.269796997    
  0.297036231    
  0.325629830    
  0.355609477    
  0.387006968    
  0.419853479    
  0.454180151    
  0.490018606    
  0.527400017    
  0.566355467    
  0.606916726    
  0.649115205    
  0.692981899    
  0.738549709    
  0.785849750    
  0.834914625    
  0.885776639    
  0.938468456    
  -8.37522894E-02
  -8.32139552E-02
  -8.19747150E-02
  -8.01857859E-02
  -7.79073089E-02
  -7.51574039E-02
  -7.19325989E-02
  -6.82172403E-02
  -6.39885888E-02
  -5.92195652E-02
  -5.38801625E-02
  -4.79385331E-02
  -4.13615629E-02
  -3.41151841E-02
  -2.61646733E-02
  -1.74748395E-02
  -8.01024213E-03
   2.26481818E-03
   1.33861452E-02
   2.53896061E-02
   3.83110791E-02
   5.21863811E-02
   6.70512319E-02
   8.29413384E-02
   9.98920798E-02
  0.117938779    
  0.137116373    
  0.157459676    
  0.179003388    
  0.201781794    
  0.225828752    
  0.251178086    
  0.277863264    
  0.305917501    
  0.335373491    
  0.366263747    
  0.398620725    
  0.432476580    
  0.467863470    
  0.504812896    
  0.543357134    
  0.583527505    
  0.625356257    
  0.668875754    
  0.714116871    
  0.761112928    
  0.809895813    
  0.860498667    
  0.912953734    
  0.967294872    
  -8.43748972E-02
  -8.38415697E-02
  -8.26122537E-02
  -8.08343813E-02
  -7.85654187E-02
  -7.58212879E-02
  -7.25968108E-02
  -6.88748062E-02
  -6.46313056E-02
  -5.98379746E-02
  -5.44636920E-02
  -4.84755002E-02
  -4.18392308E-02
  -3.45197506E-02
  -2.64812894E-02
  -1.76876169E-02
  -8.10222048E-03
   2.31165928E-03
   1.35909086E-02
   2.57724710E-02
   3.88933420E-02
   5.29904477E-02
   6.81006461E-02
   8.42607617E-02
  0.101507321    
  0.119876727    
  0.139405027    
  0.160128206    
  0.182082057    
  0.205301806    
  0.229822293    
  0.255678266    
  0.282903999    
  0.311533779    
  0.341600806    
  0.373138279    
  0.406179130    
  0.440755963    
  0.476901293    
  0.514647067    
  0.554025352    
  0.595067978    
  0.637806773    
  0.682274461    
  0.728501916    
  0.776522100    
  0.826367319    
  0.878070235    
  0.931663930    
  0.987181842    
  -8.50300118E-02
  -8.45047459E-02
  -8.32925513E-02
  -8.15365389E-02
  -7.92914182E-02
  -7.65710920E-02
  -7.33688250E-02
  -6.96663260E-02
  -6.54385984E-02
  -6.06564283E-02
  -5.52878864E-02
  -4.92992625E-02
  -4.26556580E-02
  -3.53212319E-02
  -2.72595044E-02
  -1.84335448E-02
  -8.80608987E-03
   1.66033662E-03
   1.30033698E-02
   2.52607558E-02
   3.84702384E-02
   5.26696146E-02
   6.78965226E-02
   8.41886178E-02
  0.101583317    
  0.120117821    
  0.139829174    
  0.160754189    
  0.182929382    
  0.206390828    
  0.231174290    
  0.257315040    
  0.284847885    
  0.313807905    
  0.344228774    
  0.376144141    
  0.409586936    
  0.444590092    
  0.481185883    
  0.519406676    
  0.559283972    
  0.600849211    
  0.644134343    
  0.689171076    
  0.735989928    
  0.784623504    
  0.835103571    
  0.887462020    
  0.941731751    
  0.997945428    
  -8.57171342E-02
  -8.52029771E-02
  -8.40151682E-02
  -8.22919235E-02
  -8.00850913E-02
  -7.74067268E-02
  -7.42488131E-02
  -7.05921724E-02
  -6.64111376E-02
  -6.16759248E-02
  -5.63542023E-02
  -5.04117943E-02
  -4.38134260E-02
  -3.65229025E-02
  -2.85033938E-02
  -1.97175872E-02
  -1.01278555E-02
   3.03686014E-04
   1.16150854E-02
   2.38445383E-02
   3.70302461E-02
   5.12104779E-02
   6.64234683E-02
   8.27073678E-02
  0.100100152    
  0.118639700    
  0.138363600    
  0.159309343    
  0.181513995    
  0.205014229    
  0.229846463    
  0.256046325    
  0.283649415    
  0.312690705    
  0.343204379    
  0.375224382    
  0.408783615    
  0.443914801    
  0.480649948    
  0.519020915    
  0.559058964    
  0.600794733    
  0.644259155    
  0.689482570    
  0.736495435    
  0.785328925    
  0.836013377    
  0.888580024    
  0.943060279    
  0.999486208    
  -8.64356086E-02
  -8.59356299E-02
  -8.47794339E-02
  -8.30998123E-02
  -8.09457153E-02
  -7.83274546E-02
  -7.52360150E-02
  -7.16516301E-02
  -6.75482079E-02
  -6.28958493E-02
  -5.76620549E-02
  -5.18125966E-02
  -4.53121588E-02
  -3.81245501E-02
  -3.02129220E-02
  -2.15399824E-02
  -1.20680565E-02
  -1.75920862E-03
   9.42467246E-03
   2.15218905E-02
   3.45707871E-02
   4.86098155E-02
   6.36774004E-02
   7.98119307E-02
   9.70516875E-02
  0.115434855    
  0.134999514    
  0.155783430    
  0.177824020    
  0.201158479    
  0.225823492    
  0.251855135    
  0.279289216    
  0.308161020    
  0.338504940    
  0.370354861    
  0.403743386    
  0.438703090    
  0.475265592    
  0.513461888    
  0.553322136    
  0.594876289    
  0.638153672    
  0.683183312    
  0.729993939    
  0.778615296    
  0.829075992    
  0.881405473    
  0.935633242    
  0.991789997    
  -8.71845707E-02
  -8.67017880E-02
  -8.55843574E-02
  -8.39591175E-02
  -8.18720609E-02
  -7.93318748E-02
  -7.63288364E-02
  -7.28428662E-02
  -6.88477978E-02
  -6.43138438E-02
  -5.92087805E-02
  -5.34986742E-02
  -4.71484959E-02
  -4.01224196E-02
  -3.23839597E-02
  -2.38961875E-02
  -1.46217300E-02
  -4.52297181E-03
   6.43792888E-03
   1.82990059E-02
   3.10984291E-02
   4.48744670E-02
   5.96654825E-02
   7.55097196E-02
   9.24455374E-02
  0.110511146    
  0.129744723    
  0.150184199    
  0.171867192    
  0.194831118    
  0.219112828    
  0.244748726    
  0.271774799    
  0.300226331    
  0.330137938    
  0.361543328    
  0.394475043    
  0.428965032    
  0.465044528    
  0.502743185    
  0.542090356    
  0.583114386    
  0.625843108    
  0.670303166    
  0.716521442    
  0.764524996    
  0.814340293    
  0.865994215    
  0.919514000    
  0.974927843    
  -8.79629552E-02
  -8.75003114E-02
  -8.64286870E-02
  -8.48684236E-02
  -8.28624070E-02
  -8.04179460E-02
  -7.75248259E-02
  -7.41629824E-02
  -7.03064054E-02
  -6.59258515E-02
  -6.09896369E-02
  -5.54645136E-02
  -4.93161008E-02
  -4.25092727E-02
  -3.50082852E-02
  -2.67768893E-02
  -1.77784171E-02
  -7.97592476E-03
   2.66780332E-03
   1.41901961E-02
   2.66288705E-02
   4.00215909E-02
   5.44062741E-02
   6.98208138E-02
   8.63032266E-02
  0.103891492    
  0.122623660    
  0.142537564    
  0.163670778    
  0.186060846    
  0.209744662    
  0.234758824    
  0.261139244    
  0.288921535    
  0.318140388    
  0.348829299    
  0.381020784    
  0.414746374    
  0.450036377    
  0.486919731    
  0.525424123    
  0.565576375    
  0.607402205    
  0.650925994    
  0.696171165    
  0.743162513    
  0.791922927    
  0.842475712    
  0.894845009    
  0.949055731    
  -8.87695327E-02
  -8.83299187E-02
  -8.73109400E-02
  -8.58259052E-02
  -8.39145482E-02
  -8.15829933E-02
  -7.88207129E-02
  -7.56079629E-02
  -7.19192773E-02
  -6.77261800E-02
  -6.29978925E-02
  -5.77021949E-02
  -5.18057346E-02
  -4.52744253E-02
  -3.80736105E-02
  -3.01680788E-02
  -2.15222333E-02
  -1.21001685E-02
  -1.86565041E-03
   9.21777543E-03
   2.11868305E-02
   3.40784118E-02
   4.79296371E-02
   6.27777651E-02
   7.86601454E-02
   9.56141427E-02
  0.113677457    
  0.132887587    
  0.153281927    
  0.174897715    
  0.197771981    
  0.221941531    
  0.247442141    
  0.274309665    
  0.302578807    
  0.332283378    
  0.363455921    
  0.396127343    
  0.430327743    
  0.466084898    
  0.503425241    
  0.542373717    
  0.582953632    
  0.625186741    
  0.669093370    
  0.714693546    
  0.762006283    
  0.811050713    
  0.861845911    
  0.914412618    
  -8.96029025E-02
  -8.91890973E-02
  -8.82293284E-02
  -8.68293867E-02
  -8.50258097E-02
  -8.28236714E-02
  -8.02124217E-02
  -7.71728158E-02
  -7.36802891E-02
  -6.97074756E-02
  -6.52248040E-02
  -6.02014177E-02
  -5.46053275E-02
  -4.84038144E-02
  -4.15636823E-02
  -3.40511277E-02
  -2.58319769E-02
  -1.68716889E-02
  -7.13540614E-03
   3.41199641E-03
   1.48059651E-02
   2.70822030E-02
   4.02766950E-02
   5.44256009E-02
   6.95653409E-02
   8.57324153E-02
  0.102963805    
  0.121296361    
  0.140767097    
  0.161412880    
  0.183270752    
  0.206377178    
  0.230768412    
  0.256480306    
  0.283548057    
  0.312005818    
  0.341886133    
  0.373220384    
  0.406038225    
  0.440367192    
  0.476232558    
  0.513657629    
  0.552663326    
  0.593267918    
  0.635487974    
  0.679338753    
  0.724833965    
  0.771986723    
  0.820810020    
  0.871318579    
  -9.04615074E-02
  -9.00761187E-02
  -8.91818181E-02
  -8.78763497E-02
  -8.61930475E-02
  -8.41360614E-02
  -8.16950500E-02
  -7.88515061E-02
  -7.55821019E-02
  -7.18608424E-02
  -6.76597357E-02
  -6.29495382E-02
  -5.76999821E-02
  -5.18800840E-02
  -4.54584211E-02
  -3.84029374E-02
  -3.06812525E-02
  -2.22605336E-02
  -1.31076723E-02
  -3.18921241E-03
   7.52864964E-03
   1.90800298E-02
   3.14993933E-02
   4.48214971E-02
   5.90814166E-02
   7.43145198E-02
   9.05566439E-02
  0.107843764    
  0.126212105    
  0.145698190    
  0.166338503    
  0.188169628    
  0.211227939    
  0.235549599    
  0.261170357    
  0.288125068    
  0.316446990    
  0.346168458    
  0.377319604    
  0.409928143    
  0.444019109    
  0.479614913    
  0.516734004    
  0.555391788    
  0.595600367    
  0.637369454    
  0.680705607    
  0.725614786    
  0.772101521    
  0.820172131    
  -9.13436040E-02
  -9.09891278E-02
  -9.01661366E-02
  -8.89639631E-02
  -8.74127001E-02
  -8.55156928E-02
  -8.32629651E-02
  -8.06370601E-02
  -7.76161626E-02
  -7.41759017E-02
  -7.02901781E-02
  -6.59316853E-02
  -6.10721894E-02
  -5.56827821E-02
  -4.97340932E-02
  -4.31961678E-02
  -3.60387303E-02
  -2.82310657E-02
  -1.97421256E-02
  -1.05404975E-02
  -5.94378856E-04
   1.01283826E-02
   2.16603503E-02
   3.40344757E-02
   4.72841524E-02
   6.14431798E-02
   7.65459463E-02
   9.26271230E-02
  0.109721951    
  0.127866074    
  0.147095472    
  0.167446509    
  0.188955754    
  0.211659744    
  0.235595033    
  0.260797620    
  0.287302315    
  0.315142930    
  0.344351470    
  0.374957204    
  0.406986058    
  0.440460593    
  0.475398511    
  0.511812866    
  0.549711049    
  0.589096904    
  0.629968405    
  0.672321260    
  0.716149032    
  0.761445880    
  -9.22473073E-02
  -9.19260457E-02
  -9.11798030E-02
  -9.00891125E-02
  -8.86808038E-02
  -8.69574919E-02
  -8.49097893E-02
  -8.25215727E-02
  -7.97727481E-02
  -7.66408369E-02
  -7.31019378E-02
  -6.91309497E-02
  -6.47019669E-02
  -5.97884953E-02
  -5.43634817E-02
  -4.83993776E-02
  -4.18683961E-02
  -3.47422287E-02
  -2.69922465E-02
  -1.85894351E-02
  -9.50436015E-03
   2.92798970E-04
   1.08323237E-02
   2.21449714E-02
   3.42620090E-02
   4.72152531E-02
   6.10371940E-02
   7.57609084E-02
   9.14201215E-02
  0.108049281    
  0.125683576    
  0.144358858    
  0.164111555    
  0.184978768    
  0.206998050    
  0.230206937    
  0.254642516    
  0.280341387    
  0.307338774    
  0.335667104    
  0.365355968    
  0.396430194    
  0.428909242    
  0.462805241    
  0.498122960    
  0.534859538    
  0.573003352    
  0.612536609    
  0.653437316    
  0.695682347    
  -9.31706131E-02
  -9.28846374E-02
  -9.22201201E-02
  -9.12484005E-02
  -8.99929702E-02
  -8.84559378E-02
  -8.66286233E-02
  -8.44963714E-02
  -8.20411146E-02
  -7.92425722E-02
  -7.60792345E-02
  -7.25284591E-02
  -6.85670301E-02
  -6.41710311E-02
  -5.93161061E-02
  -5.39773777E-02
  -4.81298268E-02
  -4.17478941E-02
  -3.48057002E-02
  -2.72769537E-02
  -1.91349722E-02
  -1.03526106E-02
  -9.02274274E-04
   9.24418960E-03
   2.01155059E-02
   3.17410603E-02
   4.41509709E-02
   5.73761947E-02
   7.14484826E-02
   8.64006504E-02
  0.102266490    
  0.119080953    
  0.136880070    
  0.155701205    
  0.175582737    
  0.196564257    
  0.218685701    
  0.241987482    
  0.266509712    
  0.292290986    
  0.319367081    
  0.347769886    
  0.377524197    
  0.408646256    
  0.441141337    
  0.475001991    
  0.510206640    
  0.546720207    
  0.584497750    
  0.623489618    
  -9.41113830E-02
  -9.38625410E-02
  -9.32842121E-02
  -9.24381539E-02
  -9.13445354E-02
  -9.00049880E-02
  -8.84118155E-02
  -8.65519419E-02
  -8.44095796E-02
  -8.19668248E-02
  -7.92047977E-02
  -7.61036277E-02
  -7.26429299E-02
  -6.88016936E-02
  -6.45584837E-02
  -5.98914549E-02
  -5.47785424E-02
  -4.91972789E-02
  -4.31247912E-02
  -3.65378633E-02
  -2.94129010E-02
  -2.17258073E-02
  -1.34520419E-02
  -4.56648087E-03
   4.95663378E-03
   1.51437530E-02
   2.60221604E-02
   3.76200713E-02
   4.99667265E-02
   6.30926117E-02
   7.70295262E-02
   9.18107927E-02
  0.107471474    
  0.124048546    
  0.141580924    
  0.160109788    
  0.179678306    
  0.200331494    
  0.222116128    
  0.245079458    
  0.269268095    
  0.294726014    
  0.321491569    
  0.349592865    
  0.379044235    
  0.409840971    
  0.441954255    
  0.475329369    
  0.509887516    
  0.545534551    
  -9.50673148E-02
  -9.48572755E-02
  -9.43690017E-02
  -9.36544538E-02
  -9.27304626E-02
  -9.15982425E-02
  -9.02511925E-02
  -8.86780918E-02
  -8.68655071E-02
  -8.47981572E-02
  -8.24600458E-02
  -7.98342079E-02
  -7.69033208E-02
  -7.36495182E-02
  -7.00545236E-02
  -6.60997927E-02
  -6.17664494E-02
  -5.70353605E-02
  -5.18869571E-02
  -4.63013984E-02
  -4.02584672E-02
  -3.37374955E-02
  -2.67173350E-02
  -1.91763006E-02
  -1.10920426E-02
  -2.44152825E-03
   6.79913070E-03
   1.66548211E-02
   2.71515753E-02
   3.83167788E-02
   5.01794070E-02
   6.27702475E-02
   7.61223510E-02
   9.02711824E-02
  0.105255201    
  0.121116214    
  0.137899876    
  0.155655697    
  0.174437791    
  0.194304198    
  0.215316594    
  0.237538368    
  0.261031419    
  0.285850793    
  0.312037408    
  0.339607596    
  0.368539840    
  0.398763925    
  0.430154115    
  0.462538213    
  -9.60360467E-02
  -9.58662033E-02
  -9.54712778E-02
  -9.48932245E-02
  -9.41454768E-02
  -9.32289138E-02
  -9.21381488E-02
  -9.08640400E-02
  -8.93955529E-02
  -8.77202749E-02
  -8.58252198E-02
  -8.36965665E-02
  -8.13201964E-02
  -7.86815509E-02
  -7.57658109E-02
  -7.25578144E-02
  -6.90422058E-02
  -6.52033910E-02
  -6.10253140E-02
  -5.64918183E-02
  -5.15863374E-02
  -4.62919064E-02
  -4.05911393E-02
  -3.44661213E-02
  -2.78983898E-02
  -2.08687931E-02
  -1.33573636E-02
  -5.34318946E-03
   3.19580804E-03
   1.22830933E-02
   2.19437722E-02
   3.22049372E-02
   4.30961438E-02
   5.46498448E-02
   6.69021681E-02
   7.98936039E-02
   9.36699212E-02
  0.108283304    
  0.123793624    
  0.140269518    
  0.157789424    
  0.176442146    
  0.196325362    
  0.217541561    
  0.240189612    
  0.264348298    
  0.290049523    
  0.317242146    
  0.345752776    
  0.375266761    
  -9.70151126E-02
  -9.68866125E-02
  -9.65877399E-02
  -9.61501971E-02
  -9.55840647E-02
  -9.48899612E-02
  -9.40637589E-02
  -9.30984765E-02
  -9.19857547E-02
  -9.07160640E-02
  -8.92796367E-02
  -8.76658559E-02
  -8.58640820E-02
  -8.38631615E-02
  -8.16518366E-02
  -7.92186111E-02
  -7.65517801E-02
  -7.36394599E-02
  -7.04693720E-02
  -6.70292079E-02
  -6.33063316E-02
  -5.92877306E-02
  -5.49600609E-02
  -5.03095463E-02
  -4.53219563E-02
  -3.99824604E-02
  -3.42755578E-02
  -2.81848945E-02
  -2.16930974E-02
  -1.47815086E-02
  -7.42996344E-03
   3.83576349E-04
   8.68352037E-03
   1.74972415E-02
   2.68558804E-02
   3.67954224E-02
   4.73579653E-02
   5.85936122E-02
   7.05628023E-02
   8.33392143E-02
   9.70137790E-02
  0.111699030    
  0.127533913    
  0.144687295    
  0.163358033    
  0.183763310    
  0.206104964    
  0.230494142    
  0.256813526    
  0.284527630    
  -9.80020165E-02
  -9.79157090E-02
  -9.77149233E-02
  -9.74209681E-02
  -9.70405266E-02
  -9.65740159E-02
  -9.60186571E-02
  -9.53697413E-02
  -9.46215913E-02
  -9.37677547E-02
  -9.28017423E-02
  -9.17163044E-02
  -9.05043110E-02
  -8.91582370E-02
  -8.76705199E-02
  -8.60333666E-02
  -8.42388943E-02
  -8.22790861E-02
  -8.01455975E-02
  -7.78301805E-02
  -7.53242671E-02
  -7.26190433E-02
  -6.97054490E-02
  -6.65740743E-02
  -6.32152781E-02
  -5.96188977E-02
  -5.57743311E-02
  -5.16703390E-02
  -4.72948886E-02
  -4.26349454E-02
  -3.76763381E-02
  -3.24034356E-02
  -2.67986469E-02
  -2.08419841E-02
  -1.45102572E-02
  -7.77603267E-03
  -6.06209098E-04
   7.03997677E-03
   1.52139124E-02
   2.39818487E-02
   3.34311202E-02
   4.36793789E-02
   5.48881069E-02
   6.72820807E-02
   8.11761171E-02
   9.70069543E-02
  0.115356982    
  0.136923939    
  0.162296906    
  0.191158488    
  -9.89941582E-02
  -9.89506170E-02
  -9.88493189E-02
  -9.87010002E-02
  -9.85090211E-02
  -9.82735977E-02
  -9.79933068E-02
  -9.76657793E-02
  -9.72881392E-02
  -9.68570933E-02
  -9.63694230E-02
  -9.58213732E-02
  -9.52094197E-02
  -9.45297480E-02
  -9.37785208E-02
  -9.29517746E-02
  -9.20455530E-02
  -9.10557806E-02
  -8.99782106E-02
  -8.88087228E-02
  -8.75429586E-02
  -8.61764252E-02
  -8.47045332E-02
  -8.31225216E-02
  -8.14254656E-02
  -7.96081573E-02
  -7.76652098E-02
  -7.55908787E-02
  -7.33789578E-02
  -7.10227415E-02
  -6.85148463E-02
  -6.58471212E-02
  -6.30102605E-02
  -5.99936470E-02
  -5.67847714E-02
  -5.33686541E-02
  -4.97267507E-02
  -4.58357409E-02
  -4.16652597E-02
  -3.71745601E-02
  -3.23070921E-02
  -2.69813146E-02
  -2.10747924E-02
  -1.43952984E-02
  -6.62665069E-03
   2.77707935E-03
   1.48048187E-02
   3.13312300E-02
   5.60511723E-02
   9.60227177E-02
  -9.99889374E-02
  -9.99884531E-02
  -9.99873504E-02
  -9.99857187E-02
  -9.99836102E-02
  -9.99810249E-02
  -9.99779329E-02
  -9.99743417E-02
  -9.99701917E-02
  -9.99654457E-02
  -9.99600887E-02
  -9.99540687E-02
  -9.99473482E-02
  -9.99398828E-02
  -9.99316201E-02
  -9.99225378E-02
  -9.99125838E-02
  -9.99016985E-02
  -9.98898521E-02
  -9.98769850E-02
  -9.98630896E-02
  -9.98480767E-02
  -9.98319089E-02
  -9.98145342E-02
  -9.97958705E-02
  -9.97759029E-02
  -9.97545496E-02
  -9.97317433E-02
  -9.97074395E-02
  -9.96815339E-02
  -9.96539965E-02
  -9.96246710E-02
  -9.95934755E-02
  -9.95603353E-02
  -9.95250866E-02
  -9.94875357E-02
  -9.94475111E-02
  -9.94047523E-02
  -9.93589163E-02
  -9.93095562E-02
  -9.92560461E-02
  -9.91975069E-02
  -9.91325602E-02
  -9.90591049E-02
  -9.89736319E-02
  -9.88701358E-02
  -9.87372696E-02
  -9.85318571E-02
  -9.67389867E-02
   0.00000000    
