   0.00000000    
   0.00000000    
   0.00000000    
   0.00000000    
   0.00000000    
   0.00000000    
   0.00000000    
   0.00000000    
   0.00000000    
   0.00000000    
   0.00000000    
   0.00000000    
   0.00000000    
   0.00000000    
   0.00000000    
   0.00000000    
   0.00000000    
   0.00000000    
   0.00000000    
   0.00000000    
   0.00000000    
   0.00000000    
   0.00000000    
   0.00000000    
   0.00000000    
   0.00000000    
   0.00000000    
   0.00000000    
   0.00000000    
   0.00000000    
   0.00000000    
   0.00000000    
   0.00000000    
   0.00000000    
   0.00000000    
  -3.41831229E-29
  -8.44304095E-28
  -1.07560445E-26
  -9.41589677E-26
  -6.36716655E-25
  -3.54502100E-24
  -1.69163822E-23
  -7.11148135E-23
  -2.68693774E-22
  -9.26356963E-22
  -2.94894998E-21
  -8.75085114E-21
  -2.43950685E-20
  -6.43027138E-20
  -1.61138157E-19
  -3.85680922E-19
  -8.85234009E-19
  -1.95524176E-18
  -4.16850184E-18
  -8.60132179E-18
  -1.72184014E-17
  -3.35110487E-17
  -6.35302107E-17
  -1.17521348E-16
  -2.12457965E-16
  -3.75891437E-16
  -6.51693756E-16
  -1.10847718E-15
  -1.85173938E-15
  -3.04111446E-15
  -4.91452328E-15
  -7.82152510E-15
  -1.22687784E-14
  -1.89812562E-14
  -2.89837090E-14
  -4.37078928E-14
  -6.51322258E-14
  -9.59618534E-14
  -1.39858624E-13
  -2.01732172E-13
  -2.88105098E-13
  -4.07567318E-13
  -5.71336923E-13
  -7.93947319E-13
  -1.09408305E-12
  -1.49558903E-12
  -2.02868126E-12
  -2.73139042E-12
  -3.65127243E-12
  -4.84742238E-12
  -6.39283158E-12
  -8.37713839E-12
  -1.09098086E-11
  -1.41238037E-11
  -1.81797927E-11
  -2.32709563E-11
  -2.96284490E-11
  -3.75275783E-11
  -4.72947723E-11
  -5.93153998E-11
  -7.40425013E-11
  -9.20065205E-11
  -1.13826108E-10
  -1.40220058E-10
  -1.72020412E-10
  -2.10186979E-10
  -2.55823140E-10
  -3.10192955E-10
  -3.74740072E-10
  -4.51108040E-10
  -5.41162282E-10
  -6.47013720E-10
  -7.71044562E-10
  -9.15935439E-10
  -1.08469478E-09
  -1.28069022E-09
  -1.50768142E-09
  -1.76985604E-09
  -2.07186668E-09
  -2.41887110E-09
  -2.81657342E-09
  -3.27126859E-09
  -3.78988796E-09
  -4.38004966E-09
  -5.05010611E-09
  -5.80920068E-09
  -6.66732047E-09
  -7.63535457E-09
  -8.72515571E-09
  -9.94959759E-09
  -1.13226433E-08
  -1.28594104E-08
  -1.45762407E-08
  -1.64907679E-08
  -1.86219893E-08
  -2.09903472E-08
  -2.36177975E-08
  -2.65278910E-08
  -2.97458538E-08
  -3.32986687E-08
  -3.72151554E-08
  -4.15260573E-08
  -4.62641339E-08
  -5.14642338E-08
  -5.71633905E-08
  -6.34009254E-08
  -7.02185048E-08
  -7.76602747E-08
  -8.57729106E-08
  -9.46057241E-08
  -1.04210798E-07
  -1.14643008E-07
  -1.25960170E-07
  -1.38223101E-07
  -1.51495740E-07
  -1.65845250E-07
  -1.81342045E-07
  -1.98059951E-07
  -2.16076330E-07
  -2.35472001E-07
  -2.56331589E-07
  -2.78743357E-07
  -3.02799577E-07
  -3.28596286E-07
  -3.56233613E-07
  -3.85815838E-07
  -4.17451417E-07
  -4.51253072E-07
  -4.87337900E-07
  -5.25827488E-07
  -5.66847859E-07
  -6.10529639E-07
  -6.57008286E-07
  -7.06423805E-07
  -7.58921260E-07
  -8.14650264E-07
  -8.73765771E-07
  -9.36427512E-07
  -1.00280033E-06
  -1.07305425E-06
  -1.14736451E-06
  -1.22591155E-06
  -1.30888122E-06
  -1.39646454E-06
  -1.48885829E-06
  -1.58626415E-06
  -1.68888982E-06
  -1.79694814E-06
  -1.91065783E-06
  -2.03024274E-06
  -2.15593309E-06
  -2.28796398E-06
  -2.42657688E-06
  -2.57201827E-06
  -2.72454076E-06
  -2.88440265E-06
  -3.05186768E-06
  -3.22720598E-06
  -3.41069290E-06
  -3.60260947E-06
  -3.80324332E-06
  -4.01288662E-06
  -4.23183792E-06
  -4.46040212E-06
  -4.69888892E-06
  -4.94761480E-06
  -5.20690037E-06
  -5.47707305E-06
  -5.75846525E-06
  -6.05141668E-06
  -6.35626975E-06
  -6.67337554E-06
  -7.00308919E-06
  -7.34577088E-06
  -7.70178758E-06
  -8.07151082E-06
  -8.45531849E-06
  -8.85359168E-06
  -9.26671873E-06
  -9.69509347E-06
  -1.01391142E-05
  -1.05991830E-05
  -1.10757101E-05
  -1.15691091E-05
  -1.20797986E-05
  -1.26082023E-05
  -1.31547476E-05
  -1.37198695E-05
  -1.43040061E-05
  -1.49075995E-05
  -1.55310972E-05
  -1.61749522E-05
  -1.68396200E-05
  -1.75255609E-05
  -1.82332406E-05
  -1.89631319E-05
  -1.97157024E-05
  -2.04914359E-05
  -2.12908089E-05
  -2.21143091E-05
  -2.29624275E-05
  -2.38356588E-05
  -2.47344979E-05
  -2.56594449E-05
  -2.66110037E-05
  -2.75896837E-05
  -2.85959959E-05
  -2.96304534E-05
  -3.06935763E-05
  -3.17858830E-05
  -3.29078975E-05
  -3.40601437E-05
  -3.52431562E-05
  -3.64574626E-05
  -3.77036013E-05
  -3.89821071E-05
  -4.02935184E-05
  -4.16383846E-05
  -4.30172404E-05
  -4.44306388E-05
  -4.58791292E-05
  -4.73632608E-05
  -4.88835794E-05
  -5.04406453E-05
  -5.20350186E-05
  -5.36672524E-05
  -5.53379068E-05
  -5.70475422E-05
  -5.87967224E-05
  -6.05860077E-05
  -6.24159657E-05
  -6.42871673E-05
  -6.62001694E-05
  -6.81555466E-05
  -7.01538665E-05
  -7.21956967E-05
  -7.42816046E-05
  -7.64121651E-05
  -7.85879456E-05
  -8.08095283E-05
  -8.30774661E-05
  -8.53923484E-05
  -8.77547354E-05
  -9.01652093E-05
  -9.26243374E-05
  -9.51326947E-05
  -9.76908486E-05
  -1.00299381E-04
  -1.02958846E-04
  -1.05669824E-04
  -1.08432883E-04
  -1.11248592E-04
  -1.14117531E-04
  -1.17040261E-04
  -1.20017343E-04
  -1.23049351E-04
  -1.26136845E-04
  -1.29280408E-04
  -1.32480578E-04
  -1.35737922E-04
  -1.39053023E-04
  -1.42426434E-04
  -1.45858692E-04
  -1.49350381E-04
  -1.52902037E-04
  -1.56514216E-04
  -1.60187483E-04
  -1.63922392E-04
  -1.67719467E-04
  -1.71579260E-04
  -1.75502340E-04
  -1.79489231E-04
  -1.83540484E-04
  -1.87656624E-04
  -1.91838204E-04
  -1.96085748E-04
  -2.00399794E-04
  -2.04780867E-04
  -2.09229518E-04
  -2.13746243E-04
  -2.18331581E-04
  -2.22986040E-04
  -2.27710159E-04
  -2.32504448E-04
  -2.37369401E-04
  -2.42305527E-04
  -2.47313350E-04
  -2.52393365E-04
  -2.57546082E-04
  -2.62772024E-04
  -2.68071657E-04
  -2.73445476E-04
  -2.78893975E-04
  -2.84417620E-04
  -2.90016935E-04
  -2.95692385E-04
  -3.01444437E-04
  -3.07273585E-04
  -3.13180295E-04
  -3.19165003E-04
  -3.25228204E-04
  -3.31370364E-04
  -3.37591919E-04
  -3.43893364E-04
  -3.50275135E-04
  -3.56737641E-04
  -3.63281375E-04
  -3.69906746E-04
  -3.76614218E-04
  -3.83404229E-04
  -3.90277186E-04
  -3.97233496E-04
  -4.04273625E-04
  -4.11397981E-04
  -4.18607000E-04
  -4.25901060E-04
  -4.33280569E-04
  -4.40745993E-04
  -4.48297651E-04
  -4.55936010E-04
  -4.63661418E-04
  -4.71474283E-04
  -4.79375012E-04
  -4.87363955E-04
  -4.95441491E-04
  -5.03608026E-04
  -5.11863909E-04
  -5.20209491E-04
  -5.28645120E-04
  -5.37171261E-04
  -5.45788149E-04
  -5.54496190E-04
  -5.63295791E-04
  -5.72187186E-04
  -5.81170782E-04
  -5.90246927E-04
  -5.99415915E-04
  -6.08678092E-04
  -6.18033693E-04
  -6.27483125E-04
  -6.37026795E-04
  -6.46664936E-04
  -6.56397780E-04
  -6.66225736E-04
  -6.76149037E-04
  -6.86168030E-04
  -6.96283008E-04
  -7.06494204E-04
  -7.16801966E-04
  -7.27206643E-04
  -7.37708353E-04
  -7.48307444E-04
  -7.59004150E-04
  -7.69798819E-04
  -7.80691626E-04
  -7.91682862E-04
  -8.02772876E-04
  -8.13961786E-04
  -8.25249881E-04
  -8.36637337E-04
  -8.48124560E-04
  -8.59711668E-04
  -8.71398894E-04
  -8.83186469E-04
  -8.95074627E-04
  -9.07063542E-04
  -9.19153565E-04
  -9.31344810E-04
  -9.43637511E-04
  -9.56031785E-04
  -9.68527922E-04
  -9.81126097E-04
  -9.93826659E-04
  -1.00662955E-03
  -1.01953500E-03
  -1.03254325E-03
  -1.04565453E-03
  -1.05886895E-03
  -1.07218674E-03
  -1.08560792E-03
  -1.09913282E-03
  -1.11276156E-03
  -1.12649414E-03
  -1.14033092E-03
  -1.15427189E-03
  -1.16831739E-03
  -1.18246733E-03
  -1.19672203E-03
  -1.21108163E-03
  -1.22554600E-03
  -1.24011550E-03
  -1.25479023E-03
  -1.26957032E-03
  -1.28445576E-03
  -1.29944680E-03
  -1.31454354E-03
  -1.32974598E-03
  -1.34505436E-03
  -1.36046880E-03
  -1.37598917E-03
  -1.39161572E-03
  -1.40734855E-03
  -1.42318767E-03
  -1.43913331E-03
  -1.45518547E-03
  -1.47134415E-03
  -1.48760946E-03
  -1.50398153E-03
  -1.52046047E-03
  -1.53704616E-03
  -1.55373861E-03
  -1.57053827E-03
  -1.58744480E-03
  -1.60445843E-03
  -1.62157929E-03
  -1.63880724E-03
  -1.65614230E-03
  -1.67358457E-03
  -1.69113418E-03
  -1.70879124E-03
  -1.72655552E-03
  -1.74442714E-03
  -1.76240620E-03
  -1.78049260E-03
  -1.79868646E-03
  -1.81698776E-03
  -1.83539663E-03
  -1.85391284E-03
  -1.87253649E-03
  -1.89126760E-03
  -1.91010616E-03
  -1.92905217E-03
  -1.94810564E-03
  -1.96726667E-03
  -1.98653503E-03
  -2.00591073E-03
  -2.02539400E-03
  -2.04498461E-03
  -2.06468254E-03
  -2.08448805E-03
  -2.10440066E-03
  -2.12442037E-03
  -2.14454741E-03
  -2.16478179E-03
  -2.18512327E-03
  -2.20557209E-03
  -2.22612778E-03
  -2.24679080E-03
  -2.26756069E-03
  -2.28843745E-03
  -2.30942108E-03
  -2.33051158E-03
  -2.35170894E-03
  -2.37301295E-03
  -2.39442359E-03
  -2.41594086E-03
  -2.43756454E-03
  -2.45929463E-03
  -2.48113135E-03
  -2.50307424E-03
  -2.52512353E-03
  -2.54727900E-03
  -2.56954040E-03
  -2.59190798E-03
  -2.61438126E-03
  -2.63696047E-03
  -2.65964540E-03
  -2.68243602E-03
  -2.70533212E-03
  -2.72833393E-03
  -2.75144074E-03
  -2.77465302E-03
  -2.79797055E-03
  -2.82139331E-03
  -2.84492061E-03
  -2.86855269E-03
  -2.89228978E-03
  -2.91613140E-03
  -2.94007757E-03
  -2.96412804E-03
  -2.98828282E-03
  -3.01254191E-03
  -3.03690508E-03
  -3.06137209E-03
  -3.08594294E-03
  -3.11061740E-03
  -3.13539500E-03
  -3.16027622E-03
  -3.18526104E-03
  -3.21034878E-03
  -3.23553919E-03
  -3.26083298E-03
  -3.28622945E-03
  -3.31172836E-03
  -3.33732972E-03
  -3.36303352E-03
  -3.38883954E-03
  -3.41474731E-03
  -3.44075728E-03
  -3.46686877E-03
  -3.49308201E-03
  -3.51939676E-03
  -3.54581256E-03
  -3.57232941E-03
  -3.59894731E-03
  -3.62566602E-03
  -3.65248509E-03
  -3.67940497E-03
  -3.70642496E-03
  -3.73354531E-03
  -3.76076577E-03
  -3.78808612E-03
  -3.81550612E-03
  -3.84302530E-03
  -3.87064391E-03
  -3.89836170E-03
  -3.92617844E-03
  -3.95409390E-03
  -3.98210809E-03
  -4.01022052E-03
  -4.03843168E-03
  -4.06674063E-03
  -4.09514736E-03
  -4.12365189E-03
  -4.15225420E-03
  -4.18095384E-03
  -4.20975033E-03
  -4.23864368E-03
  -4.26763436E-03
  -4.29672142E-03
  -4.32590488E-03
  -4.35518473E-03
  -4.38456051E-03
  -4.41403221E-03
  -4.44359938E-03
  -4.47326200E-03
  -4.50302009E-03
  -4.53287316E-03
  -4.56282124E-03
  -4.59286384E-03
  -4.62300098E-03
  -4.65323217E-03
  -4.68355790E-03
  -4.71397722E-03
  -4.74449014E-03
  -4.77509666E-03
  -4.80579678E-03
  -4.83659003E-03
  -4.86747595E-03
  -4.89845406E-03
  -4.92952485E-03
  -4.96068783E-03
  -4.99194302E-03
  -5.02328994E-03
  -5.05472813E-03
  -5.08625852E-03
  -5.11787971E-03
  -5.14959171E-03
  -5.18139405E-03
  -5.21328766E-03
  -5.24527114E-03
  -5.27734449E-03
  -5.30950865E-03
  -5.34176175E-03
  -5.37410425E-03
  -5.40653616E-03
  -5.43905748E-03
  -5.47166774E-03
  -5.50436648E-03
  -5.53715276E-03
  -5.57002798E-03
  -5.60299074E-03
  -5.63604152E-03
  -5.66917984E-03
  -5.70240524E-03
  -5.73571725E-03
  -5.76911680E-03
  -5.80260251E-03
  -5.83617482E-03
  -5.86983282E-03
  -5.90357697E-03
  -5.93740679E-03
  -5.97132184E-03
  -6.00532256E-03
  -6.03940850E-03
  -6.07357873E-03
  -6.10783324E-03
  -6.14217203E-03
  -6.17659558E-03
  -6.21110294E-03
  -6.24569319E-03
  -6.28036726E-03
  -6.31512422E-03
  -6.34996453E-03
  -6.38488773E-03
  -6.41989289E-03
  -6.45498047E-03
  -6.49015000E-03
  -6.52540056E-03
  -6.56073354E-03
  -6.59614755E-03
  -6.63164258E-03
  -6.66721864E-03
  -6.70287525E-03
  -6.73861243E-03
  -6.77442970E-03
  -6.81032659E-03
  -6.84630359E-03
  -6.88235974E-03
  -6.91849459E-03
  -6.95470907E-03
  -6.99100224E-03
  -7.02737318E-03
  -7.06382282E-03
  -7.10035022E-03
  -7.13695539E-03
  -7.17363833E-03
  -7.21039809E-03
  -7.24723563E-03
  -7.28414953E-03
  -7.32113980E-03
  -7.35820644E-03
  -7.39534944E-03
  -7.43256835E-03
  -7.46986317E-03
  -7.50723248E-03
  -7.54467724E-03
  -7.58219743E-03
  -7.61979213E-03
  -7.65746133E-03
  -7.69520411E-03
  -7.73302140E-03
  -7.77091226E-03
  -7.80887716E-03
  -7.84691516E-03
  -7.88502581E-03
  -7.92321004E-03
  -7.96146598E-03
  -7.99979363E-03
  -8.03819392E-03
  -8.07666592E-03
  -8.11520964E-03
  -8.15382414E-03
  -8.19251034E-03
  -8.23126733E-03
  -8.27009510E-03
  -8.30899272E-03
  -8.34796112E-03
  -8.38699937E-03
  -8.42610653E-03
  -8.46528448E-03
  -8.50453041E-03
  -8.54384620E-03
  -8.58323090E-03
  -8.62268265E-03
  -8.66220333E-03
  -8.70179199E-03
  -8.74144863E-03
  -8.78117234E-03
  -8.82096402E-03
  -8.86082184E-03
  -8.90074670E-03
  -8.94073769E-03
  -8.98079574E-03
  -9.02091898E-03
  -9.06110834E-03
  -9.10136383E-03
  -9.14168544E-03
  -9.18207131E-03
  -9.22252238E-03
  -9.26303864E-03
  -9.30361822E-03
  -9.34426207E-03
  -9.38497018E-03
  -9.42574255E-03
  -9.46657732E-03
  -9.50747635E-03
  -9.54843871E-03
  -9.58946347E-03
  -9.63055063E-03
  -9.67170019E-03
  -9.71291121E-03
  -9.75418370E-03
  -9.79551859E-03
  -9.83691495E-03
  -9.87837184E-03
  -9.91989113E-03
  -9.96147003E-03
  -1.00031095E-02
  -1.00448094E-02
  -1.00865690E-02
  -1.01283882E-02
  -1.01702679E-02
  -1.02122063E-02
  -1.02542033E-02
  -1.02962591E-02
  -1.03383735E-02
  -1.03805466E-02
  -1.04227783E-02
  -1.04650678E-02
  -1.05074150E-02
  -1.05498191E-02
  -1.05922800E-02
  -1.06347986E-02
  -1.06773740E-02
  -1.07200053E-02
  -1.07626934E-02
  -1.08054373E-02
  -1.08482372E-02
  -1.08910929E-02
  -1.09340036E-02
  -1.09769702E-02
  -1.10199908E-02
  -1.10630672E-02
  -1.11061977E-02
  -1.11493822E-02
  -1.11926207E-02
  -1.12359133E-02
  -1.12792589E-02
  -1.13226594E-02
  -1.13661122E-02
  -1.14096180E-02
  -1.14531759E-02
  -1.14967860E-02
  -1.15404492E-02
  -1.15841636E-02
  -1.16279311E-02
  -1.16717499E-02
  -1.17156189E-02
  -1.17595401E-02
  -1.18035115E-02
  -1.18475333E-02
  -1.18916063E-02
  -1.19357295E-02
  -1.19799031E-02
  -1.20241260E-02
  -1.20683983E-02
  -1.21127199E-02
  -1.21570909E-02
  -1.22015104E-02
  -1.22459792E-02
  -1.22904964E-02
  -1.23350620E-02
  -1.23796761E-02
  -1.24243377E-02
  -1.24690467E-02
  -1.25138033E-02
  -1.25586074E-02
  -1.26034580E-02
  -1.26483552E-02
  -1.26932999E-02
  -1.27382912E-02
  -1.27833281E-02
  -1.28284106E-02
  -1.28735388E-02
  -1.29187116E-02
  -1.29639301E-02
  -1.30091952E-02
  -1.30545041E-02
  -1.30998576E-02
  -1.31452559E-02
  -1.31906988E-02
  -1.32361846E-02
  -1.32817151E-02
  -1.33272894E-02
  -1.33729074E-02
  -1.34185674E-02
  -1.34642711E-02
  -1.35100177E-02
  -1.35558071E-02
  -1.36016374E-02
  -1.36475107E-02
  -1.36934258E-02
  -1.37393838E-02
  -1.37853827E-02
  -1.38314227E-02
  -1.38775045E-02
  -1.39236264E-02
  -1.39697902E-02
  -1.40159940E-02
  -1.40622379E-02
  -1.41085228E-02
  -1.41548468E-02
  -1.42012108E-02
  -1.42476140E-02
  -1.42940562E-02
  -1.43405376E-02
  -1.43870590E-02
  -1.44336177E-02
  -1.44802164E-02
  -1.45268533E-02
  -1.45735284E-02
  -1.46202408E-02
  -1.46669913E-02
  -1.47137791E-02
  -1.47606051E-02
  -1.48074673E-02
  -1.48543669E-02
  -1.49013037E-02
  -1.49482759E-02
  -1.49952844E-02
  -1.50423301E-02
  -1.50894113E-02
  -1.51365288E-02
  -1.51836816E-02
  -1.52308699E-02
  -1.52780926E-02
  -1.53253516E-02
  -1.53726442E-02
  -1.54199731E-02
  -1.54673355E-02
  -1.55147323E-02
  -1.55621637E-02
  -1.56096285E-02
  -1.56571269E-02
  -1.57046597E-02
  -1.57522261E-02
  -1.57998241E-02
  -1.58474557E-02
  -1.58951208E-02
  -1.59428176E-02
  -1.59905460E-02
  -1.60383079E-02
  -1.60861015E-02
  -1.61339287E-02
  -1.61817856E-02
  -1.62296761E-02
  -1.62775964E-02
  -1.63255483E-02
  -1.63735300E-02
  -1.64215434E-02
  -1.64695866E-02
  -1.65176615E-02
  -1.65657662E-02
  -1.66139007E-02
  -1.66620649E-02
  -1.67102590E-02
  -1.67584829E-02
  -1.68067366E-02
  -1.68550182E-02
  -1.69033296E-02
  -1.69516709E-02
  -1.70000400E-02
  -1.70484371E-02
  -1.70968641E-02
  -1.71453189E-02
  -1.71938017E-02
  -1.72423106E-02
  -1.72908474E-02
  -1.73394121E-02
  -1.73880048E-02
  -1.74366236E-02
  -1.74852703E-02
  -1.75339412E-02
  -1.75826419E-02
  -1.76313668E-02
  -1.76801197E-02
  -1.77288968E-02
  -1.77777018E-02
  -1.78265311E-02
  -1.78753845E-02
  -1.79242659E-02
  -1.79731734E-02
  -1.80221051E-02
  -1.80710610E-02
  -1.81200430E-02
  -1.81690492E-02
  -1.82180796E-02
  -1.82671323E-02
  -1.83162093E-02
  -1.83653105E-02
  -1.84144359E-02
  -1.84635855E-02
  -1.85127594E-02
  -1.85619555E-02
  -1.86111741E-02
  -1.86604168E-02
  -1.87096819E-02
  -1.87589712E-02
  -1.88082810E-02
  -1.88576113E-02
  -1.89069659E-02
  -1.89563427E-02
  -1.90057419E-02
  -1.90551635E-02
  -1.91046055E-02
  -1.91540681E-02
  -1.92035530E-02
  -1.92530565E-02
  -1.93025824E-02
  -1.93521306E-02
  -1.94016993E-02
  -1.94512866E-02
  -1.95008963E-02
  -1.95505247E-02
  -1.96001735E-02
  -1.96498409E-02
  -1.96995307E-02
  -1.97492391E-02
  -1.97989643E-02
  -1.98487118E-02
  -1.98984798E-02
  -1.99482627E-02
  -1.99980661E-02
  -2.00478882E-02
  -2.00977270E-02
  -2.01475844E-02
  -2.01974623E-02
  -2.02473570E-02
  -2.02972703E-02
  -2.03472003E-02
  -2.03971490E-02
  -2.04471145E-02
  -2.04970967E-02
  -2.05470975E-02
  -2.05971133E-02
  -2.06471477E-02
  -2.06971988E-02
  -2.07472667E-02
  -2.07973514E-02
  -2.08474528E-02
  -2.08975673E-02
  -2.09476985E-02
  -2.09978465E-02
  -2.10480094E-02
  -2.10981891E-02
  -2.11483836E-02
  -2.11985949E-02
  -2.12488212E-02
  -2.12990604E-02
  -2.13493146E-02
  -2.13995855E-02
  -2.14498714E-02
  -2.15001684E-02
  -2.15504821E-02
  -2.16008089E-02
  -2.16511525E-02
  -2.17015091E-02
  -2.17518788E-02
  -2.18022615E-02
  -2.18526591E-02
  -2.19030678E-02
  -2.19534915E-02
  -2.20039301E-02
  -2.20543798E-02
  -2.21048426E-02
  -2.21553184E-02
  -2.22058073E-02
  -2.22563073E-02
  -2.23068185E-02
  -2.23573428E-02
  -2.24078801E-02
  -2.24584304E-02
  -2.25089919E-02
  -2.25595646E-02
  -2.26101503E-02
  -2.26607453E-02
  -2.27113534E-02
  -2.27619708E-02
  -2.28126012E-02
  -2.28632428E-02
  -2.29138937E-02
  -2.29645558E-02
  -2.30152272E-02
  -2.30659097E-02
  -2.31166035E-02
  -2.31673066E-02
  -2.32180189E-02
  -2.32687425E-02
  -2.33194754E-02
  -2.33702194E-02
  -2.34209727E-02
  -2.34717354E-02
  -2.35225074E-02
  -2.35732868E-02
  -2.36240774E-02
  -2.36748755E-02
  -2.37256829E-02
  -2.37764977E-02
  -2.38273237E-02
  -2.38781590E-02
  -2.39289980E-02
  -2.39798483E-02
  -2.40307059E-02
  -2.40815710E-02
  -2.41324455E-02
  -2.41833292E-02
  -2.42342185E-02
  -2.42851153E-02
  -2.43360195E-02
  -2.43869331E-02
  -2.44378541E-02
  -2.44887788E-02
  -2.45397128E-02
  -2.45906543E-02
  -2.46416014E-02
  -2.46925559E-02
  -2.47435160E-02
  -2.47944817E-02
  -2.48454548E-02
  -2.48964336E-02
  -2.49474179E-02
  -2.49984115E-02
  -2.50494089E-02
  -2.51004118E-02
  -2.51514204E-02
  -2.52024326E-02
  -2.52534505E-02
  -2.53044758E-02
  -2.53555067E-02
  -2.54065413E-02
  -2.54575815E-02
  -2.55086254E-02
  -2.55596731E-02
  -2.56107301E-02
  -2.56617907E-02
  -2.57128533E-02
  -2.57639196E-02
  -2.58149914E-02
  -2.58660689E-02
  -2.59171482E-02
  -2.59682331E-02
  -2.60193199E-02
  -2.60704122E-02
  -2.61215083E-02
  -2.61726063E-02
  -2.62237098E-02
  -2.62748133E-02
  -2.63259225E-02
  -2.63770334E-02
  -2.64281482E-02
  -2.64792666E-02
  -2.65303850E-02
  -2.65815109E-02
  -2.66326386E-02
  -2.66837664E-02
  -2.67348960E-02
  -2.67860312E-02
  -2.68371664E-02
  -2.68883035E-02
  -2.69394405E-02
  -2.69905832E-02
  -2.70417258E-02
  -2.70928703E-02
  -2.71440167E-02
  -2.71951649E-02
  -2.72463132E-02
  -2.72974633E-02
  -2.73486171E-02
  -2.73997691E-02
  -2.74509229E-02
  -2.75020786E-02
  -2.75532342E-02
  -2.76043918E-02
  -2.76555475E-02
  -2.77067069E-02
  -2.77578644E-02
  -2.78090239E-02
  -2.78601814E-02
  -2.79113427E-02
  -2.79625040E-02
  -2.80136615E-02
  -2.80648209E-02
  -2.81159803E-02
  -2.81671397E-02
  -2.82182973E-02
  -2.82694548E-02
  -2.83206124E-02
  -2.83717699E-02
  -2.84229275E-02
  -2.84740832E-02
  -2.85252389E-02
  -2.85763927E-02
  -2.86275446E-02
  -2.86786966E-02
  -2.87298486E-02
  -2.87809968E-02
  -2.88321432E-02
  -2.88832895E-02
  -2.89344359E-02
  -2.89855804E-02
  -2.90367212E-02
  -2.90878583E-02
  -2.91389972E-02
  -2.91901324E-02
  -2.92412676E-02
  -2.92923972E-02
  -2.93435268E-02
  -2.93946546E-02
  -2.94457786E-02
  -2.94968989E-02
  -2.95480173E-02
  -2.95991339E-02
  -2.96502486E-02
  -2.97013614E-02
  -2.97524706E-02
  -2.98035759E-02
  -2.98546776E-02
  -2.99057774E-02
  -2.99568716E-02
  -3.00079640E-02
  -3.00590545E-02
  -3.01101394E-02
  -3.01612206E-02
  -3.02122999E-02
  -3.02633736E-02
  -3.03144436E-02
  -3.03655118E-02
  -3.04165762E-02
  -3.04676350E-02
  -3.05186901E-02
  -3.05697434E-02
  -3.06207910E-02
  -3.06718331E-02
  -3.07228714E-02
  -3.07739042E-02
  -3.08249351E-02
  -3.08759585E-02
  -3.09269764E-02
  -3.09779905E-02
  -3.10290009E-02
  -3.10800057E-02
  -3.11310068E-02
  -3.11820023E-02
  -3.12329940E-02
  -3.12839784E-02
  -3.13349590E-02
  -3.13859321E-02
  -3.14369015E-02
  -3.14878672E-02
  -3.15388218E-02
  -3.15897688E-02
  -3.16407159E-02
  -3.16916555E-02
  -3.17425914E-02
  -3.17935199E-02
  -3.18444446E-02
  -3.18953581E-02
  -3.19462679E-02
  -3.19971740E-02
  -3.20480727E-02
  -3.20989639E-02
  -3.21498513E-02
  -3.22007276E-02
  -3.22516002E-02
  -3.23024653E-02
  -3.23533230E-02
  -3.24041732E-02
  -3.24550197E-02
  -3.25058587E-02
  -3.25566903E-02
  -3.26075144E-02
  -3.26583311E-02
  -3.27091403E-02
  -3.27599421E-02
  -3.28107364E-02
  -3.28615271E-02
  -3.29123065E-02
  -3.29630785E-02
  -3.30138430E-02
  -3.30646038E-02
  -3.31153534E-02
  -3.31660956E-02
  -3.32168303E-02
  -3.32675576E-02
  -3.33182774E-02
  -3.33689898E-02
  -3.34196948E-02
  -3.34703885E-02
  -3.35210748E-02
  -3.35717537E-02
  -3.36224213E-02
  -3.36730853E-02
  -3.37237380E-02
  -3.37743796E-02
  -3.38250175E-02
  -3.38756442E-02
  -3.39262635E-02
  -3.39768715E-02
  -3.40274721E-02
  -3.40780653E-02
  -3.41286510E-02
  -3.41792218E-02
  -3.42297889E-02
  -3.42803448E-02
  -3.43308933E-02
  -3.43814306E-02
  -3.44319642E-02
  -3.44824828E-02
  -3.45329903E-02
  -3.45834903E-02
  -3.46339792E-02
  -3.46844606E-02
  -3.47349308E-02
  -3.47853936E-02
  -3.48358490E-02
  -3.48862931E-02
  -3.49367224E-02
  -3.49871442E-02
  -3.50375585E-02
  -3.50879617E-02
  -3.51383537E-02
  -3.51887383E-02
  -3.52391079E-02
  -3.52894738E-02
  -3.53398249E-02
  -3.53901684E-02
  -3.54404971E-02
  -3.54908183E-02
  -3.55411284E-02
  -3.55914272E-02
  -3.56417187E-02
  -3.56919989E-02
  -3.57422680E-02
  -3.57925259E-02
  -3.58427726E-02
  -3.58930081E-02
  -3.59432325E-02
  -3.59934494E-02
  -3.60436514E-02
  -3.60938422E-02
  -3.61440256E-02
  -3.61941941E-02
  -3.62443514E-02
  -3.62945013E-02
  -3.63446362E-02
  -3.63947600E-02
  -3.64448726E-02
  -3.64949740E-02
  -3.65450643E-02
  -3.65951397E-02
  -3.66452038E-02
  -3.66952606E-02
  -3.67453024E-02
  -3.67953330E-02
  -3.68453525E-02
  -3.68953608E-02
  -3.69453579E-02
  -3.69953439E-02
  -3.70453149E-02
  -3.70952748E-02
  -3.71452197E-02
  -3.71951573E-02
  -3.72450799E-02
  -3.72949913E-02
  -3.73448879E-02
  -3.73947769E-02
  -3.74446474E-02
  -3.74945067E-02
  -3.75443548E-02
  -3.75941955E-02
  -3.76440175E-02
  -3.76938283E-02
  -3.77436280E-02
  -3.77934165E-02
  -3.78431901E-02
  -3.78929488E-02
  -3.79426964E-02
  -3.79924327E-02
  -3.80421542E-02
  -3.80918644E-02
  -3.81415598E-02
  -3.81912440E-02
  -3.82409170E-02
  -3.82905751E-02
  -3.83402146E-02
  -3.83898467E-02
  -3.84394638E-02
  -3.84890661E-02
  -3.85386609E-02
  -3.85882370E-02
  -3.86378020E-02
  -3.86873521E-02
  -3.87368873E-02
  -3.87864113E-02
  -3.88359204E-02
  -3.88854146E-02
  -3.89348976E-02
  -3.89843658E-02
  -3.90338227E-02
  -3.90832648E-02
  -3.91326919E-02
  -3.91821042E-02
  -3.92315015E-02
  -3.92808877E-02
  -3.93302590E-02
  -3.93796153E-02
  -3.94289605E-02
  -3.94782871E-02
  -3.95276025E-02
  -3.95769067E-02
  -3.96261923E-02
  -3.96754667E-02
  -3.97247225E-02
  -3.97739671E-02
  -3.98231968E-02
  -3.98724079E-02
  -3.99216078E-02
  -3.99707966E-02
  -4.00199704E-02
  -4.00691293E-02
  -4.01182696E-02
  -4.01673988E-02
  -4.02165130E-02
  -4.02656086E-02
  -4.03146893E-02
  -4.03637588E-02
  -4.04128134E-02
  -4.04618494E-02
  -4.05108742E-02
  -4.05598842E-02
  -4.06088792E-02
  -4.06578556E-02
  -4.07068208E-02
  -4.07557711E-02
  -4.08047065E-02
  -4.08536270E-02
  -4.09025326E-02
  -4.09514196E-02
  -4.10002880E-02
  -4.10491489E-02
  -4.10979912E-02
  -4.11468223E-02
  -4.11956310E-02
  -4.12444286E-02
  -4.12932076E-02
  -4.13419753E-02
  -4.13907282E-02
  -4.14394587E-02
  -4.14881743E-02
  -4.15368751E-02
  -4.15855646E-02
  -4.16342355E-02
  -4.16828915E-02
  -4.17315327E-02
  -4.17801589E-02
  -4.18287739E-02
  -4.18773629E-02
  -4.19259407E-02
  -4.19745035E-02
  -4.20230478E-02
  -4.20715772E-02
  -4.21200916E-02
  -4.21685912E-02
  -4.22170758E-02
  -4.22655456E-02
  -4.23139930E-02
  -4.23624255E-02
  -4.24108431E-02
  -4.24592420E-02
  -4.25076298E-02
  -4.25559990E-02
  -4.26043496E-02
  -4.26526852E-02
  -4.27010059E-02
  -4.27493080E-02
  -4.27975990E-02
  -4.28458676E-02
  -4.28941213E-02
  -4.29423600E-02
  -4.29905802E-02
  -4.30387855E-02
  -4.30869721E-02
  -4.31351438E-02
  -4.31833006E-02
  -4.32314388E-02
  -4.32795621E-02
  -4.33276631E-02
  -4.33757491E-02
  -4.34238240E-02
  -4.34718803E-02
  -4.35199179E-02
  -4.35679406E-02
  -4.36159410E-02
  -4.36639301E-02
  -4.37119007E-02
  -4.37598564E-02
  -4.38077934E-02
  -4.38557118E-02
  -4.39036116E-02
  -4.39514965E-02
  -4.39993627E-02
  -4.40472141E-02
  -4.40950505E-02
  -4.41428684E-02
  -4.41906676E-02
  -4.42384519E-02
  -4.42862175E-02
  -4.43339646E-02
  -4.43816967E-02
  -4.44294102E-02
  -4.44771014E-02
  -4.45247777E-02
  -4.45724428E-02
  -4.46200892E-02
  -4.46677133E-02
  -4.47153226E-02
  -4.47629169E-02
  -4.48104925E-02
  -4.48580496E-02
  -4.49055880E-02
  -4.49531078E-02
  -4.50006127E-02
  -4.50480990E-02
  -4.50955667E-02
  -4.51430194E-02
  -4.51904535E-02
  -4.52378727E-02
  -4.52852696E-02
  -4.53326516E-02
  -4.53800149E-02
  -4.54273634E-02
  -4.54746932E-02
  -4.55220006E-02
  -4.55692895E-02
  -4.56165634E-02
  -4.56638187E-02
  -4.57110591E-02
  -4.57582772E-02
  -4.58054803E-02
  -4.58526649E-02
  -4.58998270E-02
  -4.59469743E-02
  -4.59941067E-02
  -4.60412167E-02
  -4.60883081E-02
  -4.61353883E-02
  -4.61824499E-02
  -4.62294891E-02
  -4.62765060E-02
  -4.63235117E-02
  -4.63704951E-02
  -4.64174598E-02
  -4.64644097E-02
  -4.65113409E-02
  -4.65582535E-02
  -4.66051511E-02
  -4.66520265E-02
  -4.66988832E-02
  -4.67457213E-02
  -4.67925444E-02
  -4.68393452E-02
  -4.68861274E-02
  -4.69328910E-02
  -4.69796360E-02
  -4.70263623E-02
  -4.70730774E-02
  -4.71197702E-02
  -4.71664406E-02
  -4.72130962E-02
  -4.72597331E-02
  -4.73063514E-02
  -4.73529510E-02
  -4.73995283E-02
  -4.74460907E-02
  -4.74926308E-02
  -4.75391559E-02
  -4.75856625E-02
  -4.76321504E-02
  -4.76786159E-02
  -4.77250703E-02
  -4.77714986E-02
  -4.78179082E-02
  -4.78643030E-02
  -4.79106754E-02
  -4.79570329E-02
  -4.80033718E-02
  -4.80496883E-02
  -4.80959900E-02
  -4.81422693E-02
  -4.81885299E-02
  -4.82347757E-02
  -4.82809991E-02
  -4.83272038E-02
  -4.83733900E-02
  -4.84195575E-02
  -4.84657064E-02
  -4.85118330E-02
  -4.85579446E-02
  -4.86040376E-02
  -4.86501083E-02
  -4.86961603E-02
  -4.87421937E-02
  -4.87882085E-02
  -4.88342047E-02
  -4.88801822E-02
  -4.89261411E-02
  -4.89720777E-02
  -4.90179993E-02
  -4.90639023E-02
  -4.91097830E-02
  -4.91556451E-02
  -4.92014848E-02
  -4.92473058E-02
  -4.92931083E-02
  -4.93388921E-02
  -4.93846573E-02
  -4.94304001E-02
  -4.94761281E-02
  -4.95218337E-02
  -4.95675206E-02
  -4.96131890E-02
  -4.96588387E-02
  -4.97044660E-02
  -4.97500785E-02
  -4.97956686E-02
  -4.98412363E-02
  -4.98867929E-02
  -4.99323271E-02
  -4.99778390E-02
  -5.00233322E-02
  -5.00688106E-02
  -5.01142666E-02
  -5.01597002E-02
  -5.02051190E-02
  -5.02505153E-02
  -5.02958894E-02
  -5.03412485E-02
  -5.03865853E-02
  -5.04319072E-02
  -5.04772067E-02
  -5.05224839E-02
  -5.05677424E-02
  -5.06129824E-02
  -5.06582037E-02
  -5.07034063E-02
  -5.07485904E-02
  -5.07937521E-02
  -5.08388951E-02
  -5.08840159E-02
  -5.09291217E-02
  -5.09742089E-02
  -5.10192700E-02
  -5.10643087E-02
  -5.11093326E-02
  -5.11543378E-02
  -5.11993207E-02
  -5.12442850E-02
  -5.12892269E-02
  -5.13341501E-02
  -5.13790585E-02
  -5.14239483E-02
  -5.14688119E-02
  -5.15136607E-02
  -5.15584834E-02
  -5.16032912E-02
  -5.16480803E-02
  -5.16928434E-02
  -5.17375879E-02
  -5.17823175E-02
  -5.18270247E-02
  -5.18717133E-02
  -5.19163832E-02
  -5.19610308E-02
  -5.20056561E-02
  -5.20502664E-02
  -5.20948507E-02
  -5.21394201E-02
  -5.21839671E-02
  -5.22284955E-02
  -5.22730015E-02
  -5.23174927E-02
  -5.23619615E-02
  -5.24064116E-02
  -5.24508357E-02
  -5.24952449E-02
  -5.25396354E-02
  -5.25839999E-02
  -5.26283495E-02
  -5.26726805E-02
  -5.27169891E-02
  -5.27612753E-02
  -5.28055392E-02
  -5.28497845E-02
  -5.28940111E-02
  -5.29382192E-02
  -5.29824086E-02
  -5.30265756E-02
  -5.30707240E-02
  -5.31148501E-02
  -5.31589612E-02
  -5.32030463E-02
  -5.32471128E-02
  -5.32911606E-02
  -5.33351898E-02
  -5.33791929E-02
  -5.34231812E-02
  -5.34671471E-02
  -5.35110943E-02
  -5.35550192E-02
  -5.35989255E-02
  -5.36428094E-02
  -5.36866747E-02
  -5.37305176E-02
  -5.37743382E-02
  -5.38181439E-02
  -5.38619272E-02
  -5.39056882E-02
  -5.39494343E-02
  -5.39931543E-02
  -5.40368594E-02
  -5.40805459E-02
  -5.41242100E-02
  -5.41678518E-02
  -5.42114750E-02
  -5.42550758E-02
  -5.42986579E-02
  -5.43422177E-02
  -5.43857589E-02
  -5.44292778E-02
  -5.44727780E-02
  -5.45162596E-02
  -5.45597188E-02
  -5.46031594E-02
  -5.46465777E-02
  -5.46899773E-02
  -5.47333546E-02
  -5.47767133E-02
  -5.48200533E-02
  -5.48633672E-02
  -5.49066663E-02
  -5.49499467E-02
  -5.49932048E-02
  -5.50364405E-02
  -5.50796576E-02
  -5.51228523E-02
  -5.51660247E-02
  -5.52091785E-02
  -5.52523099E-02
  -5.52954227E-02
  -5.53385168E-02
  -5.53815924E-02
  -5.54246418E-02
  -5.54676764E-02
  -5.55106848E-02
  -5.55536747E-02
  -5.55966459E-02
  -5.56395985E-02
  -5.56825250E-02
  -5.57254367E-02
  -5.57683222E-02
  -5.58111891E-02
  -5.58540374E-02
  -5.58968671E-02
  -5.59396744E-02
  -5.59824593E-02
  -5.60252219E-02
  -5.60679659E-02
  -5.61106913E-02
  -5.61533980E-02
  -5.61960861E-02
  -5.62387481E-02
  -5.62813915E-02
  -5.63240163E-02
  -5.63666187E-02
  -5.64091951E-02
  -5.64517565E-02
  -5.64942919E-02
  -5.65368123E-02
  -5.65793142E-02
  -5.66217937E-02
  -5.66642508E-02
  -5.67066893E-02
  -5.67491055E-02
  -5.67915030E-02
  -5.68338782E-02
  -5.68762310E-02
  -5.69185652E-02
  -5.69608808E-02
  -5.70031740E-02
  -5.70454486E-02
  -5.70877045E-02
  -5.71299382E-02
  -5.71721494E-02
  -5.72143421E-02
  -5.72565123E-02
  -5.72986640E-02
  -5.73407970E-02
  -5.73829077E-02
  -5.74249960E-02
  -5.74670658E-02
  -5.75091094E-02
  -5.75511381E-02
  -5.75931408E-02
  -5.76351248E-02
  -5.76770902E-02
  -5.77190369E-02
  -5.77609651E-02
  -5.78028709E-02
  -5.78447543E-02
  -5.78866191E-02
  -5.79284616E-02
  -5.79702817E-02
  -5.80120794E-02
  -5.80538586E-02
  -5.80956191E-02
  -5.81373610E-02
  -5.81790768E-02
  -5.82207739E-02
  -5.82624525E-02
  -5.83041087E-02
  -5.83457462E-02
  -5.83873615E-02
  -5.84289581E-02
  -5.84705323E-02
  -5.85120879E-02
  -5.85536249E-02
  -5.85951358E-02
  -5.86366281E-02
  -5.86780980E-02
  -5.87195493E-02
  -5.87609746E-02
  -5.88023849E-02
  -5.88437729E-02
  -5.88851459E-02
  -5.89264929E-02
  -5.89678176E-02
  -5.90091273E-02
  -5.90504110E-02
  -5.90916798E-02
  -5.91329187E-02
  -5.91741428E-02
  -5.92153445E-02
  -5.92565313E-02
  -5.92976920E-02
  -5.93388341E-02
  -5.93799576E-02
  -5.94210587E-02
  -5.94621412E-02
  -5.95032014E-02
  -5.95442392E-02
  -5.95852546E-02
  -5.96262515E-02
  -5.96672297E-02
  -5.97081855E-02
  -5.97491227E-02
  -5.97900376E-02
  -5.98309301E-02
  -5.98718040E-02
  -5.99126592E-02
  -5.99534921E-02
  -5.99943064E-02
  -6.00350983E-02
  -6.00758716E-02
  -6.01166226E-02
  -6.01573549E-02
  -6.01980649E-02
  -6.02387525E-02
  -6.02794215E-02
  -6.03200719E-02
  -6.03606962E-02
  -6.04013018E-02
  -6.04418889E-02
  -6.04824573E-02
  -6.05229996E-02
  -6.05635233E-02
  -6.06040284E-02
  -6.06445149E-02
  -6.06849790E-02
  -6.07254207E-02
  -6.07658401E-02
  -6.08062446E-02
  -6.08466230E-02
  -6.08869828E-02
  -6.09273203E-02
  -6.09676391E-02
  -6.10079393E-02
  -6.10482134E-02
  -6.10884726E-02
  -6.11287057E-02
  -6.11689240E-02
  -6.12091161E-02
  -6.12492897E-02
  -6.12894446E-02
  -6.13295808E-02
  -6.13696948E-02
  -6.14097863E-02
  -6.14498593E-02
  -6.14899136E-02
  -6.15299456E-02
  -6.15699552E-02
  -6.16099425E-02
  -6.16499074E-02
  -6.16898574E-02
  -6.17297851E-02
  -6.17696941E-02
  -6.18095808E-02
  -6.18494451E-02
  -6.18892908E-02
  -6.19291179E-02
  -6.19689226E-02
  -6.20087087E-02
  -6.20484725E-02
  -6.20882139E-02
  -6.21279366E-02
  -6.21676408E-02
  -6.22073226E-02
  -6.22469857E-02
  -6.22866265E-02
  -6.23262487E-02
  -6.23658486E-02
  -6.24054298E-02
  -6.24449924E-02
  -6.24845289E-02
  -6.25240430E-02
  -6.25635386E-02
  -6.26030192E-02
  -6.26424775E-02
  -6.26819134E-02
  -6.27213344E-02
  -6.27607256E-02
  -6.28001019E-02
  -6.28394559E-02
  -6.28787875E-02
  -6.29181042E-02
  -6.29573986E-02
  -6.29966706E-02
  -6.30359203E-02
  -6.30751550E-02
  -6.31143674E-02
  -6.31535575E-02
  -6.31927326E-02
  -6.32318780E-02
  -6.32710084E-02
  -6.33101165E-02
  -6.33492097E-02
  -6.33882806E-02
  -6.34273291E-02
  -6.34663552E-02
  -6.35053590E-02
  -6.35443479E-02
  -6.35833144E-02
  -6.36222586E-02
  -6.36611879E-02
  -6.37000874E-02
  -6.37389719E-02
  -6.37778342E-02
  -6.38166815E-02
  -6.38555065E-02
  -6.38943091E-02
  -6.39330968E-02
  -6.39718622E-02
  -6.40106052E-02
  -6.40493259E-02
  -6.40880242E-02
  -6.41267076E-02
  -6.41653687E-02
  -6.42040074E-02
  -6.42426312E-02
  -6.42812327E-02
  -6.43198118E-02
  -6.43583685E-02
  -6.43969029E-02
  -6.44354224E-02
  -6.44739196E-02
  -6.45124018E-02
  -6.45508617E-02
  -6.45893067E-02
  -6.46277219E-02
  -6.46661222E-02
  -6.47045001E-02
  -6.47428632E-02
  -6.47811964E-02
  -6.48195148E-02
  -6.48578107E-02
  -6.48960844E-02
  -6.49343356E-02
  -6.49725720E-02
  -6.50107861E-02
  -6.50489852E-02
  -6.50871545E-02
  -6.51253089E-02
  -6.51634485E-02
  -6.52015582E-02
  -6.52396530E-02
  -6.52777255E-02
  -6.53157830E-02
  -6.53538182E-02
  -6.53918311E-02
  -6.54298216E-02
  -6.54677898E-02
  -6.55057430E-02
  -6.55436739E-02
  -6.55815825E-02
  -6.56194761E-02
  -6.56573474E-02
  -6.56951964E-02
  -6.57330230E-02
  -6.57708347E-02
  -6.58086240E-02
  -6.58463985E-02
  -6.58841506E-02
  -6.59218803E-02
  -6.59595877E-02
  -6.59972802E-02
  -6.60349503E-02
  -6.60726056E-02
  -6.61102384E-02
  -6.61478490E-02
  -6.61854371E-02
  -6.62230104E-02
  -6.62605539E-02
  -6.62980899E-02
  -6.63355961E-02
  -6.63730875E-02
  -6.64105564E-02
  -6.64480105E-02
  -6.64854348E-02
  -6.65228441E-02
  -6.65602311E-02
  -6.65975958E-02
  -6.66349456E-02
  -6.66722730E-02
  -6.67095855E-02
  -6.67468756E-02
  -6.67841434E-02
  -6.68213889E-02
  -6.68586195E-02
  -6.68958277E-02
  -6.69330135E-02
  -6.69701844E-02
  -6.70073330E-02
  -6.70444667E-02
  -6.70815781E-02
  -6.71186671E-02
  -6.71557412E-02
  -6.71927854E-02
  -6.72298148E-02
  -6.72668219E-02
  -6.73038065E-02
  -6.73407763E-02
  -6.73777312E-02
  -6.74146637E-02
  -6.74515739E-02
  -6.74884617E-02
  -6.75253272E-02
  -6.75621778E-02
  -6.75990060E-02
  -6.76358193E-02
  -6.76726103E-02
  -6.77093789E-02
  -6.77461252E-02
  -6.77828565E-02
  -6.78195730E-02
  -6.78562671E-02
  -6.78929389E-02
  -6.79295808E-02
  -6.79662079E-02
  -6.80028200E-02
  -6.80394173E-02
  -6.80759922E-02
  -6.81125447E-02
  -6.81490749E-02
  -6.81855828E-02
  -6.82220832E-02
  -6.82585537E-02
  -6.82950094E-02
  -6.83314428E-02
  -6.83678538E-02
  -6.84042498E-02
  -6.84406236E-02
  -6.84769750E-02
  -6.85133114E-02
  -6.85496256E-02
  -6.85859174E-02
  -6.86221942E-02
  -6.86584562E-02
  -6.86946958E-02
  -6.87309131E-02
  -6.87671006E-02
  -6.88032806E-02
  -6.88394383E-02
  -6.88755810E-02
  -6.89117014E-02
  -6.89477921E-02
  -6.89838752E-02
  -6.90199360E-02
  -6.90559745E-02
  -6.90919906E-02
  -6.91279918E-02
  -6.91639706E-02
  -6.91999346E-02
  -6.92358762E-02
  -6.92717955E-02
  -6.93076998E-02
  -6.93435818E-02
  -6.93794489E-02
  -6.94152862E-02
  -6.94511086E-02
  -6.94869161E-02
  -6.95226938E-02
  -6.95584565E-02
  -6.95942044E-02
  -6.96299300E-02
  -6.96656406E-02
  -6.97013289E-02
  -6.97369948E-02
  -6.97726384E-02
  -6.98082671E-02
  -6.98438808E-02
  -6.98794648E-02
  -6.99150339E-02
  -6.99505806E-02
  -6.99861124E-02
  -7.00216293E-02
  -7.00571239E-02
  -7.00925961E-02
  -7.01280460E-02
  -7.01634809E-02
  -7.01988935E-02
  -7.02342913E-02
  -7.02696666E-02
  -7.03050196E-02
  -7.03403577E-02
  -7.03756735E-02
  -7.04109669E-02
  -7.04462454E-02
  -7.04815090E-02
  -7.05167502E-02
  -7.05519766E-02
  -7.05871731E-02
  -7.06223622E-02
  -7.06575215E-02
  -7.06926584E-02
  -7.07277805E-02
  -7.07628876E-02
  -7.07979798E-02
  -7.08330423E-02
  -7.08680898E-02
  -7.09031150E-02
  -7.09381253E-02
  -7.09731132E-02
  -7.10080788E-02
  -7.10430294E-02
  -7.10779652E-02
  -7.11128712E-02
  -7.11477697E-02
  -7.11826459E-02
  -7.12174997E-02
  -7.12523311E-02
  -7.12871477E-02
  -7.13219419E-02
  -7.13567138E-02
  -7.13914707E-02
  -7.14262128E-02
  -7.14609325E-02
  -7.14956298E-02
  -7.15303048E-02
  -7.15649650E-02
  -7.15996101E-02
  -7.16342330E-02
  -7.16688409E-02
  -7.17034265E-02
  -7.17379972E-02
  -7.17725456E-02
  -7.18070716E-02
  -7.18415827E-02
  -7.18760714E-02
  -7.19105452E-02
  -7.19449967E-02
  -7.19794258E-02
  -7.20138401E-02
  -7.20482394E-02
  -7.20826089E-02
  -7.21169710E-02
  -7.21513033E-02
  -7.21856207E-02
  -7.22199231E-02
  -7.22542033E-02
  -7.22884685E-02
  -7.23227113E-02
  -7.23569319E-02
  -7.23911300E-02
  -7.24253207E-02
  -7.24594817E-02
  -7.24936277E-02
  -7.25277588E-02
  -7.25618675E-02
  -7.25959539E-02
  -7.26300254E-02
  -7.26640821E-02
  -7.26981163E-02
  -7.27321282E-02
  -7.27661252E-02
  -7.28001073E-02
  -7.28340670E-02
  -7.28680044E-02
  -7.29019269E-02
  -7.29358345E-02
  -7.29697198E-02
  -7.30035827E-02
  -7.30374232E-02
  -7.30712488E-02
  -7.31050521E-02
  -7.31388405E-02
  -7.31726140E-02
  -7.32063651E-02
  -7.32400939E-02
  -7.32738003E-02
  -7.33074993E-02
  -7.33411685E-02
  -7.33748227E-02
  -7.34084696E-02
  -7.34420866E-02
  -7.34756887E-02
  -7.35092685E-02
  -7.35428333E-02
  -7.35763758E-02
  -7.36099035E-02
  -7.36434087E-02
  -7.36768991E-02
  -7.37103671E-02
  -7.37438127E-02
  -7.37772509E-02
  -7.38106668E-02
  -7.38440603E-02
  -7.38774389E-02
  -7.39107952E-02
  -7.39441365E-02
  -7.39774555E-02
  -7.40107596E-02
  -7.40440413E-02
  -7.40773082E-02
  -7.41105601E-02
  -7.41437823E-02
  -7.41769895E-02
  -7.42101818E-02
  -7.42433593E-02
  -7.42765144E-02
  -7.43096471E-02
  -7.43427649E-02
  -7.43758604E-02
  -7.44089410E-02
  -7.44420066E-02
  -7.44750425E-02
  -7.45080709E-02
  -7.45410770E-02
  -7.45740682E-02
  -7.46070296E-02
  -7.46399835E-02
  -7.46729150E-02
  -7.47058243E-02
  -7.47387186E-02
  -7.47715980E-02
  -7.48044625E-02
  -7.48372972E-02
  -7.48701170E-02
  -7.49029145E-02
  -7.49356970E-02
  -7.49684721E-02
  -7.50012174E-02
  -7.50339404E-02
  -7.50666484E-02
  -7.50993416E-02
  -7.51320124E-02
  -7.51646757E-02
  -7.51973093E-02
  -7.52299279E-02
  -7.52625316E-02
  -7.52951130E-02
  -7.53276795E-02
  -7.53602237E-02
  -7.53927529E-02
  -7.54252598E-02
  -7.54577518E-02
  -7.54902288E-02
  -7.55226836E-02
  -7.55551159E-02
  -7.55875334E-02
  -7.56199285E-02
  -7.56523088E-02
  -7.56846815E-02
  -7.57170245E-02
  -7.57493526E-02
  -7.57816583E-02
  -7.58139491E-02
  -7.58462250E-02
  -7.58784786E-02
  -7.59107172E-02
  -7.59429336E-02
  -7.59751350E-02
  -7.60073215E-02
  -7.60394856E-02
  -7.60716349E-02
  -7.61037618E-02
  -7.61358738E-02
  -7.61679634E-02
  -7.62000307E-02
  -7.62320906E-02
  -7.62641281E-02
  -7.62961432E-02
  -7.63281435E-02
  -7.63601288E-02
  -7.63920918E-02
  -7.64240399E-02
  -7.64559805E-02
  -7.64878914E-02
  -7.65197799E-02
  -7.65516534E-02
  -7.65835121E-02
  -7.66153485E-02
  -7.66471699E-02
  -7.66789764E-02
  -7.67107606E-02
  -7.67425299E-02
  -7.67742842E-02
  -7.68060163E-02
  -7.68377334E-02
  -7.68694282E-02
  -7.69011080E-02
  -7.69327655E-02
  -7.69644082E-02
  -7.69960284E-02
  -7.70276338E-02
  -7.70592168E-02
  -7.70907924E-02
  -7.71223456E-02
  -7.71538764E-02
  -7.71853924E-02
  -7.72168934E-02
  -7.72483721E-02
  -7.72798359E-02
  -7.73112848E-02
  -7.73427114E-02
  -7.73741230E-02
  -7.74055198E-02
  -7.74368942E-02
  -7.74682462E-02
  -7.74995908E-02
  -7.75309056E-02
  -7.75622129E-02
  -7.75935054E-02
  -7.76247755E-02
  -7.76560232E-02
  -7.76872560E-02
  -7.77184665E-02
  -7.77496696E-02
  -7.77808502E-02
  -7.78120160E-02
  -7.78431594E-02
  -7.78742880E-02
  -7.79054016E-02
  -7.79364929E-02
  -7.79675767E-02
  -7.79986307E-02
  -7.80296698E-02
  -7.80606866E-02
  -7.80916959E-02
  -7.81226829E-02
  -7.81536549E-02
  -7.81846046E-02
  -7.82155395E-02
  -7.82464668E-02
  -7.82773644E-02
  -7.83082470E-02
  -7.83391073E-02
  -7.83699527E-02
  -7.84007758E-02
  -7.84315839E-02
  -7.84623772E-02
  -7.84931555E-02
  -7.85239190E-02
  -7.85546601E-02
  -7.85853863E-02
  -7.86160901E-02
  -7.86467865E-02
  -7.86774531E-02
  -7.87081048E-02
  -7.87387416E-02
  -7.87693635E-02
  -7.87999630E-02
  -7.88305476E-02
  -7.88611248E-02
  -7.88916722E-02
  -7.89222121E-02
  -7.89527223E-02
  -7.89832175E-02
  -7.90136978E-02
  -7.90441632E-02
  -7.90746063E-02
  -7.91050419E-02
  -7.91354552E-02
  -7.91658387E-02
  -7.91962221E-02
  -7.92265832E-02
  -7.92569295E-02
  -7.92872608E-02
  -7.93175697E-02
  -7.93478638E-02
  -7.93781355E-02
  -7.94083849E-02
  -7.94386268E-02
  -7.94688463E-02
  -7.94990584E-02
  -7.95292482E-02
  -7.95594230E-02
  -7.95895755E-02
  -7.96197057E-02
  -7.96498358E-02
  -7.96799362E-02
  -7.97100216E-02
  -7.97400922E-02
  -7.97701403E-02
  -7.98001811E-02
  -7.98301995E-02
  -7.98601955E-02
  -7.98901767E-02
  -7.99201429E-02
  -7.99500942E-02
  -7.99800232E-02
  -8.00099447E-02
  -8.00398365E-02
  -8.00697207E-02
  -8.00995901E-02
  -8.01294371E-02
  -8.01592693E-02
  -8.01890865E-02
  -8.02188814E-02
  -8.02486613E-02
  -8.02784264E-02
  -8.03081691E-02
  -8.03378969E-02
  -8.03676099E-02
  -8.03973004E-02
  -8.04269761E-02
  -8.04566368E-02
  -8.04862827E-02
  -8.05159062E-02
  -8.05455148E-02
  -8.05751085E-02
  -8.06046873E-02
  -8.06342512E-02
  -8.06637928E-02
  -8.06933194E-02
  -8.07228312E-02
  -8.07523206E-02
  -8.07817876E-02
  -8.08112472E-02
  -8.08406919E-02
  -8.08701217E-02
  -8.08995292E-02
  -8.09289217E-02
  -8.09582993E-02
  -8.09876621E-02
  -8.10170025E-02
  -8.10463205E-02
  -8.10756236E-02
  -8.11049193E-02
  -8.11341926E-02
  -8.11634511E-02
  -8.11926872E-02
  -8.12219083E-02
  -8.12511146E-02
  -8.12803060E-02
  -8.13094825E-02
  -8.13386440E-02
  -8.13677832E-02
  -8.13969076E-02
  -8.14260170E-02
  -8.14551115E-02
  -8.14841911E-02
  -8.15132484E-02
  -8.15422833E-02
  -8.15713108E-02
  -8.16003159E-02
  -8.16293135E-02
  -8.16582888E-02
  -8.16872418E-02
  -8.17161798E-02
  -8.17451105E-02
  -8.17740187E-02
  -8.18029046E-02
  -8.18317756E-02
  -8.18606392E-02
  -8.18894878E-02
  -8.19183066E-02
  -8.19471180E-02
  -8.19759145E-02
  -8.20046887E-02
  -8.20334554E-02
  -8.20622072E-02
  -8.20909366E-02
  -8.21196362E-02
  -8.21483359E-02
  -8.21770132E-02
  -8.22056681E-02
  -8.22343156E-02
  -8.22629482E-02
  -8.22915584E-02
  -8.23201537E-02
  -8.23487341E-02
  -8.23772997E-02
  -8.24058503E-02
  -8.24343860E-02
  -8.24629068E-02
  -8.24914053E-02
  -8.25198814E-02
  -8.25483501E-02
  -8.25768039E-02
  -8.26052353E-02
  -8.26336592E-02
  -8.26620609E-02
  -8.26904476E-02
  -8.27188119E-02
  -8.27471614E-02
  -8.27754959E-02
  -8.28038156E-02
  -8.28321204E-02
  -8.28604102E-02
  -8.28886777E-02
  -8.29169378E-02
  -8.29451755E-02
  -8.29733983E-02
  -8.30016062E-02
  -8.30297917E-02
  -8.30579624E-02
  -8.30861256E-02
  -8.31142738E-02
  -8.31423998E-02
  -8.31705108E-02
  -8.31985995E-02
  -8.32266808E-02
  -8.32547471E-02
  -8.32827985E-02
  -8.33108276E-02
  -8.33388343E-02
  -8.33668411E-02
  -8.33948180E-02
  -8.34227875E-02
  -8.34507421E-02
  -8.34786743E-02
  -8.35065916E-02
  -8.35345015E-02
  -8.35623890E-02
  -8.35902467E-02
  -8.36181045E-02
  -8.36459473E-02
  -8.36737677E-02
  -8.37015733E-02
  -8.37293640E-02
  -8.37571397E-02
  -8.37849006E-02
  -8.38126391E-02
  -8.38403627E-02
  -8.38680789E-02
  -8.38957727E-02
  -8.39234442E-02
  -8.39511156E-02
  -8.39787647E-02
  -8.40063989E-02
  -8.40340108E-02
  -8.40616077E-02
  -8.40891898E-02
  -8.41167569E-02
  -8.41443092E-02
  -8.41718465E-02
  -8.41993690E-02
  -8.42268765E-02
  -8.42543691E-02
  -8.42818469E-02
  -8.43093023E-02
  -8.43367428E-02
  -8.43641683E-02
  -8.43915790E-02
  -8.44189748E-02
  -8.44463557E-02
  -8.44737291E-02
  -8.45010728E-02
  -8.45284089E-02
  -8.45557302E-02
  -8.45830292E-02
  -8.46103132E-02
  -8.46375823E-02
  -8.46648365E-02
  -8.46920684E-02
  -8.47192928E-02
  -8.47465023E-02
  -8.47736970E-02
  -8.48008767E-02
  -8.48280415E-02
  -8.48551840E-02
  -8.48823115E-02
  -8.49094242E-02
  -8.49365145E-02
  -8.49636048E-02
  -8.49906728E-02
  -8.50177258E-02
  -8.50447640E-02
  -8.50717872E-02
  -8.50987956E-02
  -8.51257741E-02
  -8.51527527E-02
  -8.51797089E-02
  -8.52066502E-02
  -8.52335766E-02
  -8.52604881E-02
  -8.52873921E-02
  -8.53142813E-02
  -8.53411481E-02
  -8.53680000E-02
  -8.53948370E-02
  -8.54216516E-02
  -8.54484588E-02
  -8.54752436E-02
  -8.55020210E-02
  -8.55287760E-02
  -8.55555236E-02
  -8.55822563E-02
  -8.56089741E-02
  -8.56356695E-02
  -8.56623426E-02
  -8.56890082E-02
  -8.57156590E-02
  -8.57423022E-02
  -8.57689232E-02
  -8.57955366E-02
  -8.58221278E-02
  -8.58487040E-02
  -8.58752653E-02
  -8.59018117E-02
  -8.59283358E-02
  -8.59548524E-02
  -8.59813541E-02
  -8.60078335E-02
  -8.60343054E-02
  -8.60607624E-02
  -8.60871971E-02
  -8.61136168E-02
  -8.61400217E-02
  -8.61664191E-02
  -8.61928016E-02
  -8.62191617E-02
  -8.62455070E-02
  -8.62718448E-02
  -8.62981528E-02
  -8.63244534E-02
  -8.63507465E-02
  -8.63770247E-02
  -8.64032730E-02
  -8.64295140E-02
  -8.64557400E-02
  -8.64819586E-02
  -8.65081623E-02
  -8.65343437E-02
  -8.65605101E-02
  -8.65866542E-02
  -8.66127908E-02
  -8.66389126E-02
  -8.66650194E-02
  -8.66911113E-02
  -8.67171884E-02
  -8.67432505E-02
  -8.67692977E-02
  -8.67953300E-02
  -8.68213475E-02
  -8.68473500E-02
  -8.68733451E-02
  -8.68993178E-02
  -8.69252831E-02
  -8.69512260E-02
  -8.69771540E-02
  -8.70030671E-02
  -8.70289579E-02
  -8.70548412E-02
  -8.70807096E-02
  -8.71065632E-02
  -8.71324018E-02
  -8.71582329E-02
  -8.71840417E-02
  -8.72098282E-02
  -8.72356147E-02
  -8.72613788E-02
  -8.72871205E-02
  -8.73128548E-02
  -8.73385742E-02
  -8.73642862E-02
  -8.73899683E-02
  -8.74156430E-02
  -8.74413028E-02
  -8.74669477E-02
  -8.74925852E-02
  -8.75182003E-02
  -8.75438079E-02
  -8.75694007E-02
  -8.75949785E-02
  -8.76205340E-02
  -8.76460746E-02
  -8.76716003E-02
  -8.76971111E-02
  -8.77226144E-02
  -8.77481028E-02
  -8.77735689E-02
  -8.77990276E-02
  -8.78244713E-02
  -8.78499001E-02
  -8.78753066E-02
  -8.79006982E-02
  -8.79260898E-02
  -8.79514590E-02
  -8.79768133E-02
  -8.80021527E-02
  -8.80274773E-02
  -8.80527869E-02
  -8.80780816E-02
  -8.81033689E-02
  -8.81286338E-02
  -8.81538764E-02
  -8.81791189E-02
  -8.82043391E-02
  -8.82295445E-02
  -8.82547349E-02
  -8.82799178E-02
  -8.83050859E-02
  -8.83302316E-02
  -8.83553773E-02
  -8.83805007E-02
  -8.84056091E-02
  -8.84306952E-02
  -8.84557739E-02
  -8.84808376E-02
  -8.85058865E-02
  -8.85309279E-02
  -8.85559469E-02
  -8.85809511E-02
  -8.86059403E-02
  -8.86309221E-02
  -8.86558890E-02
  -8.86808410E-02
  -8.87057707E-02
  -8.87306929E-02
  -8.87555927E-02
  -8.87804851E-02
  -8.88053626E-02
  -8.88302252E-02
  -8.88550729E-02
  -8.88799056E-02
  -8.89047310E-02
  -8.89295414E-02
  -8.89543369E-02
  -8.89791101E-02
  -8.90038759E-02
  -8.90286267E-02
  -8.90533626E-02
  -8.90780836E-02
  -8.91027972E-02
  -8.91274810E-02
  -8.91521648E-02
  -8.91768336E-02
  -8.92014876E-02
  -8.92261267E-02
  -8.92507359E-02
  -8.92753452E-02
  -8.92999396E-02
  -8.93245190E-02
  -8.93490836E-02
  -8.93736407E-02
  -8.93981829E-02
  -8.94227028E-02
  -8.94472152E-02
  -8.94717127E-02
  -8.94961953E-02
  -8.95206630E-02
  -8.95451084E-02
  -8.95695537E-02
  -8.95939767E-02
  -8.96183848E-02
  -8.96427855E-02
  -8.96671712E-02
  -8.96915346E-02
  -8.97158906E-02
  -8.97402391E-02
  -8.97645652E-02
  -8.97888765E-02
  -8.98131728E-02
  -8.98374617E-02
  -8.98617357E-02
  -8.98859948E-02
  -8.99102315E-02
  -8.99344608E-02
  -8.99586752E-02
  -8.99828747E-02
  -9.00070667E-02
  -9.00312364E-02
  -9.00553986E-02
  -9.00795460E-02
  -9.01036784E-02
  -9.01277959E-02
  -9.01518986E-02
  -9.01759937E-02
  -9.02000666E-02
  -9.02241319E-02
  -9.02481750E-02
  -9.02722105E-02
  -9.02962387E-02
  -9.03202519E-02
  -9.03442428E-02
  -9.03682336E-02
  -9.03922021E-02
  -9.04161483E-02
  -9.04400870E-02
  -9.04640108E-02
  -9.04879197E-02
  -9.05118212E-02
  -9.05357078E-02
  -9.05595794E-02
  -9.05834362E-02
  -9.06072780E-02
  -9.06311050E-02
  -9.06549171E-02
  -9.06787142E-02
  -9.07025114E-02
  -9.07262862E-02
  -9.07500461E-02
  -9.07737911E-02
  -9.07975286E-02
  -9.08212513E-02
  -9.08449590E-02
  -9.08686444E-02
  -9.08923224E-02
  -9.09159854E-02
  -9.09396335E-02
  -9.09632742E-02
  -9.09869000E-02
  -9.10105184E-02
  -9.10341144E-02
  -9.10576954E-02
  -9.10812616E-02
  -9.11048204E-02
  -9.11283717E-02
  -9.11519080E-02
  -9.11754221E-02
  -9.11989212E-02
  -9.12224129E-02
  -9.12458897E-02
  -9.12693590E-02
  -9.12928134E-02
  -9.13162529E-02
  -9.13396776E-02
  -9.13630873E-02
  -9.13864821E-02
  -9.14098546E-02
  -9.14332271E-02
  -9.14565772E-02
  -9.14799199E-02
  -9.15032476E-02
  -9.15265679E-02
  -9.15498734E-02
  -9.15731564E-02
  -9.15964320E-02
  -9.16196927E-02
  -9.16429460E-02
  -9.16661844E-02
  -9.16894078E-02
  -9.17126164E-02
  -9.17358175E-02
  -9.17590037E-02
  -9.17821676E-02
  -9.18053240E-02
  -9.18284655E-02
  -9.18515921E-02
  -9.18747112E-02
  -9.18978080E-02
  -9.19208974E-02
  -9.19439718E-02
  -9.19670314E-02
  -9.19900835E-02
  -9.20131207E-02
  -9.20361504E-02
  -9.20591578E-02
  -9.20821503E-02
  -9.21051353E-02
  -9.21280980E-02
  -9.21510607E-02
  -9.21740085E-02
  -9.21969339E-02
  -9.22198519E-02
  -9.22427624E-02
  -9.22656506E-02
  -9.22885314E-02
  -9.23113972E-02
  -9.23342407E-02
  -9.23570842E-02
  -9.23799127E-02
  -9.24027339E-02
  -9.24255326E-02
  -9.24483165E-02
  -9.24710929E-02
  -9.24938619E-02
  -9.25166011E-02
  -9.25393403E-02
  -9.25620645E-02
  -9.25847739E-02
  -9.26074684E-02
  -9.26301479E-02
  -9.26528201E-02
  -9.26754773E-02
  -9.26981121E-02
  -9.27207470E-02
  -9.27433595E-02
  -9.27659646E-02
  -9.27885547E-02
  -9.28111374E-02
  -9.28337052E-02
  -9.28562582E-02
  -9.28787962E-02
  -9.29013267E-02
  -9.29238349E-02
  -9.29463431E-02
  -9.29688290E-02
  -9.29913074E-02
  -9.30137709E-02
  -9.30362120E-02
  -9.30586532E-02
  -9.30810720E-02
  -9.31034833E-02
  -9.31258798E-02
  -9.31482688E-02
  -9.31706429E-02
  -9.31930095E-02
  -9.32153538E-02
  -9.32376906E-02
  -9.32600126E-02
  -9.32823122E-02
  -9.33046043E-02
  -9.33268890E-02
  -9.33491588E-02
  -9.33714211E-02
  -9.33936611E-02
  -9.34158936E-02
  -9.34381112E-02
  -9.34603214E-02
  -9.34825167E-02
  -9.35046971E-02
  -9.35268626E-02
  -9.35490131E-02
  -9.35711637E-02
  -9.35932994E-02
  -9.36154127E-02
  -9.36375186E-02
  -9.36596096E-02
  -9.36816931E-02
  -9.37037691E-02
  -9.37258154E-02
  -9.37478617E-02
  -9.37698856E-02
  -9.37919021E-02
  -9.38139111E-02
  -9.38358977E-02
  -9.38578770E-02
  -9.38798413E-02
  -9.39018056E-02
  -9.39237475E-02
  -9.39456746E-02
  -9.39675868E-02
  -9.39894989E-02
  -9.40113887E-02
  -9.40332711E-02
  -9.40551385E-02
  -9.40769911E-02
  -9.40988362E-02
  -9.41206664E-02
  -9.41424742E-02
  -9.41642821E-02
  -9.41860750E-02
  -9.42078531E-02
  -9.42296088E-02
  -9.42513645E-02
  -9.42731053E-02
  -9.42948386E-02
  -9.43165570E-02
  -9.43382680E-02
  -9.43599641E-02
  -9.43816453E-02
  -9.44033042E-02
  -9.44249630E-02
  -9.44465995E-02
  -9.44682211E-02
  -9.44898427E-02
  -9.45114419E-02
  -9.45330337E-02
  -9.45546180E-02
  -9.45761874E-02
  -9.45977420E-02
  -9.46192890E-02
  -9.46408287E-02
  -9.46623459E-02
  -9.46838483E-02
  -9.47053507E-02
  -9.47268382E-02
  -9.47483033E-02
  -9.47697610E-02
  -9.47912037E-02
  -9.48126391E-02
  -9.48340669E-02
  -9.48554724E-02
  -9.48768631E-02
  -9.48982462E-02
  -9.49196219E-02
  -9.49409828E-02
  -9.49623212E-02
  -9.49836597E-02
  -9.50049832E-02
  -9.50262919E-02
  -9.50475931E-02
  -9.50688869E-02
  -9.50901583E-02
  -9.51114148E-02
  -9.51326638E-02
  -9.51538980E-02
  -9.51751322E-02
  -9.51963514E-02
  -9.52175483E-02
  -9.52387303E-02
  -9.52599123E-02
  -9.52810720E-02
  -9.53022242E-02
  -9.53233689E-02
  -9.53444988E-02
  -9.53656211E-02
  -9.53867212E-02
  -9.54078212E-02
  -9.54289064E-02
  -9.54499692E-02
  -9.54710320E-02
  -9.54920799E-02
  -9.55131054E-02
  -9.55341235E-02
  -9.55551341E-02
  -9.55761299E-02
  -9.55971181E-02
  -9.56180915E-02
  -9.56390500E-02
  -9.56600010E-02
  -9.56809372E-02
  -9.57018584E-02
  -9.57227722E-02
  -9.57436711E-02
  -9.57645625E-02
  -9.57854316E-02
  -9.58063081E-02
  -9.58271623E-02
  -9.58479941E-02
  -9.58688185E-02
  -9.58896354E-02
  -9.59104449E-02
  -9.59312394E-02
  -9.59520265E-02
  -9.59727988E-02
  -9.59935486E-02
  -9.60142985E-02
  -9.60350335E-02
  -9.60557610E-02
  -9.60764736E-02
  -9.60971639E-02
  -9.61178541E-02
  -9.61385295E-02
  -9.61591899E-02
  -9.61798355E-02
  -9.62004736E-02
  -9.62210968E-02
  -9.62417200E-02
  -9.62623283E-02
  -9.62829217E-02
  -9.63035077E-02
  -9.63240713E-02
  -9.63446274E-02
  -9.63651761E-02
  -9.63857174E-02
  -9.64062437E-02
  -9.64267552E-02
  -9.64472517E-02
  -9.64677334E-02
  -9.64882076E-02
  -9.65086743E-02
  -9.65291262E-02
  -9.65495631E-02
  -9.65699926E-02
  -9.65904072E-02
  -9.66108218E-02
  -9.66312140E-02
  -9.66515914E-02
  -9.66719687E-02
  -9.66923311E-02
  -9.67126712E-02
  -9.67330039E-02
  -9.67533290E-02
  -9.67736393E-02
  -9.67939422E-02
  -9.68142375E-02
  -9.68345180E-02
  -9.68547761E-02
  -9.68750268E-02
  -9.68952775E-02
  -9.69155133E-02
  -9.69357342E-02
  -9.69559476E-02
  -9.69761461E-02
  -9.69963223E-02
  -9.70164984E-02
  -9.70366672E-02
  -9.70568135E-02
  -9.70769450E-02
  -9.70970690E-02
  -9.71171856E-02
  -9.71372947E-02
  -9.71573964E-02
  -9.71774757E-02
  -9.71975476E-02
  -9.72176120E-02
  -9.72376615E-02
  -9.72576961E-02
  -9.72777307E-02
  -9.72977430E-02
  -9.73177403E-02
  -9.73377302E-02
  -9.73577052E-02
  -9.73776728E-02
  -9.73976329E-02
  -9.74175781E-02
  -9.74375159E-02
  -9.74574387E-02
  -9.74773541E-02
  -9.74972546E-02
  -9.75171477E-02
  -9.75370258E-02
  -9.75568965E-02
  -9.75767523E-02
  -9.75966007E-02
  -9.76164341E-02
  -9.76362526E-02
  -9.76560563E-02
  -9.76758525E-02
  -9.76956412E-02
  -9.77154151E-02
  -9.77351815E-02
  -9.77549329E-02
  -9.77746695E-02
  -9.77943987E-02
  -9.78141204E-02
  -9.78338346E-02
  -9.78535339E-02
  -9.78732184E-02
  -9.78928953E-02
  -9.79125574E-02
  -9.79322121E-02
  -9.79518518E-02
  -9.79714766E-02
  -9.79910940E-02
  -9.80107039E-02
  -9.80302989E-02
  -9.80498865E-02
  -9.80694592E-02
  -9.80890244E-02
  -9.81085747E-02
  -9.81281176E-02
  -9.81476456E-02
  -9.81671661E-02
  -9.81866717E-02
  -9.82061774E-02
  -9.82256681E-02
  -9.82451439E-02
  -9.82646048E-02
  -9.82840583E-02
  -9.83034968E-02
  -9.83229280E-02
  -9.83423516E-02
  -9.83617604E-02
  -9.83811617E-02
  -9.84005481E-02
  -9.84199271E-02
  -9.84392986E-02
  -9.84586477E-02
  -9.84779894E-02
  -9.84973237E-02
  -9.85166505E-02
  -9.85359624E-02
  -9.85552594E-02
  -9.85745490E-02
  -9.85938236E-02
  -9.86130908E-02
  -9.86323431E-02
  -9.86515880E-02
  -9.86708179E-02
  -9.86900404E-02
  -9.87092555E-02
  -9.87284556E-02
  -9.87476408E-02
  -9.87668186E-02
  -9.87859890E-02
  -9.88051444E-02
  -9.88242850E-02
  -9.88434181E-02
  -9.88625437E-02
  -9.88816544E-02
  -9.89007652E-02
  -9.89198461E-02
  -9.89389271E-02
  -9.89580005E-02
  -9.89770591E-02
  -9.89961103E-02
  -9.90151465E-02
  -9.90341678E-02
  -9.90531817E-02
  -9.90721956E-02
  -9.90911871E-02
  -9.91101637E-02
  -9.91291478E-02
  -9.91481096E-02
  -9.91670638E-02
  -9.91859958E-02
  -9.92049277E-02
  -9.92238522E-02
  -9.92427543E-02
  -9.92616564E-02
  -9.92805436E-02
  -9.92994159E-02
  -9.93182734E-02
  -9.93371233E-02
  -9.93559659E-02
  -9.93748084E-02
  -9.93936360E-02
  -9.94124487E-02
  -9.94312540E-02
  -9.94500443E-02
  -9.94688198E-02
  -9.94875878E-02
  -9.95063409E-02
  -9.95250866E-02
  -9.95438248E-02
  -9.95625556E-02
  -9.95812714E-02
  -9.95999798E-02
  -9.96186733E-02
  -9.96373668E-02
  -9.96560380E-02
  -9.96747017E-02
  -9.96933505E-02
  -9.97119844E-02
  -9.97306108E-02
  -9.97492298E-02
  -9.97678414E-02
  -9.97864455E-02
  -9.98050347E-02
  -9.98236164E-02
  -9.98421833E-02
  -9.98607427E-02
  -9.98792872E-02
  -9.98978242E-02
  -9.99163538E-02
  -9.99348760E-02
  -9.99533832E-02
  -9.99718830E-02
  -9.99903679E-02
 -0.100008838    
 -0.100027300    
 -0.100045756    
 -0.100064196    
 -0.100082628    
 -0.100101046    
 -0.100119464    
 -0.100137860    
 -0.100156248    
 -0.100174628    
 -0.100193009    
 -0.100211360    
 -0.100229703    
 -0.100248039    
 -0.100266367    
 -0.100284688    
 -0.100303002    
 -0.100321293    
 -0.100339577    
 -0.100357853    
 -0.100376114    
 -0.100394376    
 -0.100412622    
 -0.100430861    
 -0.100449085    
 -0.100467302    
 -0.100485511    
 -0.100503698    
 -0.100521892    
 -0.100540072    
 -0.100558236    
 -0.100576378    
 -0.100594521    
 -0.100612655    
 -0.100630768    
 -0.100648887    
 -0.100666985    
 -0.100685075    
 -0.100703157    
 -0.100721225    
 -0.100739285    
 -0.100757338    
 -0.100775383    
 -0.100793406    
 -0.100811429    
 -0.100829437    
 -0.100847438    
 -0.100865431    
 -0.100883409    
 -0.100901380    
 -0.100919336    
 -0.100937285    
 -0.100955226    
 -0.100973152    
 -0.100991063    
 -0.101008967    
 -0.101026870    
 -0.101044759    
 -0.101062633    
 -0.101080507    
 -0.101098366    
 -0.101116210    
 -0.101134047    
 -0.101151869    
 -0.101169690    
 -0.101187497    
 -0.101205289    
 -0.101223081    
 -0.101240858    
 -0.101258628    
 -0.101276383    
 -0.101294130    
 -0.101311870    
 -0.101329587    
 -0.101347312    
 -0.101365015    
 -0.101382710    
 -0.101400398    
 -0.101418078    
 -0.101435743    
 -0.101453401    
 -0.101471044    
 -0.101488680    
 -0.101506308    
 -0.101523921    
 -0.101541527    
 -0.101559125    
 -0.101576716    
 -0.101594299    
 -0.101611860    
 -0.101629414    
 -0.101646967    
 -0.101664498    
 -0.101682030    
 -0.101699546    
 -0.101717055    
 -0.101734556    
 -0.101752043    
 -0.101769522    
 -0.101786993    
 -0.101804458    
 -0.101821907    
 -0.101839349    
 -0.101856776    
 -0.101874195    
 -0.101891607    
 -0.101909004    
 -0.101926394    
 -0.101943769    
 -0.101961136    
 -0.101978503    
 -0.101995848    
 -0.102013193    
 -0.102030531    
 -0.102047853    
 -0.102065161    
 -0.102082469    
 -0.102099761    
 -0.102117039    
 -0.102134310    
 -0.102151573    
 -0.102168828    
 -0.102186069    
 -0.102203310    
 -0.102220528    
 -0.102237746    
 -0.102254950    
 -0.102272145    
 -0.102289334    
 -0.102306515    
 -0.102323674    
 -0.102340825    
 -0.102357969    
 -0.102375105    
 -0.102392241    
 -0.102409355    
 -0.102426462    
 -0.102443568    
 -0.102460667    
 -0.102477737    
 -0.102494806    
 -0.102511868    
 -0.102528922    
 -0.102545962    
 -0.102563001    
 -0.102580026    
 -0.102597028    
 -0.102614030    
 -0.102631018    
 -0.102647997    
 -0.102664977    
 -0.102681950    
 -0.102698907    
 -0.102715850    
 -0.102732778    
 -0.102749713    
 -0.102766633    
 -0.102783538    
 -0.102800429    
 -0.102817319    
 -0.102834202    
 -0.102851070    
 -0.102867931    
 -0.102884784    
 -0.102901623    
 -0.102918454    
 -0.102935277    
 -0.102952093    
 -0.102968894    
 -0.102985688    
 -0.103002474    
 -0.103019245    
 -0.103036009    
 -0.103052765    
 -0.103069507    
 -0.103086248    
 -0.103102975    
 -0.103119694    
 -0.103136413    
 -0.103153110    
 -0.103169799    
 -0.103186473    
 -0.103203148    
 -0.103219815    
 -0.103236467    
 -0.103253111    
 -0.103269741    
 -0.103286371    
 -0.103302985    
 -0.103319593    
 -0.103336193    
 -0.103352785    
 -0.103369370    
 -0.103385933    
 -0.103402495    
 -0.103419036    
 -0.103435576    
 -0.103452109    
 -0.103468627    
 -0.103485145    
 -0.103501655    
 -0.103518151    
 -0.103534631    
 -0.103551105    
 -0.103567578    
 -0.103584036    
 -0.103600487    
 -0.103616923    
 -0.103633359    
 -0.103649780    
 -0.103666194    
 -0.103682593    
 -0.103698984    
 -0.103715368    
 -0.103731744    
 -0.103748105    
 -0.103764467    
 -0.103780814    
 -0.103797153    
 -0.103813477    
 -0.103829794    
 -0.103846103    
 -0.103862405    
 -0.103878699    
 -0.103894986    
 -0.103911258    
 -0.103927523    
 -0.103943780    
 -0.103960022    
 -0.103976265    
 -0.103992492    
 -0.104008712    
 -0.104024924    
 -0.104041122    
 -0.104057312    
 -0.104073495    
 -0.104089670    
 -0.104105838    
 -0.104121991    
 -0.104138143    
 -0.104154274    
 -0.104170404    
 -0.104186527    
 -0.104202643    
 -0.104218751    
 -0.104234844    
 -0.104250923    
 -0.104267001    
 -0.104283065    
 -0.104299121    
 -0.104315169    
 -0.104331210    
 -0.104347236    
 -0.104363255    
 -0.104379267    
 -0.104395263    
 -0.104411259    
 -0.104427248    
 -0.104443222    
 -0.104459189    
 -0.104475148    
 -0.104491092    
 -0.104507037    
 -0.104522973    
 -0.104538903    
 -0.104554817    
 -0.104570724    
 -0.104586624    
 -0.104602508    
 -0.104618385    
 -0.104634255    
 -0.104650110    
 -0.104665965    
 -0.104681812    
 -0.104697645    
 -0.104713470    
 -0.104729287    
 -0.104745097    
 -0.104760893    
 -0.104776680    
 -0.104792461    
 -0.104808234    
 -0.104823999    
 -0.104839750    
 -0.104855508    
 -0.104871243    
 -0.104886971    
 -0.104902685    
 -0.104918391    
 -0.104934089    
 -0.104949787    
 -0.104965463    
 -0.104981139    
 -0.104996808    
 -0.105012469    
 -0.105028115    
 -0.105043761    
 -0.105059393    
 -0.105075017    
 -0.105090633    
 -0.105106242    
 -0.105121836    
 -0.105137423    
 -0.105153002    
 -0.105168581    
 -0.105184145    
 -0.105199695    
 -0.105215237    
 -0.105230771    
 -0.105246298    
 -0.105261818    
 -0.105277330    
 -0.105292834    
 -0.105308317    
 -0.105323792    
 -0.105339274    
 -0.105354741    
 -0.105370201    
 -0.105385654    
 -0.105401091    
 -0.105416521    
 -0.105431944    
 -0.105447359    
 -0.105462767    
 -0.105478168    
 -0.105493560    
 -0.105508938    
 -0.105524309    
 -0.105539672    
 -0.105555035    
 -0.105570376    
 -0.105585717    
 -0.105601043    
 -0.105616361    
 -0.105631672    
 -0.105646975    
 -0.105662271    
 -0.105677553    
 -0.105692834    
 -0.105708107    
 -0.105723366    
 -0.105738617    
 -0.105753861    
 -0.105769098    
 -0.105784334    
 -0.105799556    
 -0.105814770    
 -0.105829969    
 -0.105845161    
 -0.105860345    
 -0.105875522    
 -0.105890691    
 -0.105905846    
 -0.105921000    
 -0.105936147    
 -0.105951287    
 -0.105966419    
 -0.105981529    
 -0.105996631    
 -0.106011733    
 -0.106026828    
 -0.106041916    
 -0.106056988    
 -0.106072053    
 -0.106087111    
 -0.106102161    
 -0.106117204    
 -0.106132239    
 -0.106147267    
 -0.106162280    
 -0.106177293    
 -0.106192298    
 -0.106207281    
 -0.106222264    
 -0.106237240    
 -0.106252208    
 -0.106267169    
 -0.106282122    
 -0.106297061    
 -0.106311999    
 -0.106326915    
 -0.106341839    
 -0.106356747    
 -0.106371649    
 -0.106386542    
 -0.106401429    
 -0.106416300    
 -0.106431164    
 -0.106446028    
 -0.106460884    
 -0.106475733    
 -0.106490567    
 -0.106505394    
 -0.106520213    
 -0.106535017    
 -0.106549822    
 -0.106564619    
 -0.106579401    
 -0.106594183    
 -0.106608942    
 -0.106623709    
 -0.106638461    
 -0.106653206    
 -0.106667943    
 -0.106682673    
 -0.106697395    
 -0.106712110    
 -0.106726810    
 -0.106741510    
 -0.106756195    
 -0.106770873    
 -0.106785543    
 -0.106800206    
 -0.106814861    
 -0.106829509    
 -0.106844142    
 -0.106858768    
 -0.106873393    
 -0.106888011    
 -0.106902622    
 -0.106917217    
 -0.106931806    
 -0.106946386    
 -0.106960960    
 -0.106975518    
 -0.106990077    
 -0.107004628    
 -0.107019171    
 -0.107033700    
 -0.107048221    
 -0.107062735    
 -0.107077248    
 -0.107091755    
 -0.107106246    
 -0.107120730    
 -0.107135206    
 -0.107149675    
 -0.107164137    
 -0.107178591    
 -0.107193038    
 -0.107207477    
 -0.107221909    
 -0.107236333    
 -0.107250743    
 -0.107265145    
 -0.107279547    
 -0.107293934    
 -0.107308321    
 -0.107322693    
 -0.107337065    
 -0.107351422    
 -0.107365772    
 -0.107380114    
 -0.107394449    
 -0.107408777    
 -0.107423089    
 -0.107437402    
 -0.107451700    
 -0.107465990    
 -0.107480273    
 -0.107494548    
 -0.107508808    
 -0.107523084    
 -0.107537337    
 -0.107551582    
 -0.107565820    
 -0.107580051    
 -0.107594281    
 -0.107608490    
 -0.107622690    
 -0.107636899    
 -0.107651092    
 -0.107665278    
 -0.107679456    
 -0.107693620    
 -0.107707776    
 -0.107721925    
 -0.107736066    
 -0.107750207    
 -0.107764333    
 -0.107778452    
 -0.107792571    
 -0.107806675    
 -0.107820772    
 -0.107834861    
 -0.107848942    
 -0.107863016    
 -0.107877083    
 -0.107891142    
 -0.107905194    
 -0.107919239    
 -0.107933275    
 -0.107947297    
 -0.107961319    
 -0.107975326    
 -0.107989326    
 -0.108003326    
 -0.108017318    
 -0.108031303    
 -0.108045280    
 -0.108059242    
 -0.108073205    
 -0.108087152    
 -0.108101092    
 -0.108115025    
 -0.108128957    
 -0.108142883    
 -0.108156785    
 -0.108170696    
 -0.108184583    
 -0.108198471    
 -0.108212352    
 -0.108226232    
 -0.108240105    
 -0.108253963    
 -0.108267806    
 -0.108281650    
 -0.108295485    
 -0.108309314    
 -0.108323127    
 -0.108336940    
 -0.108350739    
 -0.108364545    
 -0.108378336    
 -0.108392127    
 -0.108405903    
 -0.108419672    
 -0.108433425    
 -0.108447172    
 -0.108460918    
 -0.108474649    
 -0.108488381    
 -0.108502105    
 -0.108515814    
 -0.108529516    
 -0.108543210    
 -0.108556904    
 -0.108570591    
 -0.108584270    
 -0.108597934    
 -0.108611599    
 -0.108625256    
 -0.108638905    
 -0.108652540    
 -0.108666174    
 -0.108679801    
 -0.108693421    
 -0.108707026    
 -0.108720623    
 -0.108734213    
 -0.108747803    
 -0.108761378    
 -0.108774953    
 -0.108788513    
 -0.108802065    
 -0.108815610    
 -0.108829148    
 -0.108842678    
 -0.108856201    
 -0.108869724    
 -0.108883239    
 -0.108896740    
 -0.108910240    
 -0.108923726    
 -0.108937211    
 -0.108950682    
 -0.108964153    
 -0.108977616    
 -0.108991072    
 -0.109004512    
 -0.109017953    
 -0.109031379    
 -0.109044805    
 -0.109058216    
 -0.109071627    
 -0.109085023    
 -0.109098420    
 -0.109111808    
 -0.109125189    
 -0.109138556    
 -0.109151907    
 -0.109165259    
 -0.109178610    
 -0.109191947    
 -0.109205283    
 -0.109218612    
 -0.109231934    
 -0.109245248    
 -0.109258555    
 -0.109271854    
 -0.109285146    
 -0.109298430    
 -0.109311707    
 -0.109324977    
 -0.109338239    
 -0.109351493    
 -0.109364748    
 -0.109377980    
 -0.109391212    
 -0.109404437    
 -0.109417647    
 -0.109430857    
 -0.109444059    
 -0.109457262    
 -0.109470442    
 -0.109483622    
 -0.109496795    
 -0.109509960    
 -0.109523118    
 -0.109536268    
 -0.109549418    
 -0.109562561    
 -0.109575696    
 -0.109588817    
 -0.109601937    
 -0.109615043    
 -0.109628141    
 -0.109641239    
 -0.109654322    
 -0.109667405    
 -0.109680481    
 -0.109693550    
 -0.109706610    
 -0.109719664    
 -0.109732702    
 -0.109745741    
 -0.109758765    
 -0.109771796    
 -0.109784812    
 -0.109797820    
 -0.109810822    
 -0.109823808    
 -0.109836794    
 -0.109849781    
 -0.109862760    
 -0.109875731    
 -0.109888688    
 -0.109901637    
 -0.109914578    
 -0.109927513    
 -0.109940447    
 -0.109953366    
 -0.109966286    
 -0.109979197    
 -0.109992102    
 -0.110004999    
 -0.110017888    
 -0.110030770    
 -0.110043645    
 -0.110056512    
 -0.110069379    
 -0.110082224    
 -0.110095061    
 -0.110107906    
 -0.110120744    
 -0.110133566    
 -0.110146381    
 -0.110159189    
 -0.110171989    
 -0.110184789    
 -0.110197574    
 -0.110210359    
 -0.110223137    
 -0.110235907    
 -0.110248670    
 -0.110261418    
 -0.110274173    
 -0.110286921    
 -0.110299654    
 -0.110312380    
 -0.110325091    
 -0.110337801    
 -0.110350505    
 -0.110363208    
 -0.110375904    
 -0.110388584    
 -0.110401265    
 -0.110413939    
 -0.110426605    
 -0.110439263    
 -0.110451914    
 -0.110464558    
 -0.110477194    
 -0.110489823    
 -0.110502452    
 -0.110515073    
 -0.110527679    
 -0.110540278    
 -0.110552877    
 -0.110565461    
 -0.110578045    
 -0.110590622    
 -0.110603184    
 -0.110615745    
 -0.110628299    
 -0.110640846    
 -0.110653386    
 -0.110665917    
 -0.110678457    
 -0.110690974    
 -0.110703491    
 -0.110715993    
 -0.110728487    
 -0.110740975    
 -0.110753469    
 -0.110765949    
 -0.110778429    
 -0.110790893    
 -0.110803343    
 -0.110815793    
 -0.110828243    
 -0.110840686    
 -0.110853121    
 -0.110865548    
 -0.110877961    
 -0.110890374    
 -0.110902779    
 -0.110915177    
 -0.110927559    
 -0.110939942    
 -0.110952318    
 -0.110964686    
 -0.110977054    
 -0.110989407    
 -0.111001760    
 -0.111014105    
 -0.111026444    
 -0.111038774    
 -0.111051098    
 -0.111063406    
 -0.111075722    
 -0.111088030    
 -0.111100323    
 -0.111112610    
 -0.111124896    
 -0.111137182    
 -0.111149453    
 -0.111161709    
 -0.111173965    
 -0.111186214    
 -0.111198463    
 -0.111210696    
 -0.111222930    
 -0.111235157    
 -0.111247383    
 -0.111259587    
 -0.111271791    
 -0.111283980    
 -0.111296169    
 -0.111308351    
 -0.111320533    
 -0.111332700    
 -0.111344859    
 -0.111357018    
 -0.111369178    
 -0.111381322    
 -0.111393459    
 -0.111405589    
 -0.111417711    
 -0.111429833    
 -0.111441940    
 -0.111454040    
 -0.111466140    
 -0.111478224    
 -0.111490309    
 -0.111502387    
 -0.111514457    
 -0.111526527    
 -0.111538589    
 -0.111550644    
 -0.111562684    
 -0.111574717    
 -0.111586750    
 -0.111598782    
 -0.111610800    
 -0.111622818    
 -0.111634828    
 -0.111646831    
 -0.111658826    
 -0.111670807    
 -0.111682788    
 -0.111694753    
 -0.111706719    
 -0.111718677    
 -0.111730635    
 -0.111742571    
 -0.111754522    
 -0.111766458    
 -0.111778386    
 -0.111790307    
 -0.111802213    
 -0.111814126    
 -0.111826032    
 -0.111837924    
 -0.111849815    
 -0.111861698    
 -0.111873567    
 -0.111885443    
 -0.111897305    
 -0.111909159    
 -0.111921012    
 -0.111932859    
 -0.111944698    
 -0.111956529    
 -0.111968353    
 -0.111980170    
 -0.111991987    
 -0.112003796    
 -0.112015590    
 -0.112027377    
 -0.112039164    
 -0.112050943    
 -0.112062722    
 -0.112074487    
 -0.112086236    
 -0.112097993    
 -0.112109743    
 -0.112121485    
 -0.112133220    
 -0.112144947    
 -0.112156674    
 -0.112168387    
 -0.112180091    
 -0.112191796    
 -0.112203501    
 -0.112215199    
 -0.112226881    
 -0.112238556    
 -0.112250224    
 -0.112261891    
 -0.112273552    
 -0.112285197    
 -0.112296849    
 -0.112308495    
 -0.112320125    
 -0.112331748    
 -0.112343378    
 -0.112354994    
 -0.112366602    
 -0.112378202    
 -0.112389803    
 -0.112401381    
 -0.112412967    
 -0.112424545    
 -0.112436116    
 -0.112447686    
 -0.112459250    
 -0.112470798    
 -0.112482339    
 -0.112493880    
 -0.112505421    
 -0.112516947    
 -0.112528466    
 -0.112539977    
 -0.112551488    
 -0.112562992    
 -0.112574480    
 -0.112585969    
 -0.112597451    
 -0.112608939    
 -0.112620413    
 -0.112631872    
 -0.112643331    
 -0.112654783    
 -0.112666227    
 -0.112677671    
 -0.112689108    
 -0.112700544    
 -0.112711959    
 -0.112723373    
 -0.112734780    
 -0.112746187    
 -0.112757578    
 -0.112768963    
 -0.112780355    
 -0.112791739    
 -0.112803116    
 -0.112814486    
 -0.112825841    
 -0.112837195    
 -0.112848543    
 -0.112859882    
 -0.112871222    
 -0.112882547    
 -0.112893872    
 -0.112905189    
 -0.112916499    
 -0.112927802    
 -0.112939104    
 -0.112950400    
 -0.112961695    
 -0.112972975    
 -0.112984240    
 -0.112995505    
 -0.113006771    
 -0.113018028    
 -0.113029279    
 -0.113040522    
 -0.113051765    
 -0.113062993    
 -0.113074221    
 -0.113085441    
 -0.113096654    
 -0.113107868    
 -0.113119066    
 -0.113130257    
 -0.113141447    
 -0.113152631    
 -0.113163814    
 -0.113174990    
 -0.113186151    
 -0.113197312    
 -0.113208465    
 -0.113219619    
 -0.113230765    
 -0.113241896    
 -0.113253027    
 -0.113264151    
 -0.113275275    
 -0.113286383    
 -0.113297485    
 -0.113308579    
 -0.113319673    
 -0.113330759    
 -0.113341846    
 -0.113352917    
 -0.113363981    
 -0.113375045    
 -0.113386102    
 -0.113397159    
 -0.113408208    
 -0.113419242    
 -0.113430269    
 -0.113441296    
 -0.113452323    
 -0.113463342    
 -0.113474354    
 -0.113485351    
 -0.113496356    
 -0.113507345    
 -0.113518335    
 -0.113529317    
 -0.113540292    
 -0.113551259    
 -0.113562226    
 -0.113573186    
 -0.113584131    
 -0.113595076    
 -0.113606021    
 -0.113616958    
 -0.113627881    
 -0.113638803    
 -0.113649718    
 -0.113660626    
 -0.113671534    
 -0.113682434    
 -0.113693327    
 -0.113704212    
 -0.113715090    
 -0.113725968    
 -0.113736838    
 -0.113747701    
 -0.113758557    
 -0.113769405    
 -0.113780253    
 -0.113791093    
 -0.113801919    
 -0.113812752    
 -0.113823578    
 -0.113834389    
 -0.113845199    
 -0.113856003    
 -0.113866799    
 -0.113877594    
 -0.113888383    
 -0.113899164    
 -0.113909937    
 -0.113920711    
 -0.113931477    
 -0.113942236    
 -0.113952994    
 -0.113963738    
 -0.113974467    
 -0.113985211    
 -0.113995947    
 -0.114006668    
 -0.114017390    
 -0.114028104    
 -0.114038803    
 -0.114049502    
 -0.114060201    
 -0.114070885    
 -0.114081569    
 -0.114092253    
 -0.114102922    
 -0.114113592    
 -0.114124246    
 -0.114134900    
 -0.114145547    
 -0.114156194    
 -0.114166833    
 -0.114177465    
 -0.114188097    
 -0.114198722    
 -0.114209339    
 -0.114219949    
 -0.114230551    
 -0.114241153    
 -0.114251748    
 -0.114262335    
 -0.114272915    
 -0.114283487    
 -0.114294060    
 -0.114304617    
 -0.114315182    
 -0.114325732    
 -0.114336275    
 -0.114346817    
 -0.114357352    
 -0.114367880    
 -0.114378400    
 -0.114388928    
 -0.114399441    
 -0.114409946    
 -0.114420451    
 -0.114430949    
 -0.114441440    
 -0.114451922    
 -0.114462405    
 -0.114472874    
 -0.114483342    
 -0.114493795    
 -0.114504255    
 -0.114514709    
 -0.114525154    
 -0.114535600    
 -0.114546031    
 -0.114556454    
 -0.114566885    
 -0.114577301    
 -0.114587717    
 -0.114598125    
 -0.114608526    
 -0.114618920    
 -0.114629306    
 -0.114639692    
 -0.114650078    
 -0.114660449    
 -0.114670821    
 -0.114681177    
 -0.114691541    
 -0.114701889    
 -0.114712231    
 -0.114722572    
 -0.114732906    
 -0.114743233    
 -0.114753552    
 -0.114763871    
 -0.114774190    
 -0.114784494    
 -0.114794791    
 -0.114805087    
 -0.114815384    
 -0.114825673    
 -0.114835955    
 -0.114846230    
 -0.114856504    
 -0.114866763    
 -0.114877023    
 -0.114887275    
 -0.114897519    
 -0.114907764    
 -0.114918001    
 -0.114928231    
 -0.114938453    
 -0.114948675    
 -0.114958882    
 -0.114969090    
 -0.114979289    
 -0.114989489    
 -0.114999674    
 -0.115009867    
 -0.115020052    
 -0.115030229    
 -0.115040399    
 -0.115050562    
 -0.115060717    
 -0.115070872    
 -0.115081020    
 -0.115091160    
 -0.115101300    
 -0.115111433    
 -0.115121566    
 -0.115131684    
 -0.115141802    
 -0.115151912    
 -0.115162022    
 -0.115172125    
 -0.115182213    
 -0.115192302    
 -0.115202390    
 -0.115212463    
 -0.115222536    
 -0.115232602    
 -0.115242667    
 -0.115252726    
 -0.115262777    
 -0.115272827    
 -0.115282871    
 -0.115292907    
 -0.115302928    
 -0.115312949    
 -0.115322970    
 -0.115332983    
 -0.115342990    
 -0.115352988    
 -0.115362987    
 -0.115372986    
 -0.115382969    
 -0.115392953    
 -0.115402937    
 -0.115412906    
 -0.115422875    
 -0.115432836    
 -0.115442798    
 -0.115452744    
 -0.115462691    
 -0.115472630    
 -0.115482569    
 -0.115492500    
 -0.115502425    
 -0.115512349    
 -0.115522265    
 -0.115532160    
 -0.115542062    
 -0.115551963    
 -0.115561858    
 -0.115571737    
 -0.115581617    
 -0.115591496    
 -0.115601368    
 -0.115611233    
 -0.115621090    
 -0.115630947    
 -0.115640804    
 -0.115650646    
 -0.115660481    
 -0.115670316    
 -0.115680143    
 -0.115689971    
 -0.115699783    
 -0.115709595    
 -0.115719408    
 -0.115729205    
 -0.115739010    
 -0.115748800    
 -0.115758590    
 -0.115768373    
 -0.115778148    
 -0.115787923    
 -0.115797691    
 -0.115807459    
 -0.115817212    
 -0.115826964    
 -0.115836717    
 -0.115846463    
 -0.115856193    
 -0.115865923    
 -0.115875646    
 -0.115885362    
 -0.115895078    
 -0.115904786    
 -0.115914501    
 -0.115924194    
 -0.115933888    
 -0.115943573    
 -0.115953259    
 -0.115962945    
 -0.115972616    
 -0.115982279    
 -0.115991943    
 -0.116001606    
 -0.116011262    
 -0.116020903    
 -0.116030544    
 -0.116040193    
 -0.116049826    
 -0.116059460    
 -0.116069086    
 -0.116078705    
 -0.116088308    
 -0.116097920    
 -0.116107523    
 -0.116117120    
 -0.116126709    
 -0.116136298    
 -0.116145886    
 -0.116155453    
 -0.116165027    
 -0.116174594    
 -0.116184145    
 -0.116193712    
 -0.116203256    
 -0.116212808    
 -0.116222344    
 -0.116231874    
 -0.116241410    
 -0.116250932    
 -0.116260454    
 -0.116269968    
 -0.116279483    
 -0.116288990    
 -0.116298489    
 -0.116307981    
 -0.116317473    
 -0.116326958    
 -0.116336435    
 -0.116345920    
 -0.116355382    
 -0.116364844    
 -0.116374306    
 -0.116383761    
 -0.116393216    
 -0.116402663    
 -0.116412111    
 -0.116421551    
 -0.116430983    
 -0.116440408    
 -0.116449833    
 -0.116459243    
 -0.116468646    
 -0.116478056    
 -0.116487458    
 -0.116496846    
 -0.116506241    
 -0.116515629    
 -0.116525002    
 -0.116534382    
 -0.116543755    
 -0.116553120    
 -0.116562478    
 -0.116571829    
 -0.116581179    
 -0.116590522    
 -0.116599865    
 -0.116609201    
 -0.116618529    
 -0.116627857    
 -0.116637178    
 -0.116646498    
 -0.116655812    
 -0.116665125    
 -0.116674423    
 -0.116683714    
 -0.116693012    
 -0.116702296    
 -0.116711579    
 -0.116720855    
 -0.116730131    
 -0.116739400    
 -0.116748661    
 -0.116757922    
 -0.116767183    
 -0.116776429    
 -0.116785668    
 -0.116794907    
 -0.116804138    
 -0.116813369    
 -0.116822593    
 -0.116831809    
 -0.116841026    
 -0.116850235    
 -0.116859436    
 -0.116868630    
 -0.116877832    
 -0.116887018    
 -0.116896205    
 -0.116905384    
 -0.116914563    
 -0.116923735    
 -0.116932891    
 -0.116942056    
 -0.116951220    
 -0.116960369    
 -0.116969518    
 -0.116978660    
 -0.116987787    
 -0.116996922    
 -0.117006049    
 -0.117015168    
 -0.117024288    
 -0.117033400    
 -0.117042504    
 -0.117051609    
 -0.117060706    
 -0.117069803    
 -0.117078893    
 -0.117087968    
 -0.117097050    
 -0.117106117    
 -0.117115192    
 -0.117124259    
 -0.117133319    
 -0.117142372    
 -0.117151417    
 -0.117160469    
 -0.117169514    
 -0.117178552    
 -0.117187582    
 -0.117196612    
 -0.117205627    
 -0.117214642    
 -0.117223650    
 -0.117232658    
 -0.117241658    
 -0.117250659    
 -0.117259659    
 -0.117268644    
 -0.117277630    
 -0.117286608    
 -0.117295578    
 -0.117304549    
 -0.117313512    
 -0.117322475    
 -0.117331438    
 -0.117340393    
 -0.117349342    
 -0.117358282    
 -0.117367223    
 -0.117376156    
 -0.117385082    
 -0.117394000    
 -0.117402911    
 -0.117411822    
 -0.117420733    
 -0.117429629    
 -0.117438532    
 -0.117447428    
 -0.117456317    
 -0.117465205    
 -0.117474087    
 -0.117482960    
 -0.117491834    
 -0.117500700    
 -0.117509559    
 -0.117518418    
 -0.117527269    
 -0.117536113    
 -0.117544957    
 -0.117553800    
 -0.117562637    
 -0.117571466    
 -0.117580295    
 -0.117589109    
 -0.117597923    
 -0.117606737    
 -0.117615543    
 -0.117624342    
 -0.117633134    
 -0.117641926    
 -0.117650710    
 -0.117659494    
 -0.117668271    
 -0.117677048    
 -0.117685817    
 -0.117694587    
 -0.117703341    
 -0.117712095    
 -0.117720835    
 -0.117729589    
 -0.117738321    
 -0.117747054    
 -0.117755786    
 -0.117764518    
 -0.117773242    
 -0.117781959    
 -0.117790677    
 -0.117799386    
 -0.117808089    
 -0.117816783    
 -0.117825478    
 -0.117834166    
 -0.117842846    
 -0.117851526    
 -0.117860213    
 -0.117868885    
 -0.117877550    
 -0.117886208    
 -0.117894873    
 -0.117903523    
 -0.117912181    
 -0.117920823    
 -0.117929466    
 -0.117938101    
 -0.117946729    
 -0.117955364    
 -0.117963977    
 -0.117972590    
 -0.117981203    
 -0.117989808    
 -0.117998414    
 -0.118007019    
 -0.118015610    
 -0.118024208    
 -0.118032798    
 -0.118041374    
 -0.118049949    
 -0.118058525    
 -0.118067093    
 -0.118075661    
 -0.118084230    
 -0.118092783    
 -0.118101336    
 -0.118109882    
 -0.118118420    
 -0.118126959    
 -0.118135497    
 -0.118144020    
 -0.118152544    
 -0.118161060    
 -0.118169576    
 -0.118178084    
 -0.118186593    
 -0.118195094    
 -0.118203588    
 -0.118212081    
 -0.118220575    
 -0.118229054    
 -0.118237540    
 -0.118246019    
 -0.118254490    
 -0.118262954    
 -0.118271418    
 -0.118279882    
 -0.118288331    
 -0.118296772    
 -0.118305214    
 -0.118313655    
 -0.118322097    
 -0.118330516    
 -0.118338943    
 -0.118347362    
 -0.118355781    
 -0.118364193    
 -0.118372604    
 -0.118381009    
 -0.118389413    
 -0.118397817    
 -0.118406206    
 -0.118414596    
 -0.118422978    
 -0.118431352    
 -0.118439727    
 -0.118448101    
 -0.118456468    
 -0.118464820    
 -0.118473180    
 -0.118481532    
 -0.118489876    
 -0.118498221    
 -0.118506558    
 -0.118514895    
 -0.118523225    
 -0.118531547    
 -0.118539870    
 -0.118548185    
 -0.118556492    
 -0.118564799    
 -0.118573107    
 -0.118581407    
 -0.118589707    
 -0.118597992    
 -0.118606277    
 -0.118614562    
 -0.118622839    
 -0.118631110    
 -0.118639380    
 -0.118647650    
 -0.118655913    
 -0.118664175    
 -0.118672423    
 -0.118680663    
 -0.118688911    
 -0.118697152    
 -0.118705384    
 -0.118713610    
 -0.118721843    
 -0.118730068    
 -0.118738279    
 -0.118746497    
 -0.118754707    
 -0.118762903    
 -0.118771106    
 -0.118779302    
 -0.118787497    
 -0.118795685    
 -0.118803866    
 -0.118812039    
 -0.118820220    
 -0.118828386    
 -0.118836552    
 -0.118844710    
 -0.118852869    
 -0.118861027    
 -0.118869178    
 -0.118877321    
 -0.118885465    
 -0.118893601    
 -0.118901737    
 -0.118909873    
 -0.118917994    
 -0.118926108    
 -0.118934229    
 -0.118942343    
 -0.118950441    
 -0.118958540    
 -0.118966646    
 -0.118974738    
 -0.118982837    
 -0.118990920    
 -0.118998997    
 -0.119007073    
 -0.119015150    
 -0.119023219    
 -0.119031288    
 -0.119039349    
 -0.119047403    
 -0.119055457    
 -0.119063504    
 -0.119071551    
 -0.119079590    
 -0.119087629    
 -0.119095653    
 -0.119103685    
 -0.119111709    
 -0.119119726    
 -0.119127743    
 -0.119135752    
 -0.119143754    
 -0.119151764    
 -0.119159758    
 -0.119167745    
 -0.119175740    
 -0.119183727    
 -0.119191706    
 -0.119199686    
 -0.119207658    
 -0.119215630    
 -0.119223595    
 -0.119231559    
 -0.119239509    
 -0.119247459    
 -0.119255409    
 -0.119263351    
 -0.119271293    
 -0.119279228    
 -0.119287156    
 -0.119295083    
 -0.119303010    
 -0.119310930    
 -0.119318843    
 -0.119326755    
 -0.119334668    
 -0.119342566    
 -0.119350463    
 -0.119358353    
 -0.119366251    
 -0.119374134    
 -0.119382016    
 -0.119389892    
 -0.119397774    
 -0.119405650    
 -0.119413517    
 -0.119421378    
 -0.119429238    
 -0.119437091    
 -0.119444937    
 -0.119452789    
 -0.119460635    
 -0.119468473    
 -0.119476303    
 -0.119484134    
 -0.119491950    
 -0.119499773    
 -0.119507588    
 -0.119515397    
 -0.119523220    
 -0.119531021    
 -0.119538829    
 -0.119546622    
 -0.119554423    
 -0.119562216    
 -0.119569995    
 -0.119577773    
 -0.119585551    
 -0.119593322    
 -0.119601086    
 -0.119608857    
 -0.119616620    
 -0.119624376    
 -0.119632132    
 -0.119639881    
 -0.119647615    
 -0.119655348    
 -0.119663082    
 -0.119670816    
 -0.119678549    
 -0.119686268    
 -0.119693987    
 -0.119701706    
 -0.119709425    
 -0.119717121    
 -0.119724825    
 -0.119732529    
 -0.119740225    
 -0.119747922    
 -0.119755611    
 -0.119763300    
 -0.119770981    
 -0.119778663    
 -0.119786330    
 -0.119793996    
 -0.119801655    
 -0.119809322    
 -0.119816981    
 -0.119824633    
 -0.119832285    
 -0.119839936    
 -0.119847581    
 -0.119855218    
 -0.119862847    
 -0.119870476    
 -0.119878098    
 -0.119885720    
 -0.119893342    
 -0.119900957    
 -0.119908571    
 -0.119916178    
 -0.119923778    
 -0.119931370    
 -0.119938962    
 -0.119946547    
 -0.119954132    
 -0.119961716    
 -0.119969301    
 -0.119976871    
 -0.119984441    
 -0.119992010    
 -0.119999573    
 -0.120007135    
 -0.120014682    
 -0.120022230    
 -0.120029785    
 -0.120037332    
 -0.120044872    
 -0.120052405    
 -0.120059930    
 -0.120067462    
 -0.120074987    
 -0.120082512    
 -0.120090023    
 -0.120097540    
 -0.120105043    
 -0.120112546    
 -0.120120041    
 -0.120127529    
 -0.120135024    
 -0.120142512    
 -0.120150000    
 -0.120157480    
 -0.120164953    
 -0.120172434    
 -0.120179906    
 -0.120187379    
 -0.120194830    
 -0.120202288    
 -0.120209746    
 -0.120217197    
 -0.120224647    
 -0.120232090    
 -0.120239526    
 -0.120246962    
 -0.120254390    
 -0.120261826    
 -0.120269246    
 -0.120276667    
 -0.120284081    
 -0.120291494    
 -0.120298900    
 -0.120306298    
 -0.120313697    
 -0.120321095    
 -0.120328486    
 -0.120335884    
 -0.120343275    
 -0.120350651    
 -0.120358028    
 -0.120365404    
 -0.120372765    
 -0.120380133    
 -0.120387495    
 -0.120394856    
 -0.120402209    
 -0.120409563    
 -0.120416917    
 -0.120424256    
 -0.120431595    
 -0.120438933    
 -0.120446257    
 -0.120453581    
 -0.120460905    
 -0.120468229    
 -0.120475546    
 -0.120482855    
 -0.120490171    
 -0.120497473    
 -0.120504767    
 -0.120512068    
 -0.120519370    
 -0.120526657    
 -0.120533943    
 -0.120541230    
 -0.120548517    
 -0.120555788    
 -0.120563060    
 -0.120570332    
 -0.120577596    
 -0.120584853    
 -0.120592110    
 -0.120599367    
 -0.120606609    
 -0.120613858    
 -0.120621100    
 -0.120628342    
 -0.120635577    
 -0.120642811    
 -0.120650031    
 -0.120657250    
 -0.120664470    
 -0.120671690    
 -0.120678894    
 -0.120686106    
 -0.120693311    
 -0.120700516    
 -0.120707713    
 -0.120714910    
 -0.120722093    
 -0.120729275    
 -0.120736457    
 -0.120743632    
 -0.120750815    
 -0.120757990    
 -0.120765157    
 -0.120772325    
 -0.120779477    
 -0.120786630    
 -0.120793782    
 -0.120800935    
 -0.120808087    
 -0.120815232    
 -0.120822363    
 -0.120829500    
 -0.120836638    
 -0.120843761    
 -0.120850891    
 -0.120858006    
 -0.120865129    
 -0.120872237    
 -0.120879345    
 -0.120886452    
 -0.120893553    
 -0.120900646    
 -0.120907739    
 -0.120914839    
 -0.120921925    
 -0.120929010    
 -0.120936088    
 -0.120943166    
 -0.120950237    
 -0.120957308    
 -0.120964363    
 -0.120971426    
 -0.120978490    
 -0.120985553    
 -0.120992593    
 -0.120999642    
 -0.121006690    
 -0.121013731    
 -0.121020764    
 -0.121027797    
 -0.121034831    
 -0.121041857    
 -0.121048883    
 -0.121055894    
 -0.121062897    
 -0.121069916    
 -0.121076927    
 -0.121083938    
 -0.121090941    
 -0.121097937    
 -0.121104926    
 -0.121111907    
 -0.121118896    
 -0.121125877    
 -0.121132858    
 -0.121139839    
 -0.121146806    
 -0.121153772    
 -0.121160738    
 -0.121167690    
 -0.121174648    
 -0.121181600    
