   0.00000000    
   0.00000000    
   0.00000000    
   0.00000000    
   0.00000000    
   0.00000000    
   0.00000000    
   0.00000000    
   0.00000000    
   0.00000000    
   0.00000000    
   0.00000000    
   0.00000000    
   0.00000000    
   0.00000000    
   0.00000000    
   0.00000000    
   0.00000000    
   0.00000000    
   0.00000000    
   0.00000000    
   0.00000000    
   0.00000000    
   0.00000000    
   0.00000000    
   0.00000000    
   0.00000000    
   0.00000000    
   0.00000000    
   0.00000000    
   0.00000000    
   0.00000000    
   0.00000000    
   0.00000000    
   0.00000000    
   0.00000000    
   0.00000000    
   0.00000000    
   0.00000000    
   0.00000000    
   0.00000000    
   0.00000000    
   0.00000000    
   0.00000000    
   0.00000000    
   0.00000000    
   0.00000000    
   0.00000000    
   0.00000000    
   0.00000000    
   0.00000000    
   0.00000000    
   0.00000000    
   0.00000000    
   0.00000000    
   0.00000000    
   0.00000000    
   0.00000000    
   0.00000000    
   0.00000000    
   0.00000000    
   0.00000000    
   0.00000000    
   0.00000000    
   0.00000000    
   0.00000000    
   0.00000000    
   0.00000000    
   0.00000000    
   0.00000000    
   0.00000000    
   0.00000000    
   0.00000000    
   0.00000000    
   0.00000000    
   0.00000000    
   0.00000000    
   0.00000000    
   0.00000000    
   0.00000000    
   0.00000000    
   0.00000000    
   0.00000000    
   0.00000000    
   0.00000000    
   0.00000000    
   0.00000000    
   0.00000000    
   0.00000000    
   0.00000000    
   0.00000000    
   0.00000000    
   0.00000000    
   0.00000000    
   0.00000000    
   0.00000000    
   0.00000000    
   0.00000000    
   0.00000000    
   0.00000000    
   0.00000000    
   0.00000000    
   0.00000000    
   0.00000000    
   0.00000000    
   0.00000000    
   0.00000000    
   0.00000000    
   0.00000000    
   0.00000000    
   0.00000000    
   0.00000000    
   0.00000000    
   0.00000000    
   0.00000000    
   0.00000000    
   0.00000000    
   0.00000000    
   0.00000000    
   0.00000000    
   0.00000000    
   0.00000000    
   0.00000000    
   0.00000000    
   0.00000000    
   0.00000000    
   0.00000000    
   0.00000000    
   0.00000000    
   0.00000000    
   0.00000000    
   0.00000000    
   0.00000000    
   0.00000000    
   0.00000000    
   0.00000000    
   0.00000000    
   0.00000000    
   0.00000000    
   0.00000000    
   0.00000000    
   0.00000000    
   0.00000000    
   0.00000000    
   0.00000000    
   0.00000000    
   0.00000000    
   0.00000000    
   0.00000000    
   0.00000000    
   0.00000000    
   0.00000000    
   0.00000000    
   0.00000000    
   0.00000000    
   0.00000000    
   0.00000000    
   0.00000000    
   0.00000000    
   0.00000000    
   0.00000000    
   0.00000000    
   0.00000000    
   0.00000000    
   0.00000000    
   0.00000000    
   0.00000000    
   0.00000000    
   0.00000000    
   0.00000000    
   0.00000000    
   0.00000000    
   0.00000000    
   0.00000000    
   0.00000000    
   0.00000000    
   0.00000000    
   0.00000000    
   0.00000000    
   0.00000000    
   0.00000000    
   0.00000000    
   0.00000000    
   0.00000000    
   0.00000000    
   0.00000000    
   0.00000000    
   0.00000000    
   0.00000000    
   0.00000000    
   0.00000000    
   1.40129846E-45
   2.80259693E-45
   4.20389539E-45
   4.20389539E-45
   5.60519386E-45
   9.80908925E-45
   1.54142831E-44
   2.10194770E-44
   3.08285662E-44
   4.48415509E-44
   6.30584309E-44
   9.10844002E-44
   1.28919459E-43
   1.79366203E-43
   2.48029828E-43
   3.40515527E-43
   4.66632389E-43
   6.34788204E-43
   8.63199854E-43
   1.17008422E-42
   1.58346726E-42
   2.13838146E-42
   2.87826705E-42
   3.86758376E-42
   5.18620562E-42
   6.93782870E-42
   9.25978025E-42
   1.23314265E-41
   1.63909881E-41
   2.17411457E-41
   2.87770653E-41
   3.80144247E-41
   5.01174396E-41
   6.59437044E-41
   8.65960412E-41
   1.13499570E-40
   1.48481585E-40
   1.93880853E-40
   2.52691948E-40
   3.28740416E-40
   4.26905577E-40
   5.53392382E-40
   7.16087337E-40
   9.24998518E-40
   1.19279506E-39
   1.53549661E-39
   1.97332671E-39
   2.53176938E-39
   3.24288911E-39
   4.14697185E-39
   5.29454981E-39
   6.74891264E-39
   8.58919868E-39
   1.09142331E-38
   1.38472250E-38
   1.75415719E-38
   2.21879735E-38
   2.80231583E-38
   3.53405875E-38
   4.45035324E-38
   5.59610560E-38
   7.02675173E-38
   8.81063271E-38
   1.10318847E-37
   1.37939561E-37
   1.72238639E-37
   2.14773720E-37
   2.67452385E-37
   3.32607854E-37
   4.13090411E-37
   5.12377497E-37
   6.34706548E-37
   7.85234746E-37
   9.70230986E-37
   1.19730645E-36
   1.47569096E-36
   1.81656387E-36
   2.23345057E-36
   2.74269543E-36
   3.36402642E-36
   4.12122946E-36
   5.04295148E-36
   6.16365268E-36
   7.52474370E-36
   9.17593157E-36
   1.11768183E-35
   1.35987936E-35
   1.65272769E-35
   2.00643656E-35
   2.43319639E-35
   2.94754807E-35
   3.56681778E-35
   4.31163005E-35
   5.20651071E-35
   6.28059629E-35
   7.56846744E-35
   9.11112470E-35
   1.09571341E-34
   1.31639698E-34
   1.57995796E-34
   1.89442222E-34
   2.26926062E-34
   2.71563922E-34
   3.24671035E-34
   3.87795219E-34
   4.62756356E-34
   5.51692238E-34
   6.57112041E-34
   7.81958219E-34
   9.29678186E-34
   1.10430742E-33
   1.31056646E-33
   1.55397157E-33
   1.84096393E-33
   2.17905888E-33
   2.57701661E-33
   3.04504189E-33
   3.59501070E-33
   4.24073399E-33
   4.99825929E-33
   5.88622037E-33
   6.92623459E-33
   8.14336128E-33
   9.56662927E-33
   1.12296379E-32
   1.31712496E-32
   1.54363788E-32
   1.80768932E-32
   2.11526535E-32
   2.47326862E-32
   2.88965370E-32
   3.37358004E-32
   3.93558682E-32
   4.58779341E-32
   5.34412528E-32
   6.22057269E-32
   7.23548335E-32
   8.40989507E-32
   9.76791724E-32
   1.13371564E-31
   1.31492021E-31
   1.52401808E-31
   1.76513807E-31
   2.04299531E-31
   2.36297146E-31
   2.73120470E-31
   3.15469159E-31
   3.64140220E-31
   4.20041042E-31
   4.84203803E-31
   5.57802350E-31
   6.42170166E-31
   7.38821850E-31
   8.49476165E-31
   9.76082643E-31
   1.12085126E-30
   1.28628535E-30
   1.47521946E-30
   1.69086060E-30
   1.93683609E-30
   2.21724528E-30
   2.53671869E-30
   2.90048397E-30
   3.31443929E-30
   3.78523588E-30
   4.32037056E-30
   4.92828696E-30
   5.61849173E-30
   6.40168054E-30
   7.28988257E-30
   8.29661731E-30
   9.43707403E-30
   1.07283040E-29
   1.21894453E-29
   1.38419609E-29
   1.57099114E-29
   1.78202581E-29
   2.02031902E-29
   2.28925016E-29
   2.59259992E-29
   2.93459543E-29
   3.31996167E-29
   3.75397600E-29
   4.24253147E-29
   4.79220451E-29
   5.41033022E-29
   6.10508718E-29
   6.88558835E-29
   7.76198698E-29
   8.74558348E-29
   9.84895416E-29
   1.10860897E-28
   1.24725402E-28
   1.40255908E-28
   1.57644384E-28
   1.77103980E-28
   1.98871213E-28
   2.23208468E-28
   2.50406691E-28
   2.80788260E-28
   3.14710386E-28
   3.52568584E-28
   3.94800616E-28
   4.41890855E-28
   4.94374902E-28
   5.52844883E-28
   6.17955038E-28
   6.90427926E-28
   7.71061461E-28
   8.60736033E-28
   9.60422937E-28
   1.07119318E-27
   1.19422717E-27
   1.33082568E-27
   1.48242121E-27
   1.65059091E-27
   1.83707004E-27
   2.04376816E-27
   2.27278453E-27
   2.52642681E-27
   2.80723067E-27
   3.11798120E-27
   3.46173620E-27
   3.84185160E-27
   4.26200940E-27
   4.72624749E-27
   5.23899283E-27
   5.80509721E-27
   6.42987466E-27
   7.11914611E-27
   7.87928216E-27
   8.71725505E-27
   9.64069146E-27
   1.06579315E-26
   1.17780939E-26
   1.30111374E-26
   1.43679489E-26
   1.58604121E-26
   1.75014986E-26
   1.93053646E-26
   2.12874547E-26
   2.34646106E-26
   2.58551904E-26
   2.84791976E-26
   3.13584320E-26
   3.45166305E-26
   3.79796312E-26
   4.17755652E-26
   4.59350315E-26
   5.04913103E-26
   5.54805813E-26
   6.09421858E-26
   6.69188549E-26
   7.34570142E-26
   8.06070769E-26
   8.84237640E-26
   9.69664620E-26
   1.06299611E-25
   1.16493087E-25
   1.27622669E-25
   1.39770461E-25
   1.53025445E-25
   1.67484045E-25
   1.83250626E-25
   2.00438216E-25
   2.19169127E-25
   2.39575676E-25
   2.61800994E-25
   2.85999919E-25
   3.12339763E-25
   3.41001372E-25
   3.72180113E-25
   4.06087006E-25
   4.42949934E-25
   4.83014898E-25
   5.26547349E-25
   5.73833693E-25
   6.25182868E-25
   6.80928019E-25
   7.41428178E-25
   8.07070428E-25
   8.78271781E-25
   9.55481345E-25
   1.03918274E-24
   1.12989672E-24
   1.22818356E-24
   1.33464655E-24
   1.44993404E-24
   1.57474376E-24
   1.70982564E-24
   1.85598618E-24
   2.01409146E-24
   2.18507233E-24
   2.36992827E-24
   2.56973294E-24
   2.78563825E-24
   3.01888174E-24
   3.27078968E-24
   3.54278616E-24
   3.83639782E-24
   4.15326155E-24
   4.49513178E-24
   4.86388915E-24
   5.26154880E-24
   5.69026828E-24
   6.15235933E-24
   6.65029622E-24
   7.18672795E-24
   7.76448968E-24
   8.38661379E-24
   9.05634328E-24
   9.77714916E-24
   1.05527391E-23
   1.13870786E-23
   1.22844055E-23
   1.32492455E-23
   1.42864351E-23
   1.54011413E-23
   1.65988751E-23
   1.78855230E-23
   1.92673691E-23
   2.07511186E-23
   2.23439187E-23
   2.40533993E-23
   2.58876918E-23
   2.78554674E-23
   2.99659670E-23
   3.22290417E-23
   3.46551802E-23
   3.72555655E-23
   4.00420936E-23
   4.30274399E-23
   4.62250970E-23
   4.96494223E-23
   5.33156944E-23
   5.72401701E-23
   6.14401413E-23
   6.59339916E-23
   7.07412594E-23
   7.58827393E-23
   8.13805129E-23
   8.72580504E-23
   9.35402799E-23
   1.00253688E-22
   1.07426396E-22
   1.15088255E-22
   1.23270977E-22
   1.32008198E-22
   1.41335601E-22
   1.51291089E-22
   1.61914812E-22
   1.73249380E-22
   1.85339967E-22
   1.98234472E-22
   2.11983662E-22
   2.26641328E-22
   2.42264485E-22
   2.58913464E-22
   2.76652283E-22
   2.95548644E-22
   3.15674240E-22
   3.37105003E-22
   3.59921234E-22
   3.84207976E-22
   4.10055149E-22
   4.37557945E-22
   4.66816935E-22
   4.97938545E-22
   5.31035312E-22
   5.66226132E-22
   6.03636718E-22
   6.43399902E-22
   6.85655987E-22
   7.30553204E-22
   7.78248164E-22
   8.28906161E-22
   8.82701779E-22
   9.39819247E-22
   1.00045314E-21
   1.06480874E-21
   1.13310244E-21
   1.20556273E-21
   1.28243075E-21
   1.36396045E-21
   1.45041980E-21
   1.54209155E-21
   1.63927316E-21
   1.74227845E-21
   1.85143842E-21
   1.96710113E-21
   2.08963372E-21
   2.21942272E-21
   2.35687546E-21
   2.50242027E-21
   2.65650851E-21
   2.81961516E-21
   2.99223984E-21
   3.17490882E-21
   3.36817525E-21
   3.57262134E-21
   3.78885919E-21
   4.01753263E-21
   4.25931898E-21
   4.51492990E-21
   4.78511342E-21
   5.07065633E-21
   5.37238460E-21
   5.69116619E-21
   6.02791352E-21
   6.38358382E-21
   6.75918399E-21
   7.15577065E-21
   7.57445167E-21
   8.01639311E-21
   8.48281635E-21
   8.97500416E-21
   9.49430314E-21
   1.00421237E-20
   1.06199497E-20
   1.12293331E-20
   1.18719038E-20
   1.25493703E-20
   1.32635245E-20
   1.40162443E-20
   1.48094992E-20
   1.56453523E-20
   1.65259636E-20
   1.74535982E-20
   1.84306293E-20
   1.94595435E-20
   2.05429433E-20
   2.16835526E-20
   2.28842263E-20
   2.41479547E-20
   2.54778640E-20
   2.68772274E-20
   2.83494700E-20
   2.98981751E-20
   3.15270940E-20
   3.32401495E-20
   3.50414452E-20
   3.69352687E-20
   3.89261147E-20
   4.10186684E-20
   4.32178347E-20
   4.55287382E-20
   4.79567427E-20
   5.05074446E-20
   5.31866956E-20
   5.60006057E-20
   5.89555663E-20
   6.20582367E-20
   6.53155964E-20
   6.87349155E-20
   7.23237872E-20
   7.60901409E-20
   8.00422548E-20
   8.41887690E-20
   8.85386986E-20
   9.31014527E-20
   9.78868476E-20
   1.02905139E-19
   1.08166990E-19
   1.13683555E-19
   1.19466452E-19
   1.25527812E-19
   1.31880236E-19
   1.38536933E-19
   1.45511629E-19
   1.52818620E-19
   1.60472845E-19
   1.68489815E-19
   1.76885763E-19
   1.85677529E-19
   1.94882718E-19
   2.04519618E-19
   2.14607318E-19
   2.25165645E-19
   2.36215305E-19
   2.47777817E-19
   2.59875566E-19
   2.72531920E-19
   2.85771101E-19
   2.99618415E-19
   3.14100176E-19
   3.29243681E-19
   3.45077418E-19
   3.61630982E-19
   3.78935187E-19
   3.97022034E-19
   4.15924843E-19
   4.35678252E-19
   4.56318217E-19
   4.77882144E-19
   5.00409012E-19
   5.23939199E-19
   5.48514786E-19
   5.74179409E-19
   6.00978406E-19
   6.28959031E-19
   6.58170139E-19
   6.88662653E-19
   7.20489461E-19
   7.53705312E-19
   7.88367282E-19
   8.24534565E-19
   8.62268528E-19
   9.01632865E-19
   9.42693904E-19
   9.85520353E-19
   1.03018335E-18
   1.07675693E-18
   1.12531801E-18
   1.17594612E-18
   1.22872396E-18
   1.28373716E-18
   1.34107463E-18
   1.40082861E-18
   1.46309473E-18
   1.52797206E-18
   1.59556357E-18
   1.66597567E-18
   1.73931888E-18
   1.81570777E-18
   1.89526103E-18
   1.97810152E-18
   2.06435660E-18
   2.15415885E-18
   2.24764453E-18
   2.34495591E-18
   2.44623922E-18
   2.55164705E-18
   2.66133657E-18
   2.77547116E-18
   2.89421976E-18
   3.01775712E-18
   3.14626438E-18
   3.27992891E-18
   3.41894468E-18
   3.56351228E-18
   3.71384036E-18
   3.87014317E-18
   4.03264363E-18
   4.20157210E-18
   4.37716683E-18
   4.55967431E-18
   4.74934930E-18
   4.94645569E-18
   5.15126644E-18
   5.36406279E-18
   5.58513714E-18
   5.81479143E-18
   6.05333667E-18
   6.30109547E-18
   6.55840033E-18
   6.82559663E-18
   7.10304045E-18
   7.39109866E-18
   7.69015257E-18
   8.00059428E-18
   8.32282993E-18
   8.65727808E-18
   9.00437382E-18
   9.36456217E-18
   9.73830636E-18
   1.01260837E-17
   1.05283871E-17
   1.09457254E-17
   1.13786245E-17
   1.18276264E-17
   1.22932927E-17
   1.27762000E-17
   1.32769461E-17
   1.37961467E-17
   1.43344378E-17
   1.48924770E-17
   1.54709393E-17
   1.60705245E-17
   1.66919522E-17
   1.73359669E-17
   1.80033379E-17
   1.86948543E-17
   1.94113333E-17
   2.01536154E-17
   2.09225691E-17
   2.17190894E-17
   2.25440995E-17
   2.33985523E-17
   2.42834287E-17
   2.51997397E-17
   2.61485291E-17
   2.71308723E-17
   2.81478743E-17
   2.92006800E-17
   3.02904640E-17
   3.14184372E-17
   3.25858538E-17
   3.37939974E-17
   3.50441916E-17
   3.63378028E-17
   3.76762373E-17
   3.90609508E-17
   4.04934324E-17
   4.19752173E-17
   4.35078870E-17
   4.50930728E-17
   4.67324554E-17
   4.84277621E-17
   5.01807729E-17
   5.19933142E-17
   5.38672720E-17
   5.58045886E-17
   5.78072590E-17
   5.98773414E-17
   6.20169466E-17
   6.42282518E-17
   6.65135004E-17
   6.88749886E-17
   7.13150920E-17
   7.38362524E-17
   7.64409648E-17
   7.91318230E-17
   8.19114675E-17
   8.47826379E-17
   8.77481333E-17
   9.08108456E-17
   9.39737328E-17
   9.72398588E-17
   1.00612354E-16
   1.04094440E-16
   1.07689440E-16
   1.11400754E-16
   1.15231884E-16
   1.19186443E-16
   1.23268109E-16
   1.27480695E-16
   1.31828118E-16
   1.36314375E-16
   1.40943609E-16
   1.45720054E-16
   1.50648039E-16
   1.55732063E-16
   1.60976719E-16
   1.66386718E-16
   1.71966919E-16
   1.77722269E-16
   1.83657906E-16
   1.89779069E-16
   1.96091171E-16
   2.02599720E-16
   2.09310417E-16
   2.16229102E-16
   2.23361715E-16
   2.30714464E-16
   2.38293635E-16
   2.46105688E-16
   2.54157292E-16
   2.62455276E-16
   2.71006630E-16
   2.79818552E-16
   2.88898374E-16
   2.98253694E-16
   3.07892268E-16
   3.17822035E-16
   3.28051228E-16
   3.38588159E-16
   3.49441431E-16
   3.60619883E-16
   3.72132570E-16
   3.83988728E-16
   3.96197861E-16
   4.08769736E-16
   4.21714358E-16
   4.35041972E-16
   4.48763085E-16
   4.62888471E-16
   4.77429221E-16
   4.92396611E-16
   5.07802234E-16
   5.23658003E-16
   5.39976145E-16
   5.56769156E-16
   5.74049846E-16
   5.91831343E-16
   6.10126990E-16
   6.28950657E-16
   6.48316477E-16
   6.68238903E-16
   6.88732813E-16
   7.09813292E-16
   7.31495906E-16
   7.53796643E-16
   7.76731754E-16
   8.00318021E-16
   8.24572545E-16
   8.49512848E-16
   8.75156929E-16
   9.01523106E-16
   9.28630278E-16
   9.56497662E-16
   9.85144952E-16
   1.01459237E-15
   1.04486067E-15
   1.07597102E-15
   1.10794493E-15
   1.14080483E-15
   1.17457328E-15
   1.20927347E-15
   1.24492932E-15
   1.28156508E-15
   1.31920575E-15
   1.35787672E-15
   1.39760415E-15
   1.43841473E-15
   1.48033566E-15
   1.52339490E-15
   1.56762103E-15
   1.61304328E-15
   1.65969150E-15
   1.70759629E-15
   1.75678911E-15
   1.80730171E-15
   1.85916680E-15
   1.91241807E-15
   1.96708960E-15
   2.02321655E-15
   2.08083448E-15
   2.13997983E-15
   2.20069028E-15
   2.26300395E-15
   2.32696002E-15
   2.39259851E-15
   2.45996007E-15
   2.52908664E-15
   2.60002078E-15
   2.67280611E-15
   2.74748731E-15
   2.82410970E-15
   2.90272008E-15
   2.98336587E-15
   3.06609600E-15
   3.15095960E-15
   3.23800812E-15
   3.32729301E-15
   3.41886723E-15
   3.51278518E-15
   3.60910193E-15
   3.70787402E-15
   3.80915883E-15
   3.91301608E-15
   4.01950549E-15
   4.12868846E-15
   4.24062810E-15
   4.35538836E-15
   4.47303488E-15
   4.59363374E-15
   4.71725354E-15
   4.84396501E-15
   4.97383845E-15
   5.10694714E-15
   5.24336476E-15
   5.38316712E-15
   5.52643174E-15
   5.67323737E-15
   5.82366449E-15
   5.97779569E-15
   6.13571439E-15
   6.29750700E-15
   6.46326034E-15
   6.63306419E-15
   6.80700918E-15
   6.98518849E-15
   7.16769698E-15
   7.35463038E-15
   7.54608947E-15
   7.74217336E-15
   7.94298455E-15
   8.14862890E-15
   8.35921315E-15
   8.57484656E-15
   8.79563925E-15
   9.02170557E-15
   9.25316240E-15
   9.49012665E-15
   9.73271773E-15
   9.98106017E-15
   1.02352793E-14
   1.04955022E-14
   1.07618594E-14
   1.10344829E-14
   1.13135082E-14
   1.15990761E-14
   1.18913236E-14
   1.21903965E-14
   1.24964405E-14
   1.28096056E-14
   1.31300432E-14
   1.34579076E-14
   1.37933581E-14
   1.41365547E-14
   1.44876617E-14
   1.48468477E-14
   1.52142821E-14
   1.55901394E-14
   1.59745958E-14
   1.63678326E-14
   1.67700343E-14
   1.71813857E-14
   1.76020816E-14
   1.80323133E-14
   1.84722809E-14
   1.89221858E-14
   1.93822348E-14
   1.98526346E-14
   2.03336002E-14
   2.08253519E-14
   2.13281083E-14
   2.18420964E-14
   2.23675448E-14
   2.29046891E-14
   2.34537680E-14
   2.40150222E-14
   2.45887024E-14
   2.51750559E-14
   2.57743418E-14
   2.63868229E-14
   2.70127633E-14
   2.76524324E-14
   2.83061081E-14
   2.89740698E-14
   2.96566055E-14
   3.03540050E-14
   3.10665664E-14
   3.17945845E-14
   3.25383743E-14
   3.32982441E-14
   3.40745126E-14
   3.48675048E-14
   3.56775461E-14
   3.65049787E-14
   3.73501414E-14
   3.82133764E-14
   3.90950428E-14
   3.99954999E-14
   4.09151134E-14
   4.18542527E-14
   4.28133040E-14
   4.37926469E-14
   4.47926743E-14
   4.58137861E-14
   4.68563888E-14
   4.79208958E-14
   4.90077237E-14
   5.01173098E-14
   5.12500808E-14
   5.24064807E-14
   5.35869600E-14
   5.47919796E-14
   5.60220002E-14
   5.72774995E-14
   5.85589587E-14
   5.98668657E-14
   6.12017151E-14
   6.25640219E-14
   6.39542943E-14
   6.53730677E-14
   6.68208571E-14
   6.82982181E-14
   6.98056996E-14
   7.13438640E-14
   7.29132737E-14
   7.45145048E-14
   7.61481603E-14
   7.78148230E-14
   7.95151095E-14
   8.12496365E-14
   8.30190409E-14
   8.48239461E-14
   8.66650095E-14
   8.85428883E-14
   9.04582670E-14
   9.24118028E-14
   9.44042072E-14
   9.64361850E-14
   9.85084410E-14
   1.00621714E-13
   1.02776728E-13
   1.04974257E-13
   1.07215038E-13
   1.09499866E-13
   1.11829518E-13
   1.14204802E-13
   1.16626530E-13
   1.19095529E-13
   1.21612627E-13
   1.24178689E-13
   1.26794584E-13
   1.29461180E-13
   1.32179397E-13
   1.34950116E-13
   1.37774273E-13
   1.40652789E-13
   1.43586640E-13
   1.46576775E-13
   1.49624182E-13
   1.52729852E-13
   1.55894815E-13
   1.59120086E-13
   1.62406709E-13
   1.65755769E-13
   1.69168322E-13
   1.72645440E-13
   1.76188274E-13
   1.79797935E-13
   1.83475549E-13
   1.87222308E-13
   1.91039377E-13
   1.94927950E-13
   1.98889258E-13
   2.02924523E-13
   2.07035018E-13
   2.11222004E-13
   2.15486781E-13
   2.19830651E-13
   2.24254941E-13
   2.28760993E-13
   2.33350204E-13
   2.38023956E-13
   2.42783658E-13
   2.47630746E-13
   2.52566685E-13
   2.57592965E-13
   2.62711023E-13
   2.67922457E-13
   2.73228759E-13
   2.78631502E-13
   2.84132283E-13
   2.89732729E-13
   2.95434467E-13
   3.01239150E-13
   3.07148458E-13
   3.13164100E-13
   3.19287836E-13
   3.25521402E-13
   3.31866560E-13
   3.38325152E-13
   3.44899050E-13
   3.51590041E-13
   3.58400050E-13
   3.65331002E-13
   3.72384822E-13
   3.79563487E-13
   3.86869031E-13
   3.94303405E-13
   4.01868751E-13
   4.09567128E-13
   4.17400652E-13
   4.25371462E-13
   4.33481728E-13
   4.41733672E-13
   4.50129544E-13
   4.58671566E-13
   4.67362097E-13
   4.76203441E-13
   4.85197928E-13
   4.94347998E-13
   5.03656090E-13
   5.13124645E-13
   5.22756209E-13
   5.32553331E-13
   5.42518504E-13
   5.52654385E-13
   5.62963575E-13
   5.73448786E-13
   5.84112728E-13
   5.94958165E-13
   6.05987862E-13
   6.17204638E-13
   6.28611421E-13
   6.40211029E-13
   6.52006444E-13
   6.64000647E-13
   6.76196729E-13
   6.88597616E-13
   7.01206454E-13
   7.14026494E-13
   7.27060827E-13
   7.40312759E-13
   7.53785489E-13
   7.67482323E-13
   7.81406732E-13
   7.95562130E-13
   8.09951823E-13
   8.24579337E-13
   8.39448303E-13
   8.54562352E-13
   8.69925009E-13
   8.85540014E-13
   9.01411107E-13
   9.17542084E-13
   9.33936739E-13
   9.50598975E-13
   9.67532695E-13
   9.84741910E-13
   1.00223063E-12
   1.02000298E-12
   1.03806319E-12
   1.05641526E-12
   1.07506365E-12
   1.09401236E-12
   1.11326605E-12
   1.13282897E-12
   1.15270564E-12
   1.17290064E-12
   1.19341841E-12
   1.21426372E-12
   1.23544133E-12
   1.25695602E-12
   1.27881245E-12
   1.30101550E-12
   1.32357016E-12
   1.34648163E-12
   1.36975457E-12
   1.39339441E-12
   1.41740645E-12
   1.44179579E-12
   1.46656764E-12
   1.49172753E-12
   1.51728098E-12
   1.54323342E-12
   1.56959049E-12
   1.59635770E-12
   1.62354104E-12
   1.65114623E-12
   1.67917904E-12
   1.70764553E-12
   1.73655166E-12
   1.76590372E-12
   1.79570779E-12
   1.82596993E-12
   1.85669665E-12
   1.88789414E-12
   1.91956910E-12
   1.95172806E-12
   1.98437751E-12
   2.01752417E-12
   2.05117499E-12
   2.08533668E-12
   2.12001640E-12
   2.15522110E-12
   2.19095770E-12
   2.22723381E-12
   2.26405656E-12
   2.30143335E-12
   2.33937154E-12
   2.37787871E-12
   2.41696246E-12
   2.45663060E-12
   2.49689093E-12
   2.53775126E-12
   2.57921982E-12
   2.62130465E-12
   2.66401376E-12
   2.70735561E-12
   2.75133887E-12
   2.79597157E-12
   2.84126260E-12
   2.88722041E-12
   2.93385411E-12
   2.98117238E-12
   3.02918411E-12
   3.07789861E-12
   3.12732500E-12
   3.17747239E-12
   3.22835031E-12
   3.27996853E-12
   3.33233636E-12
   3.38546378E-12
   3.43936056E-12
   3.49403687E-12
   3.54950227E-12
   3.60576738E-12
   3.66284216E-12
   3.72073726E-12
   3.77946329E-12
   3.83903066E-12
   3.89945021E-12
   3.96073278E-12
   4.02288966E-12
   4.08593168E-12
   4.14987012E-12
   4.21471668E-12
   4.28048265E-12
   4.34717973E-12
   4.41481920E-12
   4.48341364E-12
   4.55297475E-12
   4.62351511E-12
   4.69504600E-12
   4.76758043E-12
   4.84113140E-12
   4.91571107E-12
   4.99133287E-12
   5.06800938E-12
   5.14575361E-12
   5.22457858E-12
   5.30449816E-12
   5.38552579E-12
   5.46767492E-12
   5.55095987E-12
   5.63539406E-12
   5.72099226E-12
   5.80776833E-12
   5.89573702E-12
   5.98491265E-12
   6.07530953E-12
   6.16694326E-12
   6.25982859E-12
   6.35398071E-12
   6.44941565E-12
   6.54614861E-12
   6.64419474E-12
   6.74357011E-12
   6.84429163E-12
   6.94637403E-12
   7.04983511E-12
   7.15469047E-12
   7.26095746E-12
   7.36865343E-12
   7.47779443E-12
   7.58839779E-12
   7.70048088E-12
   7.81406190E-12
   7.92915820E-12
   8.04578799E-12
   8.16396950E-12
   8.28372093E-12
   8.40506050E-12
   8.52800729E-12
   8.65257952E-12
   8.77879713E-12
   8.90668008E-12
   9.03624744E-12
   9.16751831E-12
   9.30051262E-12
   9.43524946E-12
   9.57175051E-12
   9.71003746E-12
   9.85012766E-12
   9.99204539E-12
   1.01358106E-11
   1.02814432E-11
   1.04289667E-11
   1.05784010E-11
   1.07297695E-11
   1.08830948E-11
   1.10383976E-11
   1.11957015E-11
   1.13550298E-11
   1.15164050E-11
   1.16798498E-11
   1.18453893E-11
   1.20130468E-11
   1.21828459E-11
   1.23548099E-11
   1.25289657E-11
   1.27053359E-11
   1.28839465E-11
   1.30648218E-11
   1.32479886E-11
   1.34334713E-11
   1.36212968E-11
   1.38114910E-11
   1.40040800E-11
   1.41990916E-11
   1.43965508E-11
   1.45964872E-11
   1.47989260E-11
   1.50038957E-11
   1.52114241E-11
   1.54215390E-11
   1.56342717E-11
   1.58496480E-11
   1.60676993E-11
   1.62884532E-11
   1.65119394E-11
   1.67381890E-11
   1.69672314E-11
   1.71990963E-11
   1.74338148E-11
   1.76714181E-11
   1.79119376E-11
   1.81554060E-11
   1.84018564E-11
   1.86513183E-11
   1.89038230E-11
   1.91594050E-11
   1.94180991E-11
   1.96799365E-11
   1.99449519E-11
   2.02131801E-11
   2.04846539E-11
   2.07594098E-11
   2.10374808E-11
   2.13189015E-11
   2.16037101E-11
   2.18919431E-11
   2.21836334E-11
   2.24788209E-11
   2.27775385E-11
   2.30798280E-11
   2.33857239E-11
   2.36952662E-11
   2.40084914E-11
   2.43254392E-11
   2.46461497E-11
   2.49706610E-11
   2.52990129E-11
   2.56312454E-11
   2.59673984E-11
   2.63075117E-11
   2.66516271E-11
   2.69997896E-11
   2.73520373E-11
   2.77084137E-11
   2.80689604E-11
   2.84337207E-11
   2.88027397E-11
   2.91760574E-11
   2.95537206E-11
   2.99357761E-11
   3.03222655E-11
   3.07132340E-11
   3.11087267E-11
   3.15087921E-11
   3.19134753E-11
   3.23228215E-11
   3.27368826E-11
   3.31557004E-11
   3.35793268E-11
   3.40078139E-11
   3.44412034E-11
   3.48795472E-11
   3.53228974E-11
   3.57712991E-11
   3.62248079E-11
   3.66834722E-11
   3.71473442E-11
   3.76164759E-11
   3.80909193E-11
   3.85707265E-11
   3.90559564E-11
   3.95466576E-11
   4.00428822E-11
   4.05446857E-11
   4.10521270E-11
   4.15652582E-11
   4.20841417E-11
   4.26088262E-11
   4.31393705E-11
   4.36758338E-11
   4.42182749E-11
   4.47667459E-11
   4.53213127E-11
   4.58820308E-11
   4.64489627E-11
   4.70221674E-11
   4.76017038E-11
   4.81876310E-11
   4.87800182E-11
   4.93789246E-11
   4.99844159E-11
   5.05965513E-11
   5.12153965E-11
   5.18410107E-11
   5.24734631E-11
   5.31128197E-11
   5.37591464E-11
   5.44125092E-11
   5.50729740E-11
   5.57406170E-11
   5.64154903E-11
   5.70976773E-11
   5.77872403E-11
   5.84842522E-11
   5.91887719E-11
   5.99008829E-11
   6.06206543E-11
   6.13481557E-11
   6.20834634E-11
   6.28266467E-11
   6.35777819E-11
   6.43369386E-11
   6.51041998E-11
   6.58796351E-11
   6.66633207E-11
   6.74553399E-11
   6.82557622E-11
   6.90646637E-11
   6.98821209E-11
   7.07082240E-11
   7.15430493E-11
   7.23866800E-11
   7.32391925E-11
   7.41006700E-11
   7.49711890E-11
   7.58508395E-11
   7.67396979E-11
   7.76378545E-11
   7.85453924E-11
   7.94623950E-11
   8.03889455E-11
   8.13251411E-11
   8.22710650E-11
   8.32268005E-11
   8.41924447E-11
   8.51680809E-11
   8.61537994E-11
   8.71496902E-11
   8.81558437E-11
   8.91723570E-11
   9.01993272E-11
   9.12368445E-11
   9.22849921E-11
   9.33438812E-11
   9.44135950E-11
   9.54942306E-11
   9.65858851E-11
   9.76886627E-11
   9.88026605E-11
   9.99279756E-11
   1.01064705E-10
   1.02212960E-10
   1.03372831E-10
   1.04544436E-10
   1.05727857E-10
   1.06923213E-10
   1.08130595E-10
   1.09350119E-10
   1.10581884E-10
   1.11826014E-10
   1.13082599E-10
   1.14351750E-10
   1.15633579E-10
   1.16928203E-10
   1.18235727E-10
   1.19556254E-10
   1.20889909E-10
   1.22236790E-10
   1.23597035E-10
   1.24970728E-10
   1.26358007E-10
   1.27758984E-10
   1.29173783E-10
   1.30602501E-10
   1.32045277E-10
   1.33502223E-10
   1.34973463E-10
   1.36459122E-10
   1.37959297E-10
   1.39474141E-10
   1.41003764E-10
   1.42548293E-10
   1.44107865E-10
   1.45682605E-10
   1.47272625E-10
   1.48878063E-10
   1.50499058E-10
   1.52135707E-10
   1.53788191E-10
   1.55456606E-10
   1.57141092E-10
   1.58841787E-10
   1.60558830E-10
   1.62292346E-10
   1.64042474E-10
   1.65809366E-10
   1.67593148E-10
   1.69393971E-10
   1.71211961E-10
   1.73047257E-10
   1.74900011E-10
   1.76770376E-10
   1.78658477E-10
   1.80564494E-10
   1.82488538E-10
   1.84430762E-10
   1.86391319E-10
   1.88370361E-10
   1.90368041E-10
   1.92384497E-10
   1.94419897E-10
   1.96474365E-10
   1.98548095E-10
   2.00641212E-10
   2.02753911E-10
   2.04886330E-10
   2.07038608E-10
   2.09210926E-10
   2.11403436E-10
   2.13616305E-10
   2.15849699E-10
   2.18103771E-10
   2.20378688E-10
   2.22674615E-10
   2.24991747E-10
   2.27330224E-10
   2.29690225E-10
   2.32071931E-10
   2.34475495E-10
   2.36901110E-10
   2.39348930E-10
   2.41819120E-10
   2.44311876E-10
   2.46827392E-10
   2.49365834E-10
   2.51927368E-10
   2.54512161E-10
   2.57120436E-10
   2.59752331E-10
   2.62408095E-10
   2.65087841E-10
   2.67791816E-10
   2.70520162E-10
   2.73273099E-10
   2.76050821E-10
   2.78853468E-10
   2.81681317E-10
   2.84534479E-10
   2.87413204E-10
   2.90317659E-10
   2.93248092E-10
   2.96204644E-10
   2.99187508E-10
   3.02196906E-10
   3.05233089E-10
   3.08296222E-10
   3.11386500E-10
   3.14504145E-10
   3.17649351E-10
   3.20822313E-10
   3.24023280E-10
   3.27252447E-10
   3.30510036E-10
   3.33796241E-10
   3.37111311E-10
   3.40455442E-10
   3.43828854E-10
   3.47231743E-10
   3.50664386E-10
   3.54126950E-10
   3.57619656E-10
   3.61142810E-10
   3.64696551E-10
   3.68281156E-10
   3.71896847E-10
   3.75543846E-10
   3.79222376E-10
   3.82932686E-10
   3.86674970E-10
   3.90449534E-10
   3.94256544E-10
   3.98096278E-10
   4.01969014E-10
   4.05874945E-10
   4.09814349E-10
   4.13787421E-10
   4.17794466E-10
   4.21835650E-10
   4.25911278E-10
   4.30021629E-10
   4.34166925E-10
   4.38347414E-10
   4.42563347E-10
   4.46815029E-10
   4.51102655E-10
   4.55426502E-10
   4.59786847E-10
   4.64183941E-10
   4.68618089E-10
   4.73089512E-10
   4.77598461E-10
   4.82145213E-10
   4.86730101E-10
   4.91353347E-10
   4.96015229E-10
   5.00716024E-10
   5.05456010E-10
   5.10235465E-10
   5.15054721E-10
   5.19913945E-10
   5.24813526E-10
   5.29753685E-10
   5.34734756E-10
   5.39757017E-10
   5.44820689E-10
   5.49926160E-10
   5.55073709E-10
   5.60263613E-10
   5.65496094E-10
   5.70771597E-10
   5.76090287E-10
   5.81452553E-10
   5.86858673E-10
   5.92309035E-10
   5.97803751E-10
   6.03343264E-10
   6.08927908E-10
   6.14557905E-10
   6.20233642E-10
   6.25955454E-10
   6.31723562E-10
   6.37538300E-10
   6.43400000E-10
   6.49309051E-10
   6.55265786E-10
   6.61270427E-10
   6.67323363E-10
   6.73424871E-10
   6.79575451E-10
   6.85775214E-10
   6.92024604E-10
   6.98323954E-10
   7.04673597E-10
   7.11073977E-10
   7.17525261E-10
   7.24027838E-10
   7.30582150E-10
   7.37188421E-10
   7.43847095E-10
   7.50558504E-10
   7.57323038E-10
   7.64140973E-10
   7.71012698E-10
   7.77938547E-10
   7.84918963E-10
   7.91954224E-10
   7.99044719E-10
   8.06190836E-10
   8.13392964E-10
   8.20651491E-10
   8.27966695E-10
   8.35339020E-10
   8.42768799E-10
   8.50256476E-10
   8.57802385E-10
   8.65406913E-10
   8.73070449E-10
   8.80793438E-10
   8.88576213E-10
   8.96419217E-10
   9.04322783E-10
   9.12287301E-10
   9.20313159E-10
   9.28400801E-10
   9.36550615E-10
   9.44762935E-10
   9.53038315E-10
   9.61377089E-10
   9.69779701E-10
   9.78246595E-10
   9.86778104E-10
   9.95374672E-10
   1.00403663E-09
   1.01276443E-09
   1.02155862E-09
   1.03041953E-09
   1.03934761E-09
   1.04834330E-09
   1.05740705E-09
   1.06653930E-09
   1.07574039E-09
   1.08501075E-09
   1.09435094E-09
   1.10376153E-09
   1.11324261E-09
   1.12279486E-09
   1.13241860E-09
   1.14211451E-09
   1.15188292E-09
   1.16172416E-09
   1.17163890E-09
   1.18162735E-09
   1.19169019E-09
   1.20182775E-09
   1.21204069E-09
   1.22232924E-09
   1.23269406E-09
   1.24313559E-09
   1.25365418E-09
   1.26425037E-09
   1.27492483E-09
   1.28567779E-09
   1.29650979E-09
   1.30742139E-09
   1.31841305E-09
   1.32948530E-09
   1.34063860E-09
   1.35187350E-09
   1.36319045E-09
   1.37459000E-09
   1.38607259E-09
   1.39763878E-09
   1.40928902E-09
   1.42102385E-09
   1.43284384E-09
   1.44474943E-09
   1.45674117E-09
   1.46881962E-09
   1.48098545E-09
   1.49323898E-09
   1.50558066E-09
   1.51801127E-09
   1.53053115E-09
   1.54314095E-09
   1.55584123E-09
   1.56863234E-09
   1.58151503E-09
   1.59448976E-09
   1.60755720E-09
   1.62071778E-09
   1.63397207E-09
   1.64732061E-09
   1.66076397E-09
   1.67430281E-09
   1.68793768E-09
   1.70166903E-09
   1.71549752E-09
   1.72942372E-09
   1.74344816E-09
   1.75757153E-09
   1.77179438E-09
   1.78611725E-09
   1.80054072E-09
   1.81506532E-09
   1.82969184E-09
   1.84442073E-09
   1.85925264E-09
   1.87418814E-09
   1.88922789E-09
   1.90437244E-09
   1.91962246E-09
   1.93497862E-09
   1.95044136E-09
   1.96601158E-09
   1.98168948E-09
   1.99747596E-09
   2.01337147E-09
   2.02937689E-09
   2.04549266E-09
   2.06171968E-09
   2.07805839E-09
   2.09450945E-09
   2.11107332E-09
   2.12775086E-09
   2.14454277E-09
   2.16144969E-09
   2.17847229E-09
   2.19561125E-09
   2.21286678E-09
   2.23023977E-09
   2.24773111E-09
   2.26534169E-09
   2.28307173E-09
   2.30092190E-09
   2.31889330E-09
   2.33698616E-09
   2.35520137E-09
   2.37353959E-09
   2.39200171E-09
   2.41058817E-09
   2.42929965E-09
   2.44813680E-09
   2.46710052E-09
   2.48619147E-09
   2.50541055E-09
   2.52475818E-09
   2.54423504E-09
   2.56384225E-09
   2.58358002E-09
   2.60344946E-09
   2.62345101E-09
   2.64358579E-09
   2.66385425E-09
   2.68425704E-09
   2.70479505E-09
   2.72546874E-09
   2.74627943E-09
   2.76722756E-09
   2.78831402E-09
   2.80953927E-09
   2.83090418E-09
   2.85240986E-09
   2.87405655E-09
   2.89584512E-09
   2.91777669E-09
   2.93985170E-09
   2.96207103E-09
   2.98443559E-09
   3.00694625E-09
   3.02960346E-09
   3.05240810E-09
   3.07536130E-09
   3.09846349E-09
   3.12171555E-09
   3.14511861E-09
   3.16867310E-09
   3.19237969E-09
   3.21623950E-09
   3.24025340E-09
   3.26442184E-09
   3.28874594E-09
   3.31322658E-09
   3.33786465E-09
   3.36266082E-09
   3.38761597E-09
   3.41273076E-09
   3.43800632E-09
   3.46344331E-09
   3.48904261E-09
   3.51480534E-09
   3.54073171E-09
   3.56682350E-09
   3.59308094E-09
   3.61950514E-09
   3.64609654E-09
   3.67285669E-09
   3.69978581E-09
   3.72688547E-09
   3.75415610E-09
   3.78159859E-09
   3.80921428E-09
   3.83700316E-09
   3.86496701E-09
   3.89310673E-09
   3.92142274E-09
   3.94991639E-09
   3.97858813E-09
   4.00743927E-09
   4.03647027E-09
   4.06568246E-09
   4.09507672E-09
   4.12465395E-09
   4.15441503E-09
   4.18436130E-09
   4.21449320E-09
   4.24481161E-09
   4.27531788E-09
   4.30601244E-09
   4.33689706E-09
   4.36797221E-09
   4.39923875E-09
   4.43069759E-09
   4.46235049E-09
   4.49419746E-09
   4.52624027E-09
   4.55847937E-09
   4.59091609E-09
   4.62355088E-09
   4.65638461E-09
   4.68941952E-09
   4.72265560E-09
   4.75609419E-09
   4.78973616E-09
   4.82358287E-09
   4.85763518E-09
   4.89189400E-09
   4.92636065E-09
   4.96103558E-09
   4.99591968E-09
   5.03101472E-09
   5.06632114E-09
   5.10184028E-09
   5.13757392E-09
   5.17352206E-09
   5.20968602E-09
   5.24606714E-09
   5.28266630E-09
   5.31948485E-09
   5.35652367E-09
   5.39378364E-09
   5.43126610E-09
   5.46897194E-09
   5.50690205E-09
   5.54505819E-09
   5.58344082E-09
   5.62205127E-09
   5.66089087E-09
   5.69996006E-09
   5.73926107E-09
   5.77879389E-09
   5.81856030E-09
   5.85856164E-09
   5.89879834E-09
   5.93927174E-09
   5.97998318E-09
   6.02093353E-09
   6.06212458E-09
   6.10355722E-09
   6.14523188E-09
   6.18715035E-09
   6.22931351E-09
   6.27172314E-09
   6.31438013E-09
   6.35728536E-09
   6.40044018E-09
   6.44384590E-09
   6.48750298E-09
   6.53141363E-09
   6.57557875E-09
   6.61999966E-09
   6.66467725E-09
   6.70961287E-09
   6.75480782E-09
   6.80026302E-09
   6.84597978E-09
   6.89195945E-09
   6.93820290E-09
   6.98471236E-09
   7.03148828E-09
   7.07853243E-09
   7.12584525E-09
   7.17342852E-09
   7.22128357E-09
   7.26941085E-09
   7.31781258E-09
   7.36648964E-09
   7.41544337E-09
   7.46467510E-09
   7.51418572E-09
   7.56397789E-09
   7.61405161E-09
   7.66440778E-09
   7.71504816E-09
   7.76597542E-09
   7.81718867E-09
   7.86869059E-09
   7.92048205E-09
   7.97256483E-09
   8.02493982E-09
   8.07760880E-09
   8.13057266E-09
   8.18383317E-09
   8.23739121E-09
   8.29124769E-09
   8.34540526E-09
   8.39986392E-09
   8.45462633E-09
   8.50969339E-09
   8.56506510E-09
   8.62074501E-09
   8.67673311E-09
   8.73303119E-09
   8.78964102E-09
   8.84656259E-09
   8.90379948E-09
   8.96135166E-09
   9.01922093E-09
   9.07740816E-09
   9.13591602E-09
   9.19474541E-09
   9.25389720E-09
   9.31337318E-09
   9.37317424E-09
   9.43330214E-09
   9.49375956E-09
   9.55454649E-09
   9.61566560E-09
   9.67711689E-09
   9.73890213E-09
   9.80102310E-09
   9.86348070E-09
   9.92627847E-09
   9.98941552E-09
   1.00528954E-08
   1.01167172E-08
   1.01808837E-08
   1.02453974E-08
   1.03102584E-08
   1.03754685E-08
   1.04410294E-08
   1.05069429E-08
   1.05732108E-08
   1.06398321E-08
   1.07068114E-08
   1.07741496E-08
   1.08418465E-08
   1.09099059E-08
   1.09783276E-08
   1.10471143E-08
   1.11162679E-08
   1.11857892E-08
   1.12556791E-08
   1.13259393E-08
   1.13965726E-08
   1.14675807E-08
   1.15389645E-08
   1.16107257E-08
   1.16828653E-08
   1.17553860E-08
   1.18282886E-08
   1.19015739E-08
   1.19752457E-08
   1.20493038E-08
   1.21237509E-08
   1.21985879E-08
   1.22738175E-08
   1.23494406E-08
   1.24254589E-08
   1.25018733E-08
   1.25786865E-08
   1.26558994E-08
   1.27335156E-08
   1.28115349E-08
   1.28899593E-08
   1.29687905E-08
   1.30480311E-08
   1.31276812E-08
   1.32077442E-08
   1.32882212E-08
   1.33691138E-08
   1.34504230E-08
   1.35321505E-08
   1.36142990E-08
   1.36968694E-08
   1.37798652E-08
   1.38632865E-08
   1.39471350E-08
   1.40314134E-08
   1.41161225E-08
   1.42012659E-08
   1.42868428E-08
   1.43728567E-08
   1.44593084E-08
   1.45461998E-08
   1.46335335E-08
   1.47213104E-08
   1.48095332E-08
   1.48982027E-08
   1.49873216E-08
   1.50768908E-08
   1.51669131E-08
   1.52573918E-08
   1.53483253E-08
   1.54397171E-08
   1.55315689E-08
   1.56238826E-08
   1.57166600E-08
   1.58099027E-08
   1.59036144E-08
   1.59977951E-08
   1.60924465E-08
   1.61875704E-08
   1.62831704E-08
   1.63792482E-08
   1.64758021E-08
   1.65728373E-08
   1.66703558E-08
   1.67683591E-08
   1.68668475E-08
   1.69658243E-08
   1.70652932E-08
   1.71652541E-08
   1.72657089E-08
   1.73666592E-08
   1.74681070E-08
   1.75700556E-08
   1.76725070E-08
   1.77754611E-08
   1.78789215E-08
   1.79828881E-08
   1.80873663E-08
   1.81923543E-08
   1.82978592E-08
   1.84038793E-08
   1.85104181E-08
   1.86174756E-08
   1.87250553E-08
   1.88331590E-08
   1.89417868E-08
   1.90509439E-08
   1.91606322E-08
   1.92708516E-08
   1.93816057E-08
   1.94928962E-08
   1.96047232E-08
   1.97170920E-08
   1.98300043E-08
   1.99434584E-08
   2.00574597E-08
   2.01720098E-08
   2.02871107E-08
   2.04027621E-08
   2.05189714E-08
   2.06357367E-08
   2.07530615E-08
   2.08709476E-08
   2.09893969E-08
   2.11084110E-08
   2.12279936E-08
   2.13481464E-08
   2.14688711E-08
   2.15901679E-08
   2.17120419E-08
   2.18344933E-08
   2.19575274E-08
   2.20811440E-08
   2.22053451E-08
   2.23301324E-08
   2.24555112E-08
   2.25814816E-08
   2.27080452E-08
   2.28352057E-08
   2.29629631E-08
   2.30913191E-08
   2.32202790E-08
   2.33498447E-08
   2.34800162E-08
   2.36107986E-08
   2.37421940E-08
   2.38742004E-08
   2.40068232E-08
   2.41400642E-08
   2.42739269E-08
   2.44084113E-08
   2.45435210E-08
   2.46792595E-08
   2.48156269E-08
   2.49526266E-08
   2.50902605E-08
   2.52285322E-08
   2.53674433E-08
   2.55069939E-08
   2.56471893E-08
   2.57880295E-08
   2.59295199E-08
   2.60716586E-08
   2.62144528E-08
   2.63579025E-08
   2.65020095E-08
   2.66467772E-08
   2.67922058E-08
   2.69382987E-08
   2.70850613E-08
   2.72324936E-08
   2.73805973E-08
   2.75293743E-08
   2.76788299E-08
   2.78289640E-08
   2.79797785E-08
   2.81312786E-08
   2.82834662E-08
   2.84363431E-08
   2.85899109E-08
   2.87441715E-08
   2.88991302E-08
   2.90547870E-08
   2.92111437E-08
   2.93682056E-08
   2.95259728E-08
   2.96844505E-08
   2.98436404E-08
   3.00035445E-08
   3.01641627E-08
   3.03255021E-08
   3.04875627E-08
   3.06503445E-08
   3.08138546E-08
   3.09780930E-08
   3.11430597E-08
   3.13087654E-08
   3.14752064E-08
   3.16423865E-08
   3.18103091E-08
   3.19789741E-08
   3.21483853E-08
   3.23185496E-08
   3.24894636E-08
   3.26611307E-08
   3.28335581E-08
   3.30067422E-08
   3.31806902E-08
   3.33554055E-08
   3.35308883E-08
   3.37071420E-08
   3.38841666E-08
   3.40619657E-08
   3.42405428E-08
   3.44199016E-08
   3.46000455E-08
   3.47809745E-08
   3.49626923E-08
   3.51452023E-08
   3.53285081E-08
   3.55126062E-08
   3.56975036E-08
   3.58832075E-08
   3.60697143E-08
   3.62570312E-08
   3.64451616E-08
   3.66341020E-08
   3.68238595E-08
   3.70144342E-08
   3.72058331E-08
   3.73980527E-08
   3.75911036E-08
   3.77849787E-08
   3.79796852E-08
   3.81752301E-08
   3.83716134E-08
   3.85688388E-08
   3.87669061E-08
   3.89658226E-08
   3.91655881E-08
   3.93662027E-08
   3.95676736E-08
   3.97700006E-08
   3.99731874E-08
   4.01772411E-08
   4.03821616E-08
   4.05879490E-08
   4.07946104E-08
   4.10021421E-08
   4.12105514E-08
   4.14198453E-08
   4.16300203E-08
   4.18410835E-08
   4.20530348E-08
   4.22658779E-08
   4.24796163E-08
   4.26942535E-08
   4.29097895E-08
   4.31262315E-08
   4.33435794E-08
   4.35618368E-08
   4.37810073E-08
   4.40010943E-08
   4.42220980E-08
   4.44440253E-08
   4.46668800E-08
   4.48906583E-08
   4.51153674E-08
   4.53410074E-08
   4.55675853E-08
   4.57951046E-08
   4.60235654E-08
   4.62529712E-08
   4.64833256E-08
   4.67146286E-08
   4.69468908E-08
   4.71801087E-08
   4.74142858E-08
   4.76494257E-08
   4.78855320E-08
   4.81226081E-08
   4.83606541E-08
   4.85996772E-08
   4.88396807E-08
   4.90806684E-08
   4.93226366E-08
   4.95655961E-08
   4.98095467E-08
   5.00544921E-08
   5.03004394E-08
   5.05473814E-08
   5.07953288E-08
   5.10442817E-08
   5.12942471E-08
   5.15452250E-08
   5.17972154E-08
   5.20502255E-08
   5.23042658E-08
   5.25593258E-08
   5.28154125E-08
   5.30725330E-08
   5.33306910E-08
   5.35898899E-08
   5.38501297E-08
   5.41114105E-08
   5.43737428E-08
   5.46371268E-08
   5.49015660E-08
   5.51670638E-08
   5.54336239E-08
   5.57012463E-08
   5.59699345E-08
   5.62396920E-08
   5.65105225E-08
   5.67824330E-08
   5.70554235E-08
   5.73294976E-08
   5.76046588E-08
   5.78809107E-08
   5.81582604E-08
   5.84367079E-08
   5.87162532E-08
   5.89969069E-08
   5.92786620E-08
   5.95615255E-08
   5.98455046E-08
   6.01306027E-08
   6.04168164E-08
   6.07041528E-08
   6.09926190E-08
   6.12822220E-08
   6.15729547E-08
   6.18648315E-08
   6.21578451E-08
   6.24520027E-08
   6.27473042E-08
   6.30437569E-08
   6.33413606E-08
   6.36401296E-08
   6.39400568E-08
   6.42411493E-08
   6.45434142E-08
   6.48468443E-08
   6.51514540E-08
   6.54572432E-08
   6.57642119E-08
   6.60723600E-08
   6.63817019E-08
   6.66922375E-08
   6.70039668E-08
   6.73168969E-08
   6.76310350E-08
   6.79463739E-08
   6.82629206E-08
   6.85806825E-08
   6.88996664E-08
   6.92198654E-08
   6.95412936E-08
   6.98639440E-08
   7.01878307E-08
   7.05129466E-08
   7.08392989E-08
   7.11669017E-08
   7.14957409E-08
   7.18258306E-08
   7.21571709E-08
   7.24897760E-08
   7.28236387E-08
   7.31587591E-08
   7.34951584E-08
   7.38328154E-08
   7.41717443E-08
   7.45119593E-08
   7.48534603E-08
   7.51962403E-08
   7.55403065E-08
   7.58856729E-08
   7.62323324E-08
   7.65802923E-08
   7.69295525E-08
   7.72801201E-08
   7.76320022E-08
   7.79851916E-08
   7.83397027E-08
   7.86955354E-08
   7.90526968E-08
   7.94111870E-08
   7.97710129E-08
   8.01321818E-08
   8.04946865E-08
   8.08585341E-08
   8.12237317E-08
   8.15902723E-08
   8.19581771E-08
   8.23274391E-08
   8.26980653E-08
   8.30700557E-08
   8.34434175E-08
   8.38181577E-08
   8.41942693E-08
   8.45717736E-08
   8.49506563E-08
   8.53309317E-08
   8.57125997E-08
   8.60956675E-08
   8.64801351E-08
   8.68660095E-08
   8.72532908E-08
   8.76419861E-08
   8.80320954E-08
   8.84236329E-08
   8.88165914E-08
   8.92109782E-08
   8.96068002E-08
   9.00040504E-08
   9.04027431E-08
   9.08028781E-08
   9.12044698E-08
   9.16075109E-08
   9.20120016E-08
   9.24179631E-08
   9.28253812E-08
   9.32342701E-08
   9.36446298E-08
   9.40564675E-08
   9.44697831E-08
   9.48845837E-08
   9.53008694E-08
   9.57186401E-08
   9.61379101E-08
   9.65586864E-08
   9.69809690E-08
   9.74047509E-08
   9.78300463E-08
   9.82568551E-08
   9.86851845E-08
   9.91150415E-08
   9.95464262E-08
   9.99793457E-08
   1.00413793E-07
   1.00849782E-07
   1.01287313E-07
   1.01726400E-07
   1.02167036E-07
   1.02609228E-07
   1.03052983E-07
   1.03498301E-07
   1.03945190E-07
   1.04393642E-07
   1.04843679E-07
   1.05295300E-07
   1.05748498E-07
   1.06203288E-07
   1.06659670E-07
   1.07117650E-07
   1.07577236E-07
   1.08038421E-07
   1.08501219E-07
   1.08965629E-07
   1.09431667E-07
   1.09899318E-07
   1.10368603E-07
   1.10839515E-07
   1.11312062E-07
   1.11786250E-07
   1.12262086E-07
   1.12739563E-07
   1.13218697E-07
   1.13699478E-07
   1.14181923E-07
   1.14666037E-07
   1.15151821E-07
   1.15639274E-07
   1.16128405E-07
   1.16619219E-07
   1.17111718E-07
   1.17605907E-07
   1.18101788E-07
   1.18599374E-07
   1.19098658E-07
   1.19599648E-07
   1.20102357E-07
   1.20606785E-07
   1.21112933E-07
   1.21620801E-07
   1.22130402E-07
   1.22641737E-07
   1.23154805E-07
   1.23669608E-07
   1.24186158E-07
   1.24704471E-07
   1.25224531E-07
   1.25746354E-07
   1.26269953E-07
   1.26795314E-07
   1.27322451E-07
   1.27851351E-07
   1.28382041E-07
   1.28914522E-07
   1.29448793E-07
   1.29984841E-07
   1.30522707E-07
   1.31062365E-07
   1.31603841E-07
   1.32147122E-07
   1.32692236E-07
   1.33239169E-07
   1.33787921E-07
   1.34338507E-07
   1.34890925E-07
   1.35445191E-07
   1.36001290E-07
   1.36559237E-07
   1.37119045E-07
   1.37680701E-07
   1.38244232E-07
   1.38809625E-07
   1.39376880E-07
   1.39946025E-07
   1.40517045E-07
   1.41089942E-07
   1.41664742E-07
   1.42241433E-07
   1.42820028E-07
   1.43400513E-07
   1.43982916E-07
   1.44567224E-07
   1.45153450E-07
   1.45741595E-07
   1.46331672E-07
   1.46923682E-07
   1.47517625E-07
   1.48113514E-07
   1.48711337E-07
   1.49311106E-07
   1.49912850E-07
   1.50516541E-07
   1.51122194E-07
   1.51729807E-07
   1.52339410E-07
   1.52950975E-07
   1.53564528E-07
   1.54180071E-07
   1.54797604E-07
   1.55417126E-07
   1.56038652E-07
   1.56662182E-07
   1.57287730E-07
   1.57915281E-07
   1.58544850E-07
   1.59176452E-07
   1.59810071E-07
   1.60445737E-07
   1.61083449E-07
   1.61723207E-07
   1.62364998E-07
   1.63008835E-07
   1.63654732E-07
   1.64302705E-07
   1.64952738E-07
   1.65604831E-07
   1.66259028E-07
   1.66915299E-07
   1.67573646E-07
   1.68234081E-07
   1.68896619E-07
   1.69561275E-07
   1.70228020E-07
   1.70896882E-07
   1.71567862E-07
   1.72240959E-07
   1.72916188E-07
   1.73593534E-07
   1.74273012E-07
   1.74954636E-07
   1.75638391E-07
   1.76324306E-07
   1.77012367E-07
   1.77702603E-07
   1.78394998E-07
   1.79089568E-07
   1.79786298E-07
   1.80485216E-07
   1.81186309E-07
   1.81889604E-07
   1.82595087E-07
   1.83302774E-07
   1.84012663E-07
   1.84724755E-07
   1.85439063E-07
   1.86155575E-07
   1.86874317E-07
   1.87595290E-07
   1.88318495E-07
   1.89043945E-07
   1.89771640E-07
   1.90501581E-07
   1.91233767E-07
   1.91968226E-07
   1.92704945E-07
   1.93443938E-07
   1.94185176E-07
   1.94928717E-07
   1.95674531E-07
   1.96422633E-07
   1.97173037E-07
   1.97925743E-07
   1.98680738E-07
   1.99438048E-07
   2.00197661E-07
   2.00959605E-07
   2.01723864E-07
   2.02490469E-07
   2.03259390E-07
   2.04030655E-07
   2.04804280E-07
   2.05580250E-07
   2.06358564E-07
   2.07139237E-07
   2.07922270E-07
   2.08707675E-07
   2.09495454E-07
   2.10285620E-07
   2.11078159E-07
   2.11873100E-07
   2.12670429E-07
   2.13470173E-07
   2.14272319E-07
   2.15076867E-07
   2.15883844E-07
   2.16693223E-07
   2.17505047E-07
   2.18319286E-07
   2.19135970E-07
   2.19955098E-07
   2.20776670E-07
   2.21600700E-07
   2.22427175E-07
   2.23256109E-07
   2.24087515E-07
   2.24921408E-07
   2.25757788E-07
   2.26596640E-07
   2.27437980E-07
   2.28281820E-07
   2.29128162E-07
   2.29977005E-07
   2.30828348E-07
   2.31682208E-07
   2.32538611E-07
   2.33397529E-07
   2.34258962E-07
   2.35122940E-07
   2.35989461E-07
   2.36858526E-07
   2.37730148E-07
   2.38604343E-07
   2.39481096E-07
   2.40360407E-07
   2.41242304E-07
   2.42126760E-07
   2.43013801E-07
   2.43903457E-07
   2.44795700E-07
   2.45690529E-07
   2.46587973E-07
   2.47488032E-07
   2.48390705E-07
   2.49295994E-07
   2.50203925E-07
   2.51114500E-07
   2.52027689E-07
   2.52943522E-07
   2.53861998E-07
   2.54783146E-07
   2.55706965E-07
   2.56633427E-07
   2.57562562E-07
   2.58494367E-07
   2.59428873E-07
   2.60366079E-07
   2.61305956E-07
   2.62248534E-07
   2.63193812E-07
   2.64141789E-07
   2.65092496E-07
   2.66045930E-07
   2.67002093E-07
   2.67960957E-07
   2.68922577E-07
   2.69886925E-07
   2.70854031E-07
   2.71823893E-07
   2.72796512E-07
   2.73771889E-07
   2.74750050E-07
   2.75730969E-07
   2.76714673E-07
   2.77701162E-07
   2.78690436E-07
   2.79682524E-07
   2.80677426E-07
   2.81675085E-07
   2.82675586E-07
   2.83678929E-07
   2.84685086E-07
   2.85694085E-07
   2.86705898E-07
   2.87720553E-07
   2.88738050E-07
   2.89758418E-07
   2.90781628E-07
   2.91807709E-07
   2.92836660E-07
   2.93868453E-07
   2.94903145E-07
   2.95940737E-07
   2.96981227E-07
   2.98024617E-07
   2.99070905E-07
   3.00120092E-07
   3.01172179E-07
   3.02227221E-07
   3.03285191E-07
   3.04346059E-07
   3.05409884E-07
   3.06476636E-07
   3.07546344E-07
   3.08619008E-07
   3.09694627E-07
   3.10773203E-07
   3.11854791E-07
   3.12939335E-07
   3.14026863E-07
   3.15117347E-07
   3.16210873E-07
   3.17307382E-07
   3.18406904E-07
   3.19509439E-07
   3.20614987E-07
   3.21723547E-07
   3.22835149E-07
   3.23949763E-07
   3.25067447E-07
   3.26188143E-07
   3.27311909E-07
   3.28438716E-07
   3.29568593E-07
   3.30701539E-07
   3.31837583E-07
   3.32976697E-07
   3.34118880E-07
   3.35264190E-07
   3.36412540E-07
   3.37564046E-07
   3.38718621E-07
   3.39876351E-07
   3.41037179E-07
   3.42201133E-07
   3.43368214E-07
   3.44538421E-07
   3.45711811E-07
   3.46888328E-07
   3.48067999E-07
   3.49250854E-07
   3.50436864E-07
   3.51626028E-07
   3.52818375E-07
   3.54013935E-07
   3.55212677E-07
   3.56414631E-07
   3.57619797E-07
   3.58828146E-07
   3.60039735E-07
   3.61254507E-07
   3.62472491E-07
   3.63693744E-07
   3.64918236E-07
   3.66145969E-07
   3.67376941E-07
   3.68611182E-07
   3.69848635E-07
   3.71089385E-07
   3.72333432E-07
   3.73580718E-07
   3.74831302E-07
   3.76085183E-07
   3.77342332E-07
   3.78602834E-07
   3.79866663E-07
   3.81133759E-07
   3.82404210E-07
   3.83677957E-07
   3.84955058E-07
   3.86235456E-07
   3.87519236E-07
   3.88806342E-07
   3.90096830E-07
   3.91390671E-07
   3.92687895E-07
   3.93988500E-07
   3.95292460E-07
   3.96599802E-07
   3.97910554E-07
   3.99224689E-07
   4.00542234E-07
   4.01863190E-07
   4.03187585E-07
   4.04515390E-07
   4.05846606E-07
   4.07181261E-07
   4.08519355E-07
   4.09860917E-07
   4.11205946E-07
   4.12554385E-07
   4.13906349E-07
   4.15261752E-07
   4.16620622E-07
   4.17982989E-07
   4.19348822E-07
   4.20718180E-07
   4.22091034E-07
   4.23467412E-07
   4.24847286E-07
   4.26230656E-07
   4.27617579E-07
   4.29007997E-07
   4.30401968E-07
   4.31799521E-07
   4.33200597E-07
   4.34605255E-07
   4.36013465E-07
   4.37425228E-07
   4.38840573E-07
   4.40259470E-07
   4.41682005E-07
   4.43108092E-07
   4.44537790E-07
   4.45971068E-07
   4.47407956E-07
   4.48848510E-07
   4.50292703E-07
   4.51740476E-07
   4.53191888E-07
   4.54646965E-07
   4.56105681E-07
   4.57568035E-07
   4.59034084E-07
   4.60503770E-07
   4.61977152E-07
   4.63454199E-07
   4.64934942E-07
   4.66419380E-07
   4.67907512E-07
   4.69399311E-07
   4.70894861E-07
   4.72394106E-07
   4.73897074E-07
   4.75403795E-07
   4.76914238E-07
   4.78428433E-07
   4.79946380E-07
   4.81468078E-07
   4.82993528E-07
   4.84522729E-07
   4.86055683E-07
   4.87592445E-07
   4.89132958E-07
   4.90677280E-07
   4.92225411E-07
   4.93777350E-07
   4.95333097E-07
   4.96892653E-07
   4.98456075E-07
   5.00023305E-07
   5.01594343E-07
   5.03169247E-07
   5.04747959E-07
   5.06330593E-07
   5.07917036E-07
   5.09507345E-07
   5.11101518E-07
   5.12699557E-07
   5.14301519E-07
   5.15907345E-07
   5.17517094E-07
   5.19130765E-07
   5.20748301E-07
   5.22369760E-07
   5.23995141E-07
   5.25624444E-07
   5.27257725E-07
   5.28894930E-07
   5.30536113E-07
   5.32181275E-07
   5.33830359E-07
   5.35483423E-07
   5.37140465E-07
   5.38801430E-07
   5.40466431E-07
   5.42135410E-07
   5.43808369E-07
   5.45485364E-07
   5.47166337E-07
   5.48851347E-07
   5.50540335E-07
   5.52233359E-07
   5.53930477E-07
   5.55631573E-07
   5.57336762E-07
   5.59045986E-07
   5.60759247E-07
   5.62476600E-07
   5.64198103E-07
   5.65923699E-07
   5.67653274E-07
   5.69386998E-07
   5.71124758E-07
   5.72866725E-07
   5.74612727E-07
   5.76362879E-07
   5.78117181E-07
   5.79875632E-07
   5.81638176E-07
   5.83404869E-07
   5.85175769E-07
   5.86950762E-07
   5.88729961E-07
   5.90513309E-07
   5.92300808E-07
   5.94092512E-07
   5.95888423E-07
   5.97688540E-07
   5.99492807E-07
   6.01301281E-07
   6.03113961E-07
   6.04930960E-07
   6.06752110E-07
   6.08577523E-07
   6.10407199E-07
   6.12241138E-07
   6.14079283E-07
   6.15921749E-07
   6.17768478E-07
   6.19619470E-07
   6.21474726E-07
   6.23334245E-07
   6.25198084E-07
   6.27066242E-07
   6.28938665E-07
   6.30815407E-07
   6.32696526E-07
   6.34581909E-07
   6.36471611E-07
   6.38365634E-07
   6.40264034E-07
   6.42166754E-07
   6.44073907E-07
   6.45985438E-07
   6.47901231E-07
   6.49821516E-07
   6.51746120E-07
   6.53675158E-07
   6.55608517E-07
   6.57546366E-07
   6.59488592E-07
   6.61435195E-07
   6.63386288E-07
   6.65341759E-07
   6.67301720E-07
   6.69266115E-07
   6.71234943E-07
   6.73208262E-07
   6.75186016E-07
   6.77168202E-07
   6.79154937E-07
   6.81146105E-07
   6.83141764E-07
   6.85141970E-07
   6.87146667E-07
   6.89155797E-07
   6.91169532E-07
   6.93187758E-07
   6.95210531E-07
   6.97237795E-07
   6.99269663E-07
   7.01306021E-07
   7.03346927E-07
   7.05392438E-07
   7.07442496E-07
   7.09497158E-07
   7.11556368E-07
   7.13620238E-07
   7.15688600E-07
   7.17761623E-07
   7.19839250E-07
   7.21921481E-07
   7.24008316E-07
   7.26099813E-07
   7.28195914E-07
   7.30296676E-07
   7.32401986E-07
   7.34512014E-07
   7.36626703E-07
   7.38746053E-07
   7.40870064E-07
   7.42998793E-07
   7.45132240E-07
   7.47270406E-07
   7.49413175E-07
   7.51560719E-07
   7.53712925E-07
   7.55869905E-07
   7.58031604E-07
   7.60198020E-07
   7.62369211E-07
   7.64545121E-07
   7.66725805E-07
   7.68911150E-07
   7.71101384E-07
   7.73296279E-07
   7.75496062E-07
   7.77700620E-07
   7.79909954E-07
   7.82124062E-07
   7.84343001E-07
   7.86566773E-07
   7.88795262E-07
   7.91028583E-07
   7.93266793E-07
   7.95509777E-07
   7.97757650E-07
   8.00010412E-07
   8.02268062E-07
   8.04530487E-07
   8.06797857E-07
   8.09070116E-07
   8.11347206E-07
   8.13629185E-07
   8.15916110E-07
   8.18207923E-07
   8.20504681E-07
   8.22806328E-07
   8.25112863E-07
   8.27424401E-07
   8.29740884E-07
   8.32062256E-07
   8.34388572E-07
   8.36719892E-07
   8.39056156E-07
   8.41397423E-07
   8.43743635E-07
   8.46094792E-07
   8.48451009E-07
   8.50812228E-07
   8.53178449E-07
   8.55549672E-07
   8.57925897E-07
   8.60307125E-07
   8.62693412E-07
   8.65084701E-07
   8.67481049E-07
   8.69882513E-07
   8.72289036E-07
   8.74700618E-07
   8.77117259E-07
   8.79539016E-07
   8.81965775E-07
   8.84397650E-07
   8.86834641E-07
   8.89276748E-07
   8.91723971E-07
   8.94176310E-07
   8.96633765E-07
   8.99096335E-07
   9.01564079E-07
   9.04036995E-07
   9.06515027E-07
   9.08998231E-07
   9.11486609E-07
   9.13980159E-07
   9.16478882E-07
   9.18982778E-07
   9.21491846E-07
   9.24006144E-07
   9.26525615E-07
   9.29050316E-07
   9.31580246E-07
   9.34115462E-07
   9.36655852E-07
   9.39201470E-07
   9.41752376E-07
   9.44308510E-07
   9.46869932E-07
   9.49436583E-07
   9.52008577E-07
   9.54585744E-07
   9.57168254E-07
   9.59756107E-07
   9.62349191E-07
   9.64947617E-07
   9.67551387E-07
   9.70160386E-07
   9.72774728E-07
   9.75394528E-07
   9.78019557E-07
   9.80649929E-07
   9.83285645E-07
   9.85926818E-07
   9.88573333E-07
   9.91225193E-07
   9.93882509E-07
   9.96545168E-07
   9.99213171E-07
   1.00188663E-06
   1.00456555E-06
   1.00724981E-06
   1.00993952E-06
   1.01263470E-06
   1.01533522E-06
   1.01804130E-06
   1.02075273E-06
   1.02346962E-06
   1.02619197E-06
   1.02891977E-06
   1.03165314E-06
   1.03439197E-06
   1.03713626E-06
   1.03988611E-06
   1.04264143E-06
   1.04540231E-06
   1.04816866E-06
   1.05094045E-06
   1.05371782E-06
   1.05650076E-06
   1.05928916E-06
   1.06208313E-06
   1.06488267E-06
   1.06768789E-06
   1.07049857E-06
   1.07331482E-06
   1.07613675E-06
   1.07896426E-06
   1.08179734E-06
   1.08463598E-06
   1.08748031E-06
   1.09033022E-06
   1.09318569E-06
   1.09604684E-06
   1.09891369E-06
   1.10178610E-06
   1.10466431E-06
   1.10754809E-06
   1.11043755E-06
   1.11333259E-06
   1.11623342E-06
   1.11913994E-06
   1.12205203E-06
   1.12496991E-06
   1.12789348E-06
   1.13082274E-06
   1.13375779E-06
   1.13669842E-06
   1.13964495E-06
   1.14259717E-06
   1.14555519E-06
   1.14851889E-06
   1.15148839E-06
   1.15446358E-06
   1.15744467E-06
   1.16043145E-06
   1.16342403E-06
   1.16642252E-06
   1.16942670E-06
   1.17243667E-06
   1.17545244E-06
   1.17847412E-06
   1.18150149E-06
   1.18453488E-06
   1.18757407E-06
   1.19061906E-06
   1.19366985E-06
   1.19672654E-06
   1.19978904E-06
   1.20285745E-06
   1.20593188E-06
   1.20901200E-06
   1.21209803E-06
   1.21518997E-06
   1.21828805E-06
   1.22139204E-06
   1.22450183E-06
   1.22761753E-06
   1.23073914E-06
   1.23386667E-06
   1.23700011E-06
   1.24013957E-06
   1.24328506E-06
   1.24643645E-06
   1.24959377E-06
   1.25275722E-06
   1.25592658E-06
   1.25910208E-06
   1.26228349E-06
   1.26547093E-06
   1.26866428E-06
   1.27186365E-06
   1.27506905E-06
   1.27828059E-06
   1.28149816E-06
   1.28472186E-06
   1.28795159E-06
   1.29118723E-06
   1.29442901E-06
   1.29767693E-06
   1.30093099E-06
   1.30419107E-06
   1.30745718E-06
   1.31072943E-06
   1.31400782E-06
   1.31729234E-06
   1.32058301E-06
   1.32387981E-06
   1.32718264E-06
   1.33049161E-06
   1.33380684E-06
   1.33712820E-06
   1.34045570E-06
   1.34378945E-06
   1.34712934E-06
   1.35047537E-06
   1.35382766E-06
   1.35718608E-06
   1.36055075E-06
   1.36392168E-06
   1.36729875E-06
   1.37068207E-06
   1.37407164E-06
   1.37746736E-06
   1.38086943E-06
   1.38427765E-06
   1.38769224E-06
   1.39111319E-06
   1.39454039E-06
   1.39797385E-06
   1.40141344E-06
   1.40485940E-06
   1.40831162E-06
   1.41177031E-06
   1.41523526E-06
   1.41870657E-06
   1.42218414E-06
   1.42566796E-06
   1.42915815E-06
   1.43265481E-06
   1.43615773E-06
   1.43966702E-06
   1.44318267E-06
   1.44670480E-06
   1.45023330E-06
   1.45376816E-06
   1.45730928E-06
   1.46085699E-06
   1.46441107E-06
   1.46797140E-06
   1.47153833E-06
   1.47511173E-06
   1.47869139E-06
   1.48227753E-06
   1.48587014E-06
   1.48946935E-06
   1.49307493E-06
   1.49668688E-06
   1.50030553E-06
   1.50393043E-06
   1.50756193E-06
   1.51119991E-06
   1.51484437E-06
   1.51849531E-06
   1.52215273E-06
   1.52581674E-06
   1.52948735E-06
   1.53316444E-06
   1.53684823E-06
   1.54053851E-06
   1.54423537E-06
   1.54793872E-06
   1.55164855E-06
   1.55536497E-06
   1.55908810E-06
   1.56281783E-06
   1.56655403E-06
   1.57029683E-06
   1.57404634E-06
   1.57780244E-06
   1.58156524E-06
   1.58533464E-06
   1.58911052E-06
   1.59289311E-06
   1.59668230E-06
   1.60047830E-06
   1.60428090E-06
   1.60809020E-06
   1.61190621E-06
   1.61572893E-06
   1.61955825E-06
   1.62339416E-06
   1.62723688E-06
   1.63108643E-06
   1.63494269E-06
   1.63880554E-06
   1.64267510E-06
   1.64655137E-06
   1.65043446E-06
   1.65432436E-06
   1.65822098E-06
   1.66212442E-06
   1.66603456E-06
   1.66995153E-06
   1.67387520E-06
   1.67780570E-06
   1.68174290E-06
   1.68568693E-06
   1.68963788E-06
   1.69359566E-06
   1.69756015E-06
   1.70153146E-06
   1.70550970E-06
   1.70949477E-06
   1.71348665E-06
   1.71748547E-06
   1.72149112E-06
   1.72550369E-06
   1.72952309E-06
   1.73354931E-06
   1.73758235E-06
   1.74162244E-06
   1.74566935E-06
   1.74972320E-06
   1.75378398E-06
   1.75785181E-06
   1.76192646E-06
   1.76600804E-06
   1.77009656E-06
   1.77419213E-06
   1.77829463E-06
   1.78240396E-06
   1.78652044E-06
   1.79064386E-06
   1.79477411E-06
   1.79891151E-06
   1.80305585E-06
   1.80720713E-06
   1.81136545E-06
   1.81553094E-06
   1.81970336E-06
   1.82388283E-06
   1.82806934E-06
   1.83226280E-06
   1.83646330E-06
   1.84067085E-06
   1.84488556E-06
   1.84910732E-06
   1.85333613E-06
   1.85757210E-06
   1.86181501E-06
   1.86606508E-06
   1.87032231E-06
   1.87458659E-06
   1.87885803E-06
   1.88313652E-06
   1.88742217E-06
   1.89171487E-06
   1.89601485E-06
   1.90032188E-06
   1.90463606E-06
   1.90895753E-06
   1.91328604E-06
   1.91762183E-06
   1.92196489E-06
   1.92631501E-06
   1.93067240E-06
   1.93503683E-06
   1.93940855E-06
   1.94378754E-06
   1.94817358E-06
   1.95256689E-06
   1.95696748E-06
   1.96137535E-06
   1.96579049E-06
   1.97021268E-06
   1.97464237E-06
   1.97907934E-06
   1.98352359E-06
   1.98797488E-06
   1.99243345E-06
   1.99689953E-06
   2.00137288E-06
   2.00585350E-06
   2.01034140E-06
   2.01483681E-06
   2.01933926E-06
   2.02384922E-06
   2.02836645E-06
   2.03289096E-06
   2.03742297E-06
   2.04196226E-06
   2.04650883E-06
   2.05106289E-06
   2.05562424E-06
   2.06019308E-06
   2.06476921E-06
   2.06935283E-06
   2.07394373E-06
   2.07854214E-06
   2.08314805E-06
   2.08776123E-06
   2.09238192E-06
   2.09701011E-06
   2.10164558E-06
   2.10628855E-06
   2.11093902E-06
   2.11559700E-06
   2.12026225E-06
   2.12493501E-06
   2.12961527E-06
   2.13430303E-06
   2.13899830E-06
   2.14370107E-06
   2.14841134E-06
   2.15312934E-06
   2.15785462E-06
   2.16258741E-06
   2.16732792E-06
   2.17207594E-06
   2.17683146E-06
   2.18159448E-06
   2.18636501E-06
   2.19114327E-06
   2.19592903E-06
   2.20072229E-06
   2.20552329E-06
   2.21033179E-06
   2.21514779E-06
   2.21997129E-06
   2.22480276E-06
   2.22964172E-06
   2.23448797E-06
   2.23934217E-06
   2.24420387E-06
   2.24907353E-06
   2.25395047E-06
   2.25883514E-06
   2.26372754E-06
   2.26862744E-06
   2.27353530E-06
   2.27845067E-06
   2.28337376E-06
   2.28830459E-06
   2.29324314E-06
   2.29818920E-06
   2.30314322E-06
   2.30810474E-06
   2.31307422E-06
   2.31805120E-06
   2.32303591E-06
   2.32802813E-06
   2.33302831E-06
   2.33803667E-06
   2.34305253E-06
   2.34807590E-06
   2.35310722E-06
   2.35814605E-06
   2.36319306E-06
   2.36824758E-06
   2.37331005E-06
   2.37838026E-06
   2.38345842E-06
   2.38854432E-06
   2.39363817E-06
   2.39873975E-06
   2.40384929E-06
   2.40896657E-06
   2.41409180E-06
   2.41922498E-06
   2.42436568E-06
   2.42951455E-06
   2.43467116E-06
   2.43983573E-06
   2.44500802E-06
   2.45018805E-06
   2.45537626E-06
   2.46057220E-06
   2.46577633E-06
   2.47098819E-06
   2.47620801E-06
   2.48143579E-06
   2.48667129E-06
   2.49191476E-06
   2.49716618E-06
   2.50242579E-06
   2.50769313E-06
   2.51296865E-06
   2.51825190E-06
   2.52354357E-06
   2.52884320E-06
   2.53415055E-06
   2.53946587E-06
   2.54478937E-06
   2.55012083E-06
   2.55546024E-06
   2.56080784E-06
   2.56616340E-06
   2.57152692E-06
   2.57689840E-06
   2.58227806E-06
   2.58766568E-06
   2.59306125E-06
   2.59846502E-06
   2.60387696E-06
   2.60929664E-06
   2.61472451E-06
   2.62016056E-06
   2.62560457E-06
   2.63105676E-06
   2.63651714E-06
   2.64198570E-06
   2.64746245E-06
   2.65294739E-06
   2.65844051E-06
   2.66394159E-06
   2.66945085E-06
   2.67496807E-06
   2.68049348E-06
   2.68602707E-06
   2.69156908E-06
   2.69711904E-06
   2.70267719E-06
   2.70824376E-06
   2.71381828E-06
   2.71940098E-06
   2.72499210E-06
   2.73059140E-06
   2.73619867E-06
   2.74181434E-06
   2.74743820E-06
   2.75307048E-06
   2.75871093E-06
   2.76435958E-06
   2.77001641E-06
   2.77568142E-06
   2.78135462E-06
   2.78703646E-06
   2.79272626E-06
   2.79842470E-06
   2.80413133E-06
   2.80984636E-06
   2.81556959E-06
   2.82130100E-06
   2.82704082E-06
   2.83278882E-06
   2.83854524E-06
   2.84430985E-06
   2.85008309E-06
   2.85586452E-06
   2.86165459E-06
   2.86745285E-06
   2.87325929E-06
   2.87907392E-06
   2.88489719E-06
   2.89072887E-06
   2.89656896E-06
   2.90241769E-06
   2.90827484E-06
   2.91413994E-06
   2.92001369E-06
   2.92589584E-06
   2.93178641E-06
   2.93768539E-06
   2.94359279E-06
   2.94950860E-06
   2.95543305E-06
   2.96136568E-06
   2.96730695E-06
   2.97325664E-06
   2.97921474E-06
   2.98518148E-06
   2.99115663E-06
   2.99714020E-06
   3.00313218E-06
   3.00913257E-06
   3.01514160E-06
   3.02115950E-06
   3.02718558E-06
   3.03322031E-06
   3.03926367E-06
   3.04531545E-06
   3.05137587E-06
   3.05744493E-06
   3.06352217E-06
   3.06960806E-06
   3.07570258E-06
   3.08180552E-06
   3.08791709E-06
   3.09403731E-06
   3.10016617E-06
   3.10630344E-06
   3.11244935E-06
   3.11860413E-06
   3.12476732E-06
   3.13093938E-06
   3.13712007E-06
   3.14330919E-06
   3.14950694E-06
   3.15571310E-06
   3.16192836E-06
   3.16815226E-06
   3.17438480E-06
   3.18062575E-06
   3.18687557E-06
   3.19313403E-06
   3.19940114E-06
   3.20567688E-06
   3.21196126E-06
   3.21825428E-06
   3.22455617E-06
   3.23086670E-06
   3.23718609E-06
   3.24351413E-06
   3.24985081E-06
   3.25619635E-06
   3.26255054E-06
   3.26891359E-06
   3.27528528E-06
   3.28166584E-06
   3.28805504E-06
   3.29445311E-06
   3.30085982E-06
   3.30727539E-06
   3.31369961E-06
   3.32013269E-06
   3.32657464E-06
   3.33302546E-06
   3.33948492E-06
   3.34595325E-06
   3.35243044E-06
   3.35891650E-06
   3.36541143E-06
   3.37191523E-06
   3.37842789E-06
   3.38494920E-06
   3.39147937E-06
   3.39801818E-06
   3.40456609E-06
   3.41112286E-06
   3.41768850E-06
   3.42426324E-06
   3.43084662E-06
   3.43743886E-06
   3.44404020E-06
   3.45065018E-06
   3.45726926E-06
   3.46389743E-06
   3.47053447E-06
   3.47718037E-06
   3.48383514E-06
   3.49049878E-06
   3.49717129E-06
   3.50385312E-06
   3.51054359E-06
   3.51724316E-06
   3.52395182E-06
   3.53066935E-06
   3.53739597E-06
   3.54413146E-06
   3.55087582E-06
   3.55762904E-06
   3.56439136E-06
   3.57116301E-06
   3.57794352E-06
   3.58473289E-06
   3.59153137E-06
   3.59833871E-06
   3.60515514E-06
   3.61198067E-06
   3.61881553E-06
   3.62565925E-06
   3.63251206E-06
   3.63937374E-06
   3.64624452E-06
   3.65312439E-06
   3.66001336E-06
   3.66691143E-06
   3.67381836E-06
   3.68073438E-06
   3.68765973E-06
   3.69459417E-06
   3.70153793E-06
   3.70849034E-06
   3.71545207E-06
   3.72242312E-06
   3.72940326E-06
   3.73639250E-06
   3.74339083E-06
   3.75039826E-06
   3.75741502E-06
   3.76444063E-06
   3.77147558E-06
   3.77851961E-06
   3.78557297E-06
   3.79263543E-06
   3.79970697E-06
   3.80678784E-06
   3.81387781E-06
   3.82097687E-06
   3.82808548E-06
   3.83520319E-06
   3.84232999E-06
   3.84946588E-06
   3.85661133E-06
   3.86376587E-06
   3.87092996E-06
   3.87810269E-06
   3.88528497E-06
   3.89247680E-06
   3.89967772E-06
   3.90688774E-06
   3.91410686E-06
   3.92133552E-06
   3.92857328E-06
   3.93582059E-06
   3.94307699E-06
   3.95034294E-06
   3.95761799E-06
   3.96490259E-06
   3.97219628E-06
   3.97949907E-06
   3.98681141E-06
   3.99413284E-06
   4.00146428E-06
   4.00880481E-06
   4.01615443E-06
   4.02351361E-06
   4.03088188E-06
   4.03825970E-06
   4.04564662E-06
   4.05304309E-06
   4.06044910E-06
   4.06786421E-06
   4.07528887E-06
   4.08272308E-06
   4.09016639E-06
   4.09761924E-06
   4.10508164E-06
   4.11255314E-06
   4.12003419E-06
   4.12752479E-06
   4.13502494E-06
   4.14253418E-06
   4.15005297E-06
   4.15758132E-06
   4.16511875E-06
   4.17266574E-06
   4.18022228E-06
   4.18778836E-06
   4.19536400E-06
   4.20294873E-06
   4.21054347E-06
   4.21814730E-06
   4.22576068E-06
   4.23338361E-06
   4.24101609E-06
   4.24865812E-06
   4.25630969E-06
   4.26397082E-06
   4.27164150E-06
   4.27932127E-06
   4.28701060E-06
   4.29470947E-06
   4.30241789E-06
   4.31013586E-06
   4.31786339E-06
   4.32560046E-06
   4.33334708E-06
   4.34110325E-06
   4.34886942E-06
   4.35664515E-06
   4.36443042E-06
   4.37222525E-06
   4.38002962E-06
   4.38784355E-06
   4.39566702E-06
   4.40350004E-06
   4.41134262E-06
   4.41919474E-06
   4.42705687E-06
   4.43492854E-06
   4.44280977E-06
   4.45070054E-06
   4.45860087E-06
   4.46651075E-06
   4.47443063E-06
   4.48236005E-06
   4.49029903E-06
   4.49824756E-06
   4.50620564E-06
   4.51417327E-06
   4.52215136E-06
   4.53013899E-06
   4.53813618E-06
   4.54614292E-06
   4.55415920E-06
   4.56218504E-06
   4.57022088E-06
   4.57826627E-06
   4.58632212E-06
   4.59438706E-06
   4.60246156E-06
   4.61054606E-06
   4.61864056E-06
   4.62674461E-06
   4.63485821E-06
   4.64298137E-06
   4.65111452E-06
   4.65925768E-06
   4.66740994E-06
   4.67557265E-06
   4.68374537E-06
   4.69192764E-06
   4.70011946E-06
   4.70832083E-06
   4.71653266E-06
   4.72475404E-06
   4.73298496E-06
   4.74122544E-06
   4.74947592E-06
   4.75773641E-06
   4.76600644E-06
   4.77428648E-06
   4.78257653E-06
   4.79087612E-06
   4.79918572E-06
   4.80750532E-06
   4.81583447E-06
   4.82417363E-06
   4.83252279E-06
   4.84088196E-06
   4.84925067E-06
   4.85762939E-06
   4.86601812E-06
   4.87441685E-06
   4.88282558E-06
   4.89124386E-06
   4.89967169E-06
   4.90810999E-06
   4.91655783E-06
   4.92501522E-06
   4.93348261E-06
   4.94196047E-06
   4.95044833E-06
   4.95894574E-06
   4.96745315E-06
   4.97597057E-06
   4.98449799E-06
   4.99303542E-06
   5.00158239E-06
   5.01013983E-06
   5.01870727E-06
   5.02728426E-06
   5.03587125E-06
   5.04446871E-06
   5.05307571E-06
   5.06169317E-06
   5.07032064E-06
   5.07895766E-06
   5.08760468E-06
   5.09626170E-06
   5.10492873E-06
   5.11360577E-06
   5.12229281E-06
   5.13098985E-06
   5.13969644E-06
   5.14841349E-06
   5.15714100E-06
   5.16587806E-06
   5.17462513E-06
   5.18338265E-06
   5.19214973E-06
   5.20092726E-06
   5.20971480E-06
   5.21851189E-06
   5.22731943E-06
   5.23613744E-06
   5.24496545E-06
   5.25380347E-06
   5.26265148E-06
   5.27150951E-06
   5.28037754E-06
   5.28925557E-06
   5.29814406E-06
   5.30704301E-06
   5.31595106E-06
   5.32487002E-06
   5.33379898E-06
   5.34273795E-06
   5.35168692E-06
   5.36064636E-06
   5.36961579E-06
   5.37859523E-06
   5.38758513E-06
   5.39658504E-06
   5.40559495E-06
   5.41461486E-06
   5.42364523E-06
   5.43268561E-06
   5.44173645E-06
   5.45079683E-06
   5.45986768E-06
   5.46894898E-06
   5.47804029E-06
   5.48714206E-06
   5.49625383E-06
   5.50537561E-06
   5.51450785E-06
   5.52365054E-06
   5.53280324E-06
   5.54196595E-06
   5.55113911E-06
   5.56032228E-06
   5.56951545E-06
   5.57871954E-06
   5.58793363E-06
   5.59715772E-06
   5.60639228E-06
   5.61563729E-06
   5.62489231E-06
   5.63415733E-06
   5.64343281E-06
   5.65271830E-06
   5.66201470E-06
   5.67132111E-06
   5.68063751E-06
   5.68996438E-06
   5.69930125E-06
   5.70864904E-06
   5.71800729E-06
   5.72737554E-06
   5.73675379E-06
   5.74614251E-06
   5.75554168E-06
   5.76495131E-06
   5.77437095E-06
   5.78380150E-06
   5.79324205E-06
   5.80269261E-06
   5.81215363E-06
   5.82162511E-06
   5.83110705E-06
   5.84059944E-06
   5.85010184E-06
   5.85961470E-06
   5.86913757E-06
   5.87867089E-06
   5.88821467E-06
   5.89776937E-06
   5.90733407E-06
   5.91690923E-06
   5.92649485E-06
   5.93609093E-06
   5.94569747E-06
   5.95531401E-06
   5.96494101E-06
   5.97457847E-06
   5.98422639E-06
   5.99388477E-06
   6.00355315E-06
   6.01323245E-06
   6.02292221E-06
   6.03262242E-06
   6.04233264E-06
   6.05205378E-06
   6.06178537E-06
   6.07152697E-06
   6.08127948E-06
   6.09104200E-06
   6.10081497E-06
   6.11059841E-06
   6.12039275E-06
   6.13019711E-06
   6.14001237E-06
   6.14983810E-06
   6.15967429E-06
   6.16952138E-06
   6.17937849E-06
   6.18924605E-06
   6.19912407E-06
   6.20901255E-06
   6.21891149E-06
   6.22882135E-06
   6.23874121E-06
   6.24867153E-06
   6.25861230E-06
   6.26856354E-06
   6.27852569E-06
   6.28849830E-06
   6.29848182E-06
   6.30847535E-06
   6.31847979E-06
   6.32849469E-06
   6.33852051E-06
   6.34855633E-06
   6.35860306E-06
   6.36865980E-06
   6.37872790E-06
   6.38880647E-06
   6.39889504E-06
   6.40899452E-06
   6.41910447E-06
   6.42922441E-06
   6.43935573E-06
   6.44949750E-06
   6.45964974E-06
   6.46981289E-06
   6.47998650E-06
   6.49017102E-06
   6.50036554E-06
   6.51057098E-06
   6.52078688E-06
   6.53101370E-06
   6.54125097E-06
   6.55149870E-06
   6.56175735E-06
   6.57202645E-06
   6.58230647E-06
   6.59259695E-06
   6.60289788E-06
   6.61320973E-06
   6.62353204E-06
   6.63386481E-06
   6.64420850E-06
   6.65456264E-06
   6.66492770E-06
   6.67530321E-06
   6.68568964E-06
   6.69608698E-06
   6.70649479E-06
   6.71691305E-06
   6.72734268E-06
   6.73778231E-06
   6.74823332E-06
   6.75869433E-06
   6.76916625E-06
   6.77964908E-06
   6.79014238E-06
   6.80064659E-06
   6.81116126E-06
   6.82168638E-06
   6.83222243E-06
   6.84276984E-06
   6.85332770E-06
   6.86389603E-06
   6.87447482E-06
   6.88506498E-06
   6.89566559E-06
   6.90627712E-06
   6.91689866E-06
   6.92753156E-06
   6.93817537E-06
   6.94883011E-06
   6.95949484E-06
   6.97017049E-06
   6.98085751E-06
   6.99155498E-06
   7.00226337E-06
   7.01298268E-06
   7.02371244E-06
   7.03445312E-06
   7.04520471E-06
   7.05596676E-06
   7.06674018E-06
   7.07752406E-06
   7.08831840E-06
   7.09912365E-06
   7.10994027E-06
   7.12076735E-06
   7.13160534E-06
   7.14245425E-06
   7.15331316E-06
   7.16418390E-06
   7.17506509E-06
   7.18595720E-06
   7.19686022E-06
   7.20777416E-06
   7.21869901E-06
   7.22963432E-06
   7.24058054E-06
   7.25153768E-06
   7.26250573E-06
   7.27348470E-06
   7.28447458E-06
   7.29547537E-06
   7.30648662E-06
   7.31750924E-06
   7.32854278E-06
   7.33958723E-06
   7.35064214E-06
   7.36170796E-06
   7.37278469E-06
   7.38387234E-06
   7.39497091E-06
   7.40608084E-06
   7.41720123E-06
   7.42833208E-06
   7.43947430E-06
   7.45062744E-06
   7.46179103E-06
   7.47296599E-06
   7.48415187E-06
   7.49534865E-06
   7.50655636E-06
   7.51777497E-06
   7.52900451E-06
   7.54024541E-06
   7.55149676E-06
   7.56275949E-06
   7.57403313E-06
   7.58531769E-06
   7.59661316E-06
   7.60791954E-06
   7.61923684E-06
   7.63056505E-06
   7.64190372E-06
   7.65325422E-06
   7.66461562E-06
   7.67598794E-06
   7.68737118E-06
   7.69876442E-06
   7.71016948E-06
   7.72158546E-06
   7.73301235E-06
   7.74445016E-06
   7.75589888E-06
   7.76735851E-06
   7.77882997E-06
   7.79031143E-06
   7.80180471E-06
   7.81330891E-06
   7.82482402E-06
   7.83635005E-06
   7.84788699E-06
   7.85943485E-06
   7.87099452E-06
   7.88256511E-06
   7.89414571E-06
   7.90573813E-06
   7.91734146E-06
   7.92895480E-06
   7.94057996E-06
   7.95221604E-06
   7.96386303E-06
   7.97552184E-06
   7.98719066E-06
   7.99887130E-06
   8.01056285E-06
   8.02226532E-06
   8.03397870E-06
   8.04570391E-06
   8.05744003E-06
   8.06918706E-06
   8.08094501E-06
   8.09271387E-06
   8.10449455E-06
   8.11628524E-06
   8.12808776E-06
   8.13990118E-06
   8.15172552E-06
   8.16356078E-06
   8.17540786E-06
   8.18726585E-06
   8.19913475E-06
   8.21101457E-06
   8.22290531E-06
   8.23480786E-06
   8.24672134E-06
   8.25864572E-06
   8.27058102E-06
   8.28252723E-06
   8.29448527E-06
   8.30645422E-06
   8.31843408E-06
   8.33042577E-06
   8.34242837E-06
   8.35444098E-06
   8.36646541E-06
   8.37850166E-06
   8.39054792E-06
   8.40260600E-06
   8.41467499E-06
   8.42675490E-06
   8.43884663E-06
   8.45094928E-06
   8.46306284E-06
   8.47518731E-06
   8.48732361E-06
   8.49947082E-06
   8.51162895E-06
   8.52379890E-06
   8.53597976E-06
   8.54817154E-06
   8.56037423E-06
   8.57258874E-06
   8.58481417E-06
   8.59705051E-06
   8.60929867E-06
   8.62155775E-06
   8.63382775E-06
   8.64610956E-06
   8.65840229E-06
   8.67070685E-06
   8.68302141E-06
   8.69534779E-06
   8.70768508E-06
   8.72003420E-06
   8.73239424E-06
   8.74476518E-06
   8.75714704E-06
   8.76954073E-06
   8.78194624E-06
   8.79436175E-06
   8.80678817E-06
   8.81922642E-06
   8.83167650E-06
   8.84413748E-06
   8.85660938E-06
   8.86909311E-06
   8.88158775E-06
   8.89409421E-06
   8.90661158E-06
   8.91913987E-06
   8.93167908E-06
   8.94423010E-06
   8.95679295E-06
   8.96936672E-06
   8.98195140E-06
   8.99454790E-06
   9.00715531E-06
   9.01977273E-06
   9.03240198E-06
   9.04504304E-06
   9.05769502E-06
   9.07035974E-06
   9.08303355E-06
   9.09571918E-06
   9.10841572E-06
   9.12112409E-06
   9.13384520E-06
   9.14657721E-06
   9.15931923E-06
   9.17207308E-06
   9.18483875E-06
   9.19761533E-06
   9.21040282E-06
   9.22320214E-06
   9.23601237E-06
   9.24883352E-06
   9.26166649E-06
   9.27451129E-06
   9.28736699E-06
   9.30023361E-06
   9.31311206E-06
   9.32600142E-06
   9.33890260E-06
   9.35181561E-06
   9.36473953E-06
   9.37767436E-06
   9.39062102E-06
   9.40357859E-06
   9.41654707E-06
   9.42952647E-06
   9.44251769E-06
   9.45552074E-06
   9.46853561E-06
   9.48156139E-06
   9.49459809E-06
   9.50764570E-06
   9.52070513E-06
   9.53377639E-06
   9.54685947E-06
   9.55995347E-06
   9.57305838E-06
   9.58617511E-06
   9.59930276E-06
   9.61244132E-06
   9.62559261E-06
   9.63875391E-06
   9.65192703E-06
   9.66511197E-06
   9.67830783E-06
   9.69151552E-06
   9.70473411E-06
   9.71796453E-06
   9.73120677E-06
   9.74445902E-06
   9.75772309E-06
   9.77099899E-06
   9.78428579E-06
   9.79758534E-06
   9.81089579E-06
   9.82421716E-06
   9.83754944E-06
   9.85089355E-06
   9.86424948E-06
   9.87761632E-06
   9.89099408E-06
   9.90438366E-06
   9.91778506E-06
   9.93119738E-06
   9.94462152E-06
   9.95805658E-06
   9.97150346E-06
   9.98496216E-06
   9.99843269E-06
   1.00119132E-05
   1.00254065E-05
   1.00389097E-05
   1.00524248E-05
   1.00659518E-05
   1.00794905E-05
   1.00930392E-05
   1.01066007E-05
   1.01201731E-05
   1.01337573E-05
   1.01473524E-05
   1.01609594E-05
   1.01745773E-05
   1.01882069E-05
   1.02018485E-05
   1.02155018E-05
   1.02291660E-05
   1.02428421E-05
   1.02565291E-05
   1.02702270E-05
   1.02839367E-05
   1.02976574E-05
   1.03113907E-05
   1.03251350E-05
   1.03388902E-05
   1.03526572E-05
   1.03664361E-05
   1.03802267E-05
   1.03940283E-05
   1.04078417E-05
   1.04216660E-05
   1.04355022E-05
   1.04493492E-05
   1.04632081E-05
   1.04770788E-05
   1.04909595E-05
   1.05048530E-05
   1.05187573E-05
   1.05326735E-05
   1.05466015E-05
   1.05605423E-05
   1.05744930E-05
   1.05884556E-05
   1.06024299E-05
   1.06164152E-05
   1.06304115E-05
   1.06444195E-05
   1.06584394E-05
   1.06724710E-05
   1.06865136E-05
   1.07005681E-05
   1.07146343E-05
   1.07287115E-05
   1.07428014E-05
   1.07569022E-05
   1.07710139E-05
   1.07851374E-05
   1.07992719E-05
   1.08134182E-05
   1.08275754E-05
   1.08417453E-05
   1.08559270E-05
   1.08701197E-05
   1.08843242E-05
   1.08985396E-05
   1.09127668E-05
   1.09270050E-05
   1.09412558E-05
   1.09555176E-05
   1.09697912E-05
   1.09840757E-05
   1.09983712E-05
   1.10126794E-05
   1.10269993E-05
   1.10413303E-05
   1.10556721E-05
   1.10700266E-05
   1.10843921E-05
   1.10987694E-05
   1.11131576E-05
   1.11275576E-05
   1.11419695E-05
   1.11563932E-05
   1.11708277E-05
   1.11852742E-05
   1.11997324E-05
   1.12142015E-05
   1.12286825E-05
   1.12431753E-05
   1.12576799E-05
   1.12721964E-05
   1.12867237E-05
   1.13012629E-05
   1.13158130E-05
   1.13303749E-05
   1.13449487E-05
   1.13595333E-05
   1.13741298E-05
   1.13887381E-05
   1.14033583E-05
   1.14179902E-05
   1.14326331E-05
   1.14472878E-05
   1.14619543E-05
   1.14766326E-05
   1.14913209E-05
   1.15060220E-05
   1.15207340E-05
   1.15354587E-05
   1.15501944E-05
   1.15649418E-05
   1.15797011E-05
   1.15944713E-05
   1.16092533E-05
   1.16240471E-05
   1.16388528E-05
   1.16536703E-05
   1.16684978E-05
   1.16833380E-05
   1.16981901E-05
   1.17130530E-05
   1.17279278E-05
   1.17428135E-05
   1.17577110E-05
   1.17726204E-05
   1.17875416E-05
   1.18024745E-05
   1.18174194E-05
   1.18323760E-05
   1.18473445E-05
   1.18623229E-05
   1.18773132E-05
   1.18923153E-05
   1.19073293E-05
   1.19223550E-05
   1.19373917E-05
   1.19524411E-05
   1.19675015E-05
   1.19825745E-05
   1.19976576E-05
   1.20127524E-05
   1.20278592E-05
   1.20429777E-05
   1.20581080E-05
   1.20732493E-05
   1.20884042E-05
   1.21035700E-05
   1.21187468E-05
   1.21339353E-05
   1.21491348E-05
   1.21643461E-05
   1.21795692E-05
   1.21948033E-05
   1.22100491E-05
   1.22253077E-05
   1.22405772E-05
   1.22558586E-05
   1.22711517E-05
   1.22864567E-05
   1.23017726E-05
   1.23171012E-05
   1.23324398E-05
   1.23477912E-05
   1.23631544E-05
   1.23785285E-05
   1.23939144E-05
   1.24093121E-05
   1.24247208E-05
   1.24401422E-05
   1.24555745E-05
   1.24710177E-05
   1.24864737E-05
   1.25019415E-05
   1.25174211E-05
   1.25329116E-05
   1.25484139E-05
   1.25639281E-05
   1.25794531E-05
   1.25949909E-05
   1.26105397E-05
   1.26261002E-05
   1.26416735E-05
   1.26572568E-05
   1.26728519E-05
   1.26884588E-05
   1.27040785E-05
   1.27197090E-05
   1.27353514E-05
   1.27510057E-05
   1.27666708E-05
   1.27823487E-05
   1.27980366E-05
   1.28137381E-05
   1.28294505E-05
   1.28451748E-05
   1.28609099E-05
   1.28766569E-05
   1.28924166E-05
   1.29081873E-05
   1.29239688E-05
   1.29397622E-05
   1.29555674E-05
   1.29713835E-05
   1.29872124E-05
   1.30030530E-05
   1.30189055E-05
   1.30347698E-05
   1.30506451E-05
   1.30665321E-05
   1.30824301E-05
   1.30983408E-05
   1.31142624E-05
   1.31301967E-05
   1.31461420E-05
   1.31620991E-05
   1.31780680E-05
   1.31940478E-05
   1.32100395E-05
   1.32260429E-05
   1.32420582E-05
   1.32580853E-05
   1.32741252E-05
   1.32901750E-05
   1.33062367E-05
   1.33223111E-05
   1.33383974E-05
   1.33544936E-05
   1.33706026E-05
   1.33867234E-05
   1.34028551E-05
   1.34189995E-05
   1.34351540E-05
   1.34513220E-05
   1.34675010E-05
   1.34836910E-05
   1.34998927E-05
   1.35161072E-05
   1.35323326E-05
   1.35485689E-05
   1.35648179E-05
   1.35810787E-05
   1.35973505E-05
   1.36136350E-05
   1.36299313E-05
   1.36462386E-05
   1.36625576E-05
   1.36788885E-05
   1.36952312E-05
   1.37115849E-05
   1.37279503E-05
   1.37443276E-05
   1.37607158E-05
   1.37771158E-05
   1.37935285E-05
   1.38099531E-05
   1.38263886E-05
   1.38428368E-05
   1.38592950E-05
   1.38757659E-05
   1.38922487E-05
   1.39087433E-05
   1.39252497E-05
   1.39417671E-05
   1.39582962E-05
   1.39748363E-05
   1.39913882E-05
   1.40079528E-05
   1.40245293E-05
   1.40411175E-05
   1.40577176E-05
   1.40743277E-05
   1.40909506E-05
   1.41075843E-05
   1.41242308E-05
   1.41408891E-05
   1.41575592E-05
   1.41742412E-05
   1.41909350E-05
   1.42076397E-05
   1.42243562E-05
   1.42410836E-05
   1.42578238E-05
   1.42745748E-05
   1.42913377E-05
   1.43081124E-05
   1.43248981E-05
   1.43416974E-05
   1.43585075E-05
   1.43753286E-05
   1.43921616E-05
   1.44090063E-05
   1.44258629E-05
   1.44427304E-05
   1.44596097E-05
   1.44765008E-05
   1.44934047E-05
   1.45103195E-05
   1.45272470E-05
   1.45441845E-05
   1.45611357E-05
   1.45780978E-05
   1.45950708E-05
   1.46120556E-05
   1.46290513E-05
   1.46460598E-05
   1.46630791E-05
   1.46801103E-05
   1.46971543E-05
   1.47142091E-05
   1.47312758E-05
   1.47483543E-05
   1.47654446E-05
   1.47825467E-05
   1.47996607E-05
   1.48167865E-05
   1.48339232E-05
   1.48510717E-05
   1.48682329E-05
   1.48854051E-05
   1.49025882E-05
   1.49197831E-05
   1.49369907E-05
   1.49542102E-05
   1.49714406E-05
   1.49886828E-05
   1.50059368E-05
   1.50232026E-05
   1.50404794E-05
   1.50577680E-05
   1.50750693E-05
   1.50923815E-05
   1.51097056E-05
   1.51270415E-05
   1.51443892E-05
   1.51617487E-05
   1.51791201E-05
   1.51965023E-05
   1.52138973E-05
   1.52313041E-05
   1.52487210E-05
   1.52661505E-05
   1.52835910E-05
   1.53010442E-05
   1.53185083E-05
   1.53359852E-05
   1.53534729E-05
   1.53709716E-05
   1.53884830E-05
   1.54060053E-05
   1.54235386E-05
   1.54410845E-05
   1.54586432E-05
   1.54762129E-05
   1.54937934E-05
   1.55113867E-05
   1.55289908E-05
   1.55466059E-05
   1.55642338E-05
   1.55818725E-05
   1.55995240E-05
   1.56171882E-05
   1.56348615E-05
   1.56525475E-05
   1.56702445E-05
   1.56879541E-05
   1.57056766E-05
   1.57234081E-05
   1.57411523E-05
   1.57589093E-05
   1.57766772E-05
   1.57944578E-05
   1.58122493E-05
   1.58300518E-05
   1.58478651E-05
   1.58656912E-05
   1.58835301E-05
   1.59013798E-05
   1.59192405E-05
   1.59371139E-05
   1.59549982E-05
   1.59728952E-05
   1.59908031E-05
   1.60087238E-05
   1.60266554E-05
   1.60445979E-05
   1.60625532E-05
   1.60805193E-05
   1.60984982E-05
   1.61164880E-05
   1.61344888E-05
   1.61525022E-05
   1.61705266E-05
   1.61885637E-05
   1.62066117E-05
   1.62246706E-05
   1.62427423E-05
   1.62608249E-05
   1.62789183E-05
   1.62970246E-05
   1.63151435E-05
   1.63332734E-05
   1.63514142E-05
   1.63695677E-05
   1.63877321E-05
   1.64059093E-05
   1.64240973E-05
   1.64422963E-05
   1.64605080E-05
   1.64787307E-05
   1.64969661E-05
   1.65152123E-05
   1.65334695E-05
   1.65517395E-05
   1.65700221E-05
   1.65883157E-05
   1.66066202E-05
   1.66249356E-05
   1.66432637E-05
   1.66616028E-05
   1.66799546E-05
   1.66983173E-05
   1.67166909E-05
   1.67350772E-05
   1.67534745E-05
   1.67718845E-05
   1.67903054E-05
   1.68087372E-05
   1.68271818E-05
   1.68456372E-05
   1.68641054E-05
   1.68825845E-05
   1.69010764E-05
   1.69195791E-05
   1.69380928E-05
   1.69566174E-05
   1.69751547E-05
   1.69937048E-05
   1.70122657E-05
   1.70308376E-05
   1.70494204E-05
   1.70680159E-05
   1.70866242E-05
   1.71052434E-05
   1.71238735E-05
   1.71425163E-05
   1.71611700E-05
   1.71798347E-05
   1.71985121E-05
   1.72172004E-05
   1.72358996E-05
   1.72546115E-05
   1.72733362E-05
   1.72920718E-05
   1.73108183E-05
   1.73295757E-05
   1.73483459E-05
   1.73671287E-05
   1.73859207E-05
   1.74047254E-05
   1.74235429E-05
   1.74423712E-05
   1.74612123E-05
   1.74800643E-05
   1.74989254E-05
   1.75178011E-05
   1.75366877E-05
   1.75555851E-05
   1.75744935E-05
   1.75934128E-05
   1.76123467E-05
   1.76312915E-05
   1.76502472E-05
   1.76692138E-05
   1.76881931E-05
   1.77071834E-05
   1.77261863E-05
   1.77452002E-05
   1.77642250E-05
   1.77832626E-05
   1.78023129E-05
   1.78213722E-05
   1.78404462E-05
   1.78595292E-05
   1.78786249E-05
   1.78977298E-05
   1.79168492E-05
   1.79359795E-05
   1.79551207E-05
   1.79742729E-05
   1.79934377E-05
   1.80126135E-05
   1.80318020E-05
   1.80510015E-05
   1.80702118E-05
   1.80894349E-05
   1.81086689E-05
   1.81279138E-05
   1.81471696E-05
   1.81664382E-05
   1.81857195E-05
   1.82050098E-05
   1.82243130E-05
   1.82436288E-05
   1.82629556E-05
   1.82822932E-05
   1.83016418E-05
   1.83210032E-05
   1.83403754E-05
   1.83597585E-05
   1.83791544E-05
   1.83985630E-05
   1.84179826E-05
   1.84374130E-05
   1.84568544E-05
   1.84763066E-05
   1.84957717E-05
   1.85152494E-05
   1.85347399E-05
   1.85542394E-05
   1.85737536E-05
   1.85932768E-05
   1.86128109E-05
   1.86323578E-05
   1.86519155E-05
   1.86714842E-05
   1.86910656E-05
   1.87106580E-05
   1.87302630E-05
   1.87498790E-05
   1.87695059E-05
   1.87891455E-05
   1.88087943E-05
   1.88284557E-05
   1.88481299E-05
   1.88678168E-05
   1.88875129E-05
   1.89072198E-05
   1.89269376E-05
   1.89466682E-05
   1.89664097E-05
   1.89861639E-05
   1.90059309E-05
   1.90257088E-05
   1.90454975E-05
   1.90652972E-05
   1.90851097E-05
   1.91049330E-05
   1.91247673E-05
   1.91446143E-05
   1.91644722E-05
   1.91843428E-05
   1.92042226E-05
   1.92241150E-05
   1.92440202E-05
   1.92639345E-05
   1.92838615E-05
   1.93037995E-05
   1.93237502E-05
   1.93437118E-05
   1.93636843E-05
   1.93836677E-05
   1.94036638E-05
   1.94236691E-05
   1.94436889E-05
   1.94637196E-05
   1.94837630E-05
   1.95038156E-05
   1.95238808E-05
   1.95439588E-05
   1.95640459E-05
   1.95841458E-05
   1.96042565E-05
   1.96243782E-05
   1.96445126E-05
   1.96646561E-05
   1.96848123E-05
   1.97049812E-05
   1.97251611E-05
   1.97453519E-05
   1.97655536E-05
   1.97857680E-05
   1.98059952E-05
   1.98262333E-05
   1.98464822E-05
   1.98667422E-05
   1.98870148E-05
   1.99072983E-05
   1.99275928E-05
   1.99478982E-05
   1.99682145E-05
   1.99885435E-05
   2.00088834E-05
   2.00292361E-05
   2.00495997E-05
   2.00699742E-05
   2.00903596E-05
   2.01107559E-05
   2.01311668E-05
   2.01515886E-05
   2.01720213E-05
   2.01924649E-05
   2.02129195E-05
   2.02333849E-05
   2.02538631E-05
   2.02743522E-05
   2.02948540E-05
   2.03153668E-05
   2.03358923E-05
   2.03564268E-05
   2.03769723E-05
   2.03975287E-05
   2.04180978E-05
   2.04386779E-05
