   0.00000000    
   1.67829608E-08
   2.51367396E-07
   1.83910140E-06
   8.80590687E-06
   3.12279881E-05
   8.80998050E-05
   2.07563120E-04
   4.23422083E-04
   7.69361039E-04
   1.27355347E-03
   1.95549754E-03
   2.82527274E-03
   3.88443982E-03
   5.12771122E-03
   6.54478092E-03
   8.12200736E-03
   9.84378997E-03
   1.16936415E-02
   1.36549855E-02
   1.57116763E-02
   1.78483948E-02
   2.00508311E-02
   2.23058332E-02
   2.46014204E-02
   2.69268006E-02
   2.92722955E-02
   3.16293277E-02
   3.39903086E-02
   3.63485552E-02
   3.86982486E-02
   4.10343036E-02
   4.33523580E-02
   4.56486307E-02
   4.79199067E-02
   5.01634479E-02
   5.23769781E-02
   5.45585901E-02
   5.67067042E-02
   5.88200614E-02
   6.08976670E-02
   6.29387572E-02
   6.49427548E-02
   6.69092834E-02
   6.88381121E-02
   7.07291439E-02
   7.25824386E-02
   7.43980706E-02
   7.61763006E-02
   7.79174119E-02
   7.96217322E-02
   8.12897012E-02
   8.29217806E-02
   8.45184624E-02
   8.60802680E-02
   8.76077637E-02
   8.91015306E-02
   9.05621573E-02
   9.19902474E-02
   9.33864415E-02
   9.47513357E-02
   9.60855857E-02
   9.73897949E-02
   9.86646190E-02
   9.99106690E-02
  0.101128571    
  0.102318950    
  0.103482425    
  0.104619563    
  0.105730981    
  0.106817313    
  0.107879065    
  0.108916871    
  0.109931223    
  0.110922746    
  0.111891910    
  0.112839289    
  0.113765404    
  0.114670739    
  0.115555771    
  0.116421029    
  0.117266938    
  0.118094042    
  0.118902706    
  0.119693421    
  0.120466612    
  0.121222667    
  0.121962063    
  0.122685127    
  0.123392329    
  0.124083973    
  0.124760501    
  0.125422224    
  0.126069516    
  0.126702711    
  0.127322182    
  0.127928197    
  0.128521129    
  0.129101291    
  0.129668936    
  0.130224392    
  0.130767971    
  0.131299898    
  0.131820530    
  0.132330030    
  0.132828757    
  0.133316904    
  0.133794755    
  0.134262502    
  0.134720400    
  0.135168701    
  0.135607630    
  0.136037365    
  0.136458144    
  0.136870161    
  0.137273639    
  0.137668759    
  0.138055712    
  0.138434708    
  0.138805896    
  0.139169469    
  0.139525592    
  0.139874443    
  0.140216172    
  0.140550941    
  0.140878916    
  0.141200274    
  0.141515121    
  0.141823620    
  0.142125919    
  0.142422125    
  0.142712399    
  0.142996892    
  0.143275678    
  0.143548921    
  0.143816739    
  0.144079238    
  0.144336566    
  0.144588768    
  0.144836023    
  0.145078406    
  0.145316064    
  0.145549029    
  0.145777434    
  0.146001399    
  0.146220997    
  0.146436334    
  0.146647498    
  0.146854535    
  0.147057623    
  0.147256747    
  0.147452056    
  0.147643626    
  0.147831500    
  0.148015797    
  0.148196548    
  0.148373857    
  0.148547813    
  0.148718432    
  0.148885831    
  0.149050042    
  0.149211168    
  0.149369225    
  0.149524331    
  0.149676502    
  0.149825841    
  0.149972349    
  0.150116146    
  0.150257230    
  0.150395721    
  0.150531605    
  0.150664970    
  0.150795832    
  0.150924325    
  0.151050404    
  0.151174158    
  0.151295647    
  0.151414886    
  0.151531935    
  0.151646838    
  0.151759654    
  0.151870355    
  0.151979089    
  0.152085796    
  0.152190626    
  0.152293488    
  0.152394518    
  0.152493715    
  0.152591124    
  0.152686745    
  0.152780637    
  0.152872875    
  0.152963430    
  0.153052360    
  0.153139696    
  0.153225482    
  0.153309703    
  0.153392449    
  0.153473720    
  0.153553516    
  0.153631926    
  0.153708920    
  0.153784543    
  0.153858840    
  0.153931826    
  0.154003531    
  0.154073939    
  0.154143155    
  0.154211119    
  0.154277891    
  0.154343516    
  0.154407948    
  0.154471293    
  0.154533505    
  0.154594630    
  0.154654697    
  0.154713735    
  0.154771715    
  0.154828727    
  0.154884726    
  0.154939741    
  0.154993847    
  0.155046985    
  0.155099213    
  0.155150518    
  0.155201003    
  0.155250534    
  0.155299291    
  0.155347168    
  0.155394241    
  0.155440509    
  0.155485973    
  0.155530676    
  0.155574620    
  0.155617788    
  0.155660257    
  0.155701980    
  0.155742988    
  0.155783325    
  0.155822963    
  0.155861959    
  0.155900270    
  0.155937925    
  0.155974954    
  0.156011358    
  0.156047150    
  0.156082347    
  0.156116933    
  0.156150967    
  0.156184435    
  0.156217307    
  0.156249657    
  0.156281441    
  0.156312749    
  0.156343475    
  0.156373695    
  0.156403437    
  0.156432673    
  0.156461418    
  0.156489700    
  0.156517491    
  0.156544864    
  0.156571761    
  0.156598195    
  0.156624213    
  0.156649798    
  0.156674966    
  0.156699732    
  0.156724051    
  0.156748012    
  0.156771570    
  0.156794727    
  0.156817526    
  0.156839922    
  0.156861976    
  0.156883657    
  0.156904995    
  0.156925976    
  0.156946614    
  0.156966910    
  0.156986892    
  0.157006547    
  0.157025874    
  0.157044902    
  0.157063618    
  0.157082021    
  0.157100126    
  0.157117933    
  0.157135457    
  0.157152727    
  0.157169670    
  0.157186359    
  0.157202795    
  0.157218948    
  0.157234848    
  0.157250509    
  0.157265902    
  0.157281056    
  0.157295942    
  0.157310605    
  0.157325044    
  0.157339245    
  0.157353222    
  0.157366961    
  0.157380506    
  0.157393828    
  0.157406926    
  0.157419831    
  0.157432526    
  0.157444999    
  0.157457292    
  0.157469407    
  0.157481298    
  0.157493025    
  0.157504559    
  0.157515913    
  0.157527089    
  0.157538071    
  0.157548904    
  0.157559559    
  0.157570049    
  0.157580376    
  0.157590538    
  0.157600522    
  0.157610372    
  0.157620043    
  0.157629579    
  0.157638952    
  0.157648221    
  0.157657310    
  0.157666251    
  0.157675102    
  0.157683745    
  0.157692298    
  0.157700688    
  0.157708973    
  0.157717109    
  0.157725140    
  0.157733038    
  0.157740802    
  0.157748461    
  0.157755986    
  0.157763407    
  0.157770693    
  0.157777891    
  0.157784969    
  0.157791927    
  0.157798782    
  0.157805562    
  0.157812193    
  0.157818750    
  0.157825172    
  0.157831520    
  0.157837793    
  0.157843918    
  0.157849967    
  0.157855958    
  0.157861814    
  0.157867625    
  0.157873303    
  0.157878920    
  0.157884449    
  0.157889888    
  0.157895237    
  0.157900527    
  0.157905698    
  0.157910824    
  0.157915831    
  0.157920808    
  0.157925680    
  0.157930493    
  0.157935217    
  0.157939896    
  0.157944500    
  0.157949030    
  0.157953471    
  0.157957867    
  0.157962203    
  0.157966435    
  0.157970637    
  0.157974765    
  0.157978833    
  0.157982826    
  0.157986775    
  0.157990664    
  0.157994479    
  0.157998294    
  0.158001989    
  0.158005640    
  0.158009246    
  0.158012778    
  0.158016294    
  0.158019722    
  0.158023119    
  0.158026472    
  0.158029735    
  0.158033013    
  0.158036172    
  0.158039331    
  0.158042431    
  0.158045486    
  0.158048496    
  0.158051431    
  0.158054367    
  0.158057228    
  0.158060059    
  0.158062845    
  0.158065602    
  0.158068284    
  0.158070967    
  0.158073589    
  0.158076182    
  0.158078715    
  0.158081234    
  0.158083707    
  0.158086151    
  0.158088535    
  0.158090904    
  0.158093244    
  0.158095539    
  0.158097789    
  0.158100039    
  0.158102229    
  0.158104390    
  0.158106506    
  0.158108607    
  0.158110678    
  0.158112720    
  0.158114731    
  0.158116698    
  0.158118665    
  0.158120558    
  0.158122480    
  0.158124328    
  0.158126175    
  0.158127978    
  0.158129767    
  0.158131525    
  0.158133253    
  0.158134952    
  0.158136636    
  0.158138305    
  0.158139914    
  0.158141539    
  0.158143118    
  0.158144668    
  0.158146217    
  0.158147752    
  0.158149227    
  0.158150703    
  0.158152148    
  0.158153579    
  0.158154994    
  0.158156380    
  0.158157766    
  0.158159107    
  0.158160418    
  0.158161759    
  0.158163041    
  0.158164307    
  0.158165559    
  0.158166781    
  0.158168003    
  0.158169210    
  0.158170372    
  0.158171549    
  0.158172682    
  0.158173814    
  0.158174932    
  0.158176050    
  0.158177122    
  0.158178180    
  0.158179224    
  0.158180282    
  0.158181310    
  0.158182323    
  0.158183321    
  0.158184290    
  0.158185273    
  0.158186212    
  0.158187151    
  0.158188075    
  0.158189014    
  0.158189878    
  0.158190787    
  0.158191651    
  0.158192530    
  0.158193365    
  0.158194199    
  0.158195034    
  0.158195853    
  0.158196643    
  0.158197418    
  0.158198208    
  0.158198968    
  0.158199742    
  0.158200473    
  0.158201218    
  0.158201918    
  0.158202648    
  0.158203349    
  0.158204034    
  0.158204719    
  0.158205405    
  0.158206046    
  0.158206701    
  0.158207342    
  0.158207983    
  0.158208624    
  0.158209234    
  0.158209831    
  0.158210441    
  0.158211023    
  0.158211619    
  0.158212170    
  0.158212751    
  0.158213317    
  0.158213884    
  0.158214420    
  0.158214971    
  0.158215478    
  0.158216015    
  0.158216521    
  0.158217043    
  0.158217534    
  0.158218026    
  0.158218518    
  0.158218995    
  0.158219472    
  0.158219948    
  0.158220410    
  0.158220842    
  0.158221290    
  0.158221737    
  0.158222169    
  0.158222601    
  0.158223003    
  0.158223435    
  0.158223853    
  0.158224240    
  0.158224642    
  0.158225030    
  0.158225417    
  0.158225790    
  0.158226177    
  0.158226550    
  0.158226922    
  0.158227280    
  0.158227623    
  0.158227980    
  0.158228323    
  0.158228666    
  0.158229008    
  0.158229351    
  0.158229664    
  0.158229992    
  0.158230290    
  0.158230633    
  0.158230931    
  0.158231243    
  0.158231542    
  0.158231854    
  0.158232138    
  0.158232436    
  0.158232719    
  0.158233002    
  0.158233270    
  0.158233538    
  0.158233836    
  0.158234075    
  0.158234358    
  0.158234596    
  0.158234850    
  0.158235103    
  0.158235356    
  0.158235595    
  0.158235833    
  0.158236086    
  0.158236310    
  0.158236548    
  0.158236772    
  0.158236995    
  0.158237189    
  0.158237413    
  0.158237636    
  0.158237860    
  0.158238068    
  0.158238262    
  0.158238471    
  0.158238679    
  0.158238888    
  0.158239067    
  0.158239260    
  0.158239454    
  0.158239648    
  0.158239827    
  0.158240020    
  0.158240184    
  0.158240363    
  0.158240542    
  0.158240706    
  0.158240899    
  0.158241063    
  0.158241227    
  0.158241406    
  0.158241555    
  0.158241704    
  0.158241868    
  0.158242032    
  0.158242181    
  0.158242315    
  0.158242479    
  0.158242613    
  0.158242777    
  0.158242911    
  0.158243060    
  0.158243194    
  0.158243328    
  0.158243477    
  0.158243611    
  0.158243746    
  0.158243865    
  0.158244014    
  0.158244103    
  0.158244237    
  0.158244371    
  0.158244506    
  0.158244610    
  0.158244729    
  0.158244848    
  0.158244967    
  0.158245072    
  0.158245191    
  0.158245295    
  0.158245414    
  0.158245519    
  0.158245623    
  0.158245727    
  0.158245847    
  0.158245936    
  0.158246040    
  0.158246130    
  0.158246219    
  0.158246309    
  0.158246413    
  0.158246517    
  0.158246592    
  0.158246696    
  0.158246785    
  0.158246860    
  0.158246979    
  0.158247054    
  0.158247143    
  0.158247218    
  0.158247307    
  0.158247381    
  0.158247471    
  0.158247545    
  0.158247635    
  0.158247694    
  0.158247784    
  0.158247858    
  0.158247918    
  0.158248007    
  0.158248067    
  0.158248156    
  0.158248216    
  0.158248290    
  0.158248350    
  0.158248410    
  0.158248484    
  0.158248529    
  0.158248618    
  0.158248663    
  0.158248723    
  0.158248797    
  0.158248857    
  0.158248916    
  0.158248976    
  0.158249050    
  0.158249095    
  0.158249155    
  0.158249199    
  0.158249259    
  0.158249319    
  0.158249378    
  0.158249423    
  0.158249468    
  0.158249512    
  0.158249572    
  0.158249632    
  0.158249676    
  0.158249721    
  0.158249781    
  0.158249810    
  0.158249870    
  0.158249900    
  0.158249959    
  0.158250004    
  0.158250034    
  0.158250093    
  0.158250138    
  0.158250183    
  0.158250228    
  0.158250272    
  0.158250317    
  0.158250362    
  0.158250406    
  0.158250436    
  0.158250481    
  0.158250511    
  0.158250555    
  0.158250585    
  0.158250630    
  0.158250645    
  0.158250719    
  0.158250719    
  0.158250764    
  0.158250794    
  0.158250824    
  0.158250853    
  0.158250898    
  0.158250913    
  0.158250958    
  0.158250988    
  0.158251032    
  0.158251062    
  0.158251092    
  0.158251122    
  0.158251166    
  0.158251196    
  0.158251226    
  0.158251241    
  0.158251271    
  0.158251286    
  0.158251330    
  0.158251345    
  0.158251360    
  0.158251405    
  0.158251435    
  0.158251464    
  0.158251494    
  0.158251509    
  0.158251539    
  0.158251569    
  0.158251584    
  0.158251628    
  0.158251643    
  0.158251688    
  0.158251688    
  0.158251718    
  0.158251733    
  0.158251762    
  0.158251792    
  0.158251792    
  0.158251822    
  0.158251837    
  0.158251867    
  0.158251897    
  0.158251897    
  0.158251926    
  0.158251956    
  0.158251956    
  0.158252001    
  0.158252001    
  0.158252031    
  0.158252046    
  0.158252060    
  0.158252075    
  0.158252090    
  0.158252105    
  0.158252135    
  0.158252150    
  0.158252165    
  0.158252180    
  0.158252209    
  0.158252224    
  0.158252254    
  0.158252269    
  0.158252284    
  0.158252299    
  0.158252314    
  0.158252329    
  0.158252344    
  0.158252358    
  0.158252373    
  0.158252388    
  0.158252403    
  0.158252418    
  0.158252433    
  0.158252448    
  0.158252478    
  0.158252478    
  0.158252493    
  0.158252507    
  0.158252522    
  0.158252522    
  0.158252537    
  0.158252552    
  0.158252567    
  0.158252567    
  0.158252582    
  0.158252582    
  0.158252597    
  0.158252627    
  0.158252627    
  0.158252627    
  0.158252627    
  0.158252642    
  0.158252656    
  0.158252671    
  0.158252701    
  0.158252701    
  0.158252716    
  0.158252731    
  0.158252731    
  0.158252746    
  0.158252746    
  0.158252761    
  0.158252776    
  0.158252791    
  0.158252805    
  0.158252791    
  0.158252820    
  0.158252820    
  0.158252820    
  0.158252835    
  0.158252835    
  0.158252850    
  0.158252850    
  0.158252865    
  0.158252850    
  0.158252880    
  0.158252880    
  0.158252880    
  0.158252880    
  0.158252880    
  0.158252895    
  0.158252895    
  0.158252910    
  0.158252910    
  0.158252910    
  0.158252910    
  0.158252940    
  0.158252940    
  0.158252940    
  0.158252940    
  0.158252954    
  0.158252954    
  0.158252954    
  0.158252969    
  0.158252969    
  0.158252984    
  0.158252984    
  0.158252984    
  0.158252999    
  0.158252999    
  0.158253014    
  0.158253014    
  0.158253014    
  0.158253029    
  0.158253014    
  0.158253029    
  0.158253029    
  0.158253044    
  0.158253044    
  0.158253059    
  0.158253059    
  0.158253059    
  0.158253074    
  0.158253074    
  0.158253089    
  0.158253089    
  0.158253103    
  0.158253118    
  0.158253103    
  0.158253118    
  0.158253133    
  0.158253133    
  0.158253133    
  0.158253148    
  0.158253148    
  0.158253148    
  0.158253148    
  0.158253148    
  0.158253148    
  0.158253148    
  0.158253163    
  0.158253163    
  0.158253178    
  0.158253178    
  0.158253193    
  0.158253178    
  0.158253178    
  0.158253193    
  0.158253193    
  0.158253193    
  0.158253208    
  0.158253193    
  0.158253208    
