   0.00000000    
   0.00000000    
   0.00000000    
   0.00000000    
   0.00000000    
   0.00000000    
   0.00000000    
   0.00000000    
   0.00000000    
   0.00000000    
   0.00000000    
   0.00000000    
   0.00000000    
   0.00000000    
   0.00000000    
   0.00000000    
   0.00000000    
   0.00000000    
   0.00000000    
   0.00000000    
   0.00000000    
   0.00000000    
   0.00000000    
   0.00000000    
   0.00000000    
   0.00000000    
   0.00000000    
   0.00000000    
   0.00000000    
   0.00000000    
   0.00000000    
   0.00000000    
   0.00000000    
   0.00000000    
   0.00000000    
   0.00000000    
   0.00000000    
   0.00000000    
   0.00000000    
   0.00000000    
   0.00000000    
   0.00000000    
   0.00000000    
   0.00000000    
   0.00000000    
   0.00000000    
   0.00000000    
   0.00000000    
   0.00000000    
   0.00000000    
   0.00000000    
   0.00000000    
   0.00000000    
   0.00000000    
   0.00000000    
   0.00000000    
   0.00000000    
   0.00000000    
   0.00000000    
   0.00000000    
   0.00000000    
   0.00000000    
   0.00000000    
   0.00000000    
   0.00000000    
   0.00000000    
   0.00000000    
   0.00000000    
   0.00000000    
   0.00000000    
   0.00000000    
   0.00000000    
   0.00000000    
   0.00000000    
   0.00000000    
   0.00000000    
   0.00000000    
   0.00000000    
   0.00000000    
   0.00000000    
   0.00000000    
   0.00000000    
   0.00000000    
   0.00000000    
   0.00000000    
   0.00000000    
   0.00000000    
   0.00000000    
   0.00000000    
   0.00000000    
   0.00000000    
   0.00000000    
   0.00000000    
   0.00000000    
   0.00000000    
   0.00000000    
   0.00000000    
   0.00000000    
   0.00000000    
   0.00000000    
   0.00000000    
   0.00000000    
   0.00000000    
   0.00000000    
   0.00000000    
   0.00000000    
   0.00000000    
   0.00000000    
   0.00000000    
   0.00000000    
   0.00000000    
   0.00000000    
   0.00000000    
   0.00000000    
   0.00000000    
   0.00000000    
   0.00000000    
   0.00000000    
   0.00000000    
   0.00000000    
   0.00000000    
   0.00000000    
   0.00000000    
   0.00000000    
   0.00000000    
   0.00000000    
   0.00000000    
   0.00000000    
   0.00000000    
   0.00000000    
   0.00000000    
   0.00000000    
   0.00000000    
   0.00000000    
   0.00000000    
   0.00000000    
   0.00000000    
   0.00000000    
   0.00000000    
   0.00000000    
   0.00000000    
   0.00000000    
   0.00000000    
   0.00000000    
   0.00000000    
   0.00000000    
   0.00000000    
   0.00000000    
   0.00000000    
   0.00000000    
   0.00000000    
   0.00000000    
   0.00000000    
   0.00000000    
   0.00000000    
   0.00000000    
   0.00000000    
   0.00000000    
   0.00000000    
   0.00000000    
   0.00000000    
   0.00000000    
   0.00000000    
   0.00000000    
   0.00000000    
   0.00000000    
   0.00000000    
   0.00000000    
   0.00000000    
   0.00000000    
   0.00000000    
   0.00000000    
   0.00000000    
   0.00000000    
   0.00000000    
   0.00000000    
   0.00000000    
   0.00000000    
   0.00000000    
   0.00000000    
   0.00000000    
   0.00000000    
   0.00000000    
   0.00000000    
   0.00000000    
   1.40129846E-45
   2.80259693E-45
   4.20389539E-45
   5.60519386E-45
   8.40779079E-45
   1.26116862E-44
   1.96181785E-44
   2.94272678E-44
   4.34402524E-44
   6.44597294E-44
   9.24856986E-44
   1.28919459E-43
   1.83570099E-43
   2.57838917E-43
   3.60133705E-43
   5.01664850E-43
   6.95044038E-43
   9.64093343E-43
   1.32983224E-42
   1.83149709E-42
   2.51533074E-42
   3.44299033E-42
   4.70415894E-42
   6.40813788E-42
   8.70766866E-42
   1.18073409E-41
   1.59705986E-41
   2.15547730E-41
   2.90222925E-41
   3.89883272E-41
   5.22600249E-41
   6.98995700E-41
   9.32928466E-41
   1.24253135E-40
   1.65138820E-40
   2.19027154E-40
   2.89910435E-40
   3.82959456E-40
   5.04869620E-40
   6.64281333E-40
   8.72332116E-40
   1.14334884E-39
   1.49572496E-39
   1.95304292E-39
   2.54546567E-39
   3.31152751E-39
   4.30035798E-39
   5.57448020E-39
   7.21334780E-39
   9.31774496E-39
   1.20153076E-38
   1.54674049E-38
   1.98777382E-38
   2.55030183E-38
   3.26662598E-38
   4.17732621E-38
   5.33330384E-38
   6.79830870E-38
   8.65206345E-38
   1.09941124E-37
   1.39485686E-37
   1.76699521E-37
   2.23503563E-37
   2.82282450E-37
   3.55992252E-37
   4.48292284E-37
   5.63706006E-37
   7.07817602E-37
   8.87511149E-37
   1.11126197E-36
   1.38949043E-36
   1.73499153E-36
   2.16345506E-36
   2.69409688E-36
   3.35042006E-36
   4.16113557E-36
   5.16127255E-36
   6.39351550E-36
   7.90981424E-36
   9.77331574E-36
   1.20606883E-35
   1.48649067E-35
   1.82985842E-35
   2.24979603E-35
   2.76276759E-35
   3.38864543E-35
   4.15139031E-35
   5.07985751E-35
   6.20875970E-35
   7.57981200E-35
   9.24308312E-35
   1.12586128E-34
   1.36983135E-34
   1.66482292E-34
   2.02112042E-34
   2.45100353E-34
   2.96911942E-34
   3.59292121E-34
   4.34318393E-34
   5.24461361E-34
   6.32655973E-34
   7.62385642E-34
   9.17780347E-34
   1.10373235E-33
   1.32603100E-33
   1.59152072E-33
   1.90828633E-33
   2.28586797E-33
   2.73551329E-33
   3.27047104E-33
   3.90633266E-33
   4.66142983E-33
   5.55729721E-33
   6.61921089E-33
   7.87680912E-33
   9.36481819E-33
   1.11238911E-32
   1.32015759E-32
   1.56534397E-32
   1.85443682E-32
   2.19500604E-32
   2.59587650E-32
   3.06732702E-32
   3.62132076E-32
   4.27176939E-32
   5.03483920E-32
   5.92929930E-32
   6.97692455E-32
   8.20295869E-32
   9.63664274E-32
   1.13118221E-31
   1.32676425E-31
   1.55493488E-31
   1.82091892E-31
   2.13074596E-31
   2.49136929E-31
   2.91080166E-31
   3.39826953E-31
   3.96438949E-31
   4.62136905E-31
   5.38323656E-31
   6.26609771E-31
   7.28843549E-31
   8.47144266E-31
   9.83940305E-31
   1.14201260E-30
   1.32454327E-30
   1.53517155E-30
   1.77805633E-30
   2.05794699E-30
   2.38026491E-30
   2.75119281E-30
   3.17777877E-30
   3.66805132E-30
   4.23115035E-30
   4.87747401E-30
   5.61884532E-30
   6.46869839E-30
   7.44228833E-30
   8.55693006E-30
   9.83226056E-30
   1.12905416E-29
   1.29569901E-29
   1.48601580E-29
   1.70323512E-29
   1.95101097E-29
   2.23347237E-29
   2.55528383E-29
   2.92171126E-29
   3.33869616E-29
   3.81293865E-29
   4.35198959E-29
   4.96435527E-29
   5.65961116E-29
   6.44853225E-29
   7.34323444E-29
   8.35733707E-29
   9.50613983E-29
   1.08068202E-28
   1.22786544E-28
   1.39432634E-28
   1.58248861E-28
   1.79506770E-28
   2.03510489E-28
   2.30600403E-28
   2.61157400E-28
   2.95607256E-28
   3.34425890E-28
   3.78144982E-28
   4.27358125E-28
   4.82727696E-28
   5.44992626E-28
   6.14976779E-28
   6.93598199E-28
   7.81879409E-28
   8.80958971E-28
   9.92103618E-28
   1.11672246E-27
   1.25638233E-27
   1.41282407E-27
   1.58798143E-27
   1.78400143E-27
   2.00326682E-27
   2.24842056E-27
   2.52239314E-27
   2.82843246E-27
   3.17013654E-27
   3.55148916E-27
   3.97690051E-27
   4.45124896E-27
   4.97993060E-27
   5.56890925E-27
   6.22477583E-27
   6.95480882E-27
   7.76704512E-27
   8.67035403E-27
   9.67451850E-27
   1.07903268E-26
   1.20296712E-26
   1.34056542E-26
   1.49327040E-26
   1.66267073E-26
   1.85051484E-26
   2.05872559E-26
   2.28941794E-26
   2.54491659E-26
   2.82777545E-26
   3.14080008E-26
   3.48707088E-26
   3.86996825E-26
   4.29320106E-26
   4.76083688E-26
   5.27733524E-26
   5.84758245E-26
   6.47693322E-26
   7.17124914E-26
   7.93694774E-26
   8.78105356E-26
   9.71124875E-26
   1.07359347E-25
   1.18642930E-25
   1.31063619E-25
   1.44731028E-25
   1.59764868E-25
   1.76295831E-25
   1.94466502E-25
   2.14432461E-25
   2.36363336E-25
   2.60444055E-25
   2.86876171E-25
   3.15879234E-25
   3.47692367E-25
   3.82575845E-25
   4.20813018E-25
   4.62712083E-25
   5.08608306E-25
   5.58866191E-25
   6.13881942E-25
   6.74086032E-25
   7.39946106E-25
   8.11969994E-25
   8.90708962E-25
   9.76761163E-25
   1.07077573E-24
   1.17345653E-24
   1.28556678E-24
   1.40793360E-24
   1.54145354E-24
   1.68709757E-24
   1.84591716E-24
   2.01905083E-24
   2.20773078E-24
   2.41328979E-24
   2.63716970E-24
   2.88092989E-24
   3.14625596E-24
   3.43496938E-24
   3.74903858E-24
   4.09058892E-24
   4.46191600E-24
   4.86549724E-24
   5.30400766E-24
   5.78033174E-24
   6.29758192E-24
   6.85911244E-24
   7.46854141E-24
   8.12976778E-24
   8.84699222E-24
   9.62473808E-24
   1.04678773E-23
   1.13816560E-23
   1.23717182E-23
   1.34441383E-23
   1.46054504E-23
   1.58626817E-23
   1.72233879E-23
   1.86956879E-23
   2.02883113E-23
   2.20106329E-23
   2.38727201E-23
   2.58853883E-23
   2.80602431E-23
   3.04097454E-23
   3.29472616E-23
   3.56871333E-23
   3.86447370E-23
   4.18365628E-23
   4.52802846E-23
   4.89948476E-23
   5.30005476E-23
   5.73191256E-23
   6.19738530E-23
   6.69896642E-23
   7.23932415E-23
   7.82131354E-23
   8.44799095E-23
   9.12262290E-23
   9.84870373E-23
   1.06299701E-22
   1.14704150E-22
   1.23743082E-22
   1.33462101E-22
   1.43909913E-22
   1.55138534E-22
   1.67203512E-22
   1.80164156E-22
   1.94083751E-22
   2.09029826E-22
   2.25074411E-22
   2.42294323E-22
   2.60771490E-22
   2.80593255E-22
   3.01852716E-22
   3.24649104E-22
   3.49088040E-22
   3.75282186E-22
   4.03351397E-22
   4.33423355E-22
   4.65633921E-22
   5.00127767E-22
   5.37058776E-22
   5.76590729E-22
   6.18897807E-22
   6.64165195E-22
   7.12589794E-22
   7.64380923E-22
   8.19761029E-22
   8.78966542E-22
   9.42248585E-22
   1.00987403E-21
   1.08212602E-21
   1.15930534E-21
   1.24173139E-21
   1.32974292E-21
   1.42369961E-21
   1.52398294E-21
   1.63099771E-21
   1.74517297E-21
   1.86696381E-21
   1.99685257E-21
   2.13535060E-21
   2.28299991E-21
   2.44037466E-21
   2.60808290E-21
   2.78676926E-21
   2.97711572E-21
   3.17984444E-21
   3.39572020E-21
   3.62555242E-21
   3.87019714E-21
   4.13056032E-21
   4.40760079E-21
   4.70233235E-21
   5.01582613E-21
   5.34921587E-21
   5.70369992E-21
   6.08054369E-21
   6.48108531E-21
   6.90673839E-21
   7.35899697E-21
   7.83943704E-21
   8.34972428E-21
   8.89161724E-21
   9.46697225E-21
   1.00777490E-20
   1.07260147E-20
   1.14139502E-20
   1.21438563E-20
   1.29181612E-20
   1.37394264E-20
   1.46103490E-20
   1.55337750E-20
   1.65127028E-20
   1.75502959E-20
   1.86498839E-20
   1.98149759E-20
   2.10492699E-20
   2.23566595E-20
   2.37412452E-20
   2.52073453E-20
   2.67595045E-20
   2.84025065E-20
   3.01413888E-20
   3.19814424E-20
   3.39282475E-20
   3.59876687E-20
   3.81658744E-20
   4.04693494E-20
   4.29049116E-20
   4.54797278E-20
   4.82013394E-20
   5.10776661E-20
   5.41170282E-20
   5.73281724E-20
   6.07202850E-20
   6.43030175E-20
   6.80865093E-20
   7.20813975E-20
   7.62988554E-20
   8.07506122E-20
   8.54489787E-20
   9.04068731E-20
   9.56378599E-20
   1.01156163E-19
   1.06976703E-19
   1.13115139E-19
   1.19587866E-19
   1.26412119E-19
   1.33605928E-19
   1.41188228E-19
   1.49178831E-19
   1.57598522E-19
   1.66469077E-19
   1.75813310E-19
   1.85655131E-19
   1.96019575E-19
   2.06932866E-19
   2.18422443E-19
   2.30517065E-19
   2.43246831E-19
   2.56643254E-19
   2.70739291E-19
   2.85569450E-19
   3.01169844E-19
   3.17578238E-19
   3.34834156E-19
   3.52978931E-19
   3.72055758E-19
   3.92109873E-19
   4.13188529E-19
   4.35341124E-19
   4.58619330E-19
   4.83077045E-19
   5.08770774E-19
   5.35759351E-19
   5.64104452E-19
   5.93870288E-19
   6.25124119E-19
   6.57936151E-19
   6.92379589E-19
   7.28530949E-19
   7.66470105E-19
   8.06280499E-19
   8.48049035E-19
   8.91866653E-19
   9.37828117E-19
   9.86032377E-19
   1.03658242E-18
   1.08958598E-18
   1.14515535E-18
   1.20340748E-18
   1.26446458E-18
   1.32845382E-18
   1.39550798E-18
   1.46576529E-18
   1.53936999E-18
   1.61647232E-18
   1.69722883E-18
   1.78180267E-18
   1.87036393E-18
   1.96308943E-18
   2.06016383E-18
   2.16177884E-18
   2.26813503E-18
   2.37944045E-18
   2.49591162E-18
   2.61777476E-18
   2.74526459E-18
   2.87862555E-18
   3.01811239E-18
   3.16398962E-18
   3.31653310E-18
   3.47602924E-18
   3.64277645E-18
   3.81708491E-18
   3.99927681E-18
   4.18968800E-18
   4.38866712E-18
   4.59657732E-18
   4.81379536E-18
   5.04071292E-18
   5.27773698E-18
   5.52529104E-18
   5.78381559E-18
   6.05376764E-18
   6.33562157E-18
   6.62987081E-18
   6.93702820E-18
   7.25762562E-18
   7.59221521E-18
   7.94137146E-18
   8.30569158E-18
   8.68579265E-18
   9.08231739E-18
   9.49593334E-18
   9.92733202E-18
   1.03772306E-17
   1.08463752E-17
   1.13355392E-17
   1.18455258E-17
   1.23771664E-17
   1.29313244E-17
   1.35088959E-17
   1.41108079E-17
   1.47380275E-17
   1.53915482E-17
   1.60724105E-17
   1.67816864E-17
   1.75204861E-17
   1.82899642E-17
   1.90913186E-17
   1.99257867E-17
   2.07946522E-17
   2.16992454E-17
   2.26409458E-17
   2.36211797E-17
   2.46414292E-17
   2.57032231E-17
   2.68081461E-17
   2.79578444E-17
   2.91540204E-17
   3.03984342E-17
   3.16929090E-17
   3.30393407E-17
   3.44396714E-17
   3.58959328E-17
   3.74102127E-17
   3.89846815E-17
   4.06215793E-17
   4.23232254E-17
   4.40920254E-17
   4.59304575E-17
   4.78410892E-17
   4.98265775E-17
   5.18896718E-17
   5.40332111E-17
   5.62601401E-17
   5.85734864E-17
   6.09763997E-17
   6.34721161E-17
   6.60640038E-17
   6.87555238E-17
   7.15502627E-17
   7.44519263E-17
   7.74643526E-17
   8.05914858E-17
   8.38374219E-17
   8.72063763E-17
   9.07027298E-17
   9.43309690E-17
   9.80957657E-17
   1.02001924E-16
   1.06054401E-16
   1.10258325E-16
   1.14619003E-16
   1.19141881E-16
   1.23832617E-16
   1.28697048E-16
   1.33741169E-16
   1.38971187E-16
   1.44393495E-16
   1.50014710E-16
   1.55841674E-16
   1.61881403E-16
   1.68141149E-16
   1.74628442E-16
   1.81350985E-16
   1.88316759E-16
   1.95533982E-16
   2.03011113E-16
   2.10756938E-16
   2.18780444E-16
   2.27090936E-16
   2.35698008E-16
   2.44611548E-16
   2.53841745E-16
   2.63399083E-16
   2.73294386E-16
   2.83538853E-16
   2.94143944E-16
   3.05121543E-16
   3.16483829E-16
   3.28243399E-16
   3.40413224E-16
   3.53006645E-16
   3.66037453E-16
   3.79519782E-16
   3.93468245E-16
   4.07897874E-16
   4.22824157E-16
   4.38263026E-16
   4.54230894E-16
   4.70744754E-16
   4.87821891E-16
   5.05480252E-16
   5.23738312E-16
   5.42615023E-16
   5.62129974E-16
   5.82303229E-16
   6.03155592E-16
   6.24708239E-16
   6.46983194E-16
   6.70002902E-16
   6.93790658E-16
   7.18370284E-16
   7.43766343E-16
   7.70004089E-16
   7.97109566E-16
   8.25109458E-16
   8.54031292E-16
   8.83903233E-16
   9.14754502E-16
   9.46614905E-16
   9.79515147E-16
   1.01348699E-15
   1.04856263E-15
   1.08477572E-15
   1.12216047E-15
   1.16075214E-15
   1.20058704E-15
   1.24170244E-15
   1.28413668E-15
   1.32792913E-15
   1.37312013E-15
   1.41975120E-15
   1.46786511E-15
   1.51750579E-15
   1.56871815E-15
   1.62154855E-15
   1.67604453E-15
   1.73225480E-15
   1.79022955E-15
   1.85002033E-15
   1.91168009E-15
   1.97526305E-15
   2.04082488E-15
   2.10842319E-15
   2.17811621E-15
   2.24996451E-15
   2.32403013E-15
   2.40037660E-15
   2.47906892E-15
   2.56017402E-15
   2.64376114E-15
   2.72990037E-15
   2.81866434E-15
   2.91012717E-15
   3.00436509E-15
   3.10145624E-15
   3.20148088E-15
   3.30452117E-15
   3.41066159E-15
   3.51998877E-15
   3.63259143E-15
   3.74856040E-15
   3.86798951E-15
   3.99097445E-15
   4.11761308E-15
   4.24800660E-15
   4.38225836E-15
   4.52047381E-15
   4.66276179E-15
   4.80923327E-15
   4.96000259E-15
   5.11518665E-15
   5.27490488E-15
   5.43928009E-15
   5.60843892E-15
   5.78251012E-15
   5.96162583E-15
   6.14592156E-15
   6.33553582E-15
   6.53061132E-15
   6.73129333E-15
   6.93773177E-15
   7.15007955E-15
   7.36849292E-15
   7.59313284E-15
   7.82416277E-15
   8.06175212E-15
   8.30607284E-15
   8.55730112E-15
   8.81561907E-15
   9.08120963E-15
   9.35426510E-15
   9.63497860E-15
   9.92354832E-15
   1.02201776E-14
   1.05250747E-14
   1.08384549E-14
   1.11605358E-14
   1.14915384E-14
   1.18316942E-14
   1.21812359E-14
   1.25404041E-14
   1.29094428E-14
   1.32886035E-14
   1.36781430E-14
   1.40783237E-14
   1.44894151E-14
   1.49116915E-14
   1.53454350E-14
   1.57909320E-14
   1.62484806E-14
   1.67183772E-14
   1.72009318E-14
   1.76964597E-14
   1.82052825E-14
   1.87277308E-14
   1.92641398E-14
   1.98148569E-14
   2.03802344E-14
   2.09606282E-14
   2.15564125E-14
   2.21679601E-14
   2.27956573E-14
   2.34398970E-14
   2.41010842E-14
   2.47796287E-14
   2.54759508E-14
   2.61904823E-14
   2.69236622E-14
   2.76759393E-14
   2.84477709E-14
   2.92396282E-14
   3.00519870E-14
   3.08853420E-14
   3.17401914E-14
   3.26170467E-14
   3.35164296E-14
   3.44388722E-14
   3.53849267E-14
   3.63551454E-14
   3.73500940E-14
   3.83703553E-14
   3.94165291E-14
   4.04892184E-14
   4.15890399E-14
   4.27166271E-14
   4.38726272E-14
   4.50577008E-14
   4.62725154E-14
   4.75177657E-14
   4.87941529E-14
   5.01023919E-14
   5.14432179E-14
   5.28173798E-14
   5.42256330E-14
   5.56687637E-14
   5.71475647E-14
   5.86628456E-14
   6.02154367E-14
   6.18061781E-14
   6.34359441E-14
   6.51056086E-14
   6.68160731E-14
   6.85682522E-14
   7.03630811E-14
   7.22015221E-14
   7.40845373E-14
   7.60131297E-14
   7.79883157E-14
   8.00111320E-14
   8.20826290E-14
   8.42038773E-14
   8.63759883E-14
   8.86000867E-14
   9.08773043E-14
   9.32087998E-14
   9.55957861E-14
   9.80394626E-14
   1.00541063E-13
   1.03101853E-13
   1.05723122E-13
   1.08406184E-13
   1.11152373E-13
   1.13963052E-13
   1.16839616E-13
   1.19783483E-13
   1.22796101E-13
   1.25878935E-13
   1.29033503E-13
   1.32261322E-13
   1.35563964E-13
   1.38943029E-13
   1.42400103E-13
   1.45936879E-13
   1.49555024E-13
   1.53256260E-13
   1.57042334E-13
   1.60915050E-13
   1.64876196E-13
   1.68927643E-13
   1.73071274E-13
   1.77309014E-13
   1.81642827E-13
   1.86074707E-13
   1.90606672E-13
   1.95240823E-13
   1.99979261E-13
   2.04824127E-13
   2.09777630E-13
   2.14841979E-13
   2.20019478E-13
   2.25312417E-13
   2.30723183E-13
   2.36254131E-13
   2.41907758E-13
   2.47686528E-13
   2.53592991E-13
   2.59629720E-13
   2.65799373E-13
   2.72104550E-13
   2.78548072E-13
   2.85132676E-13
   2.91861180E-13
   2.98736513E-13
   3.05761547E-13
   3.12939263E-13
   3.20272725E-13
   3.27765077E-13
   3.35419382E-13
   3.43238892E-13
   3.51226860E-13
   3.59386593E-13
   3.67721451E-13
   3.76234932E-13
   3.84930477E-13
   3.93811692E-13
   4.02882128E-13
   4.12145578E-13
   4.21605703E-13
   4.31266378E-13
   4.41131452E-13
   4.51204910E-13
   4.61490763E-13
   4.71993050E-13
   4.82716026E-13
   4.93663866E-13
   5.04840906E-13
   5.16251538E-13
   5.27900206E-13
   5.39791356E-13
   5.51929758E-13
   5.64319967E-13
   5.76966805E-13
   5.89875154E-13
   6.03049945E-13
   6.16496220E-13
   6.30219022E-13
   6.44223498E-13
   6.58515018E-13
   6.73098946E-13
   6.87980651E-13
   7.03165770E-13
   7.18659941E-13
   7.34468909E-13
   7.50598477E-13
   7.67054551E-13
   7.83843151E-13
   8.00970401E-13
   8.18442590E-13
   8.36266061E-13
   8.54447155E-13
   8.72992542E-13
   8.91908780E-13
   9.11202645E-13
   9.30881023E-13
   9.50950907E-13
   9.71419343E-13
   9.92293595E-13
   1.01358093E-12
   1.03528883E-12
   1.05742476E-12
   1.07999666E-12
   1.10301210E-12
   1.12647912E-12
   1.15040583E-12
   1.17480038E-12
   1.19967100E-12
   1.22502627E-12
   1.25087473E-12
   1.27722507E-12
   1.30408618E-12
   1.33146716E-12
   1.35937713E-12
   1.38782529E-12
   1.41682120E-12
   1.44637427E-12
   1.47649438E-12
   1.50719162E-12
   1.53847562E-12
   1.57035680E-12
   1.60284557E-12
   1.63595233E-12
   1.66968783E-12
   1.70406300E-12
   1.73908869E-12
   1.77477629E-12
   1.81113696E-12
   1.84818241E-12
   1.88592414E-12
   1.92437429E-12
   1.96354456E-12
   2.00344754E-12
   2.04409580E-12
   2.08550169E-12
   2.12767803E-12
   2.17063780E-12
   2.21439447E-12
   2.25896125E-12
   2.30435159E-12
   2.35057958E-12
   2.39765911E-12
   2.44560427E-12
   2.49443001E-12
   2.54415065E-12
   2.59478094E-12
   2.64633628E-12
   2.69883183E-12
   2.75228321E-12
   2.80670582E-12
   2.86211614E-12
   2.91853043E-12
   2.97596496E-12
   3.03443642E-12
   3.09396194E-12
   3.15455865E-12
   3.21624411E-12
   3.27903590E-12
   3.34295200E-12
   3.40801085E-12
   3.47423067E-12
   3.54163010E-12
   3.61022844E-12
   3.68004542E-12
   3.75109969E-12
   3.82341164E-12
   3.89700164E-12
   3.97189009E-12
   4.04809736E-12
   4.12564470E-12
   4.20455294E-12
   4.28484418E-12
   4.36654055E-12
   4.44966416E-12
   4.53423757E-12
   4.62028289E-12
   4.70782441E-12
   4.79688468E-12
   4.88748798E-12
   4.97965861E-12
   5.07342128E-12
   5.16880028E-12
   5.26582077E-12
   5.36450832E-12
   5.46488896E-12
   5.56698958E-12
   5.67083576E-12
   5.77645527E-12
   5.88387542E-12
   5.99312310E-12
   6.10422693E-12
   6.21721554E-12
   6.33211756E-12
   6.44896246E-12
   6.56777974E-12
   6.68859933E-12
   6.81145244E-12
   6.93636901E-12
   7.06338070E-12
   7.19251872E-12
   7.32381603E-12
   7.45730474E-12
   7.59301823E-12
   7.73098946E-12
   7.87125226E-12
   8.01384133E-12
   8.15879222E-12
   8.30613790E-12
   8.45591652E-12
   8.60816279E-12
   8.76291401E-12
   8.92020659E-12
   9.08007870E-12
   9.24256765E-12
   9.40771419E-12
   9.57555649E-12
   9.74613272E-12
   9.91948450E-12
   1.00956517E-11
   1.02746761E-11
   1.04565991E-11
   1.06414625E-11
   1.08293097E-11
   1.10201848E-11
   1.12141303E-11
   1.14111914E-11
   1.16114141E-11
   1.18148425E-11
   1.20215227E-11
   1.22315014E-11
   1.24448282E-11
   1.26615480E-11
   1.28817113E-11
   1.31053666E-11
   1.33325651E-11
   1.35633553E-11
   1.37977893E-11
   1.40359174E-11
   1.42777942E-11
   1.45234718E-11
   1.47730040E-11
   1.50264436E-11
   1.52838488E-11
   1.55452717E-11
   1.58107711E-11
   1.60804026E-11
   1.63542270E-11
   1.66322980E-11
   1.69146780E-11
   1.72014260E-11
   1.74926029E-11
   1.77882709E-11
   1.80884925E-11
   1.83933285E-11
   1.87028431E-11
   1.90171039E-11
   1.93361733E-11
   1.96601155E-11
   1.99890000E-11
   2.03228927E-11
   2.06618646E-11
   2.10059834E-11
   2.13553186E-11
   2.17099411E-11
   2.20699240E-11
   2.24353400E-11
   2.28062604E-11
   2.31827613E-11
   2.35649191E-11
   2.39528085E-11
   2.43465057E-11
   2.47460906E-11
   2.51516412E-11
   2.55632356E-11
   2.59809552E-11
   2.64048818E-11
   2.68351001E-11
   2.72716918E-11
   2.77147420E-11
   2.81643354E-11
   2.86205608E-11
   2.90835047E-11
   2.95532522E-11
   3.00298952E-11
   3.05135292E-11
   3.10042374E-11
   3.15021169E-11
   3.20072614E-11
   3.25197647E-11
   3.30397237E-11
   3.35672358E-11
   3.41023980E-11
   3.46453109E-11
   3.51960752E-11
   3.57547880E-11
   3.63215569E-11
   3.68964824E-11
   3.74796687E-11
   3.80712267E-11
   3.86712606E-11
   3.92798745E-11
   3.98971862E-11
   4.05233035E-11
   4.11583372E-11
   4.18024018E-11
   4.24556085E-11
   4.31180786E-11
   4.37899300E-11
   4.44712739E-11
   4.51622385E-11
   4.58629419E-11
   4.65735055E-11
   4.72940541E-11
   4.80247127E-11
   4.87656027E-11
   4.95168594E-11
   5.02786111E-11
   5.10509864E-11
   5.18341134E-11
   5.26281310E-11
   5.34331746E-11
   5.42493828E-11
   5.50768840E-11
   5.59158275E-11
   5.67663520E-11
   5.76285963E-11
   5.85027096E-11
   5.93888272E-11
   6.02871086E-11
   6.11976927E-11
   6.21207391E-11
   6.30563934E-11
   6.40048015E-11
   6.49661366E-11
   6.59405447E-11
   6.69281852E-11
   6.79292109E-11
   6.89437951E-11
   6.99720906E-11
   7.10142709E-11
   7.20705023E-11
   7.31409516E-11
   7.42257852E-11
   7.53251767E-11
   7.64392993E-11
   7.75683337E-11
   7.87124602E-11
   7.98718452E-11
   8.10466763E-11
   8.22371407E-11
   8.34434188E-11
   8.46656981E-11
   8.59041588E-11
   8.71590092E-11
   8.84304296E-11
   8.97186145E-11
   9.10237649E-11
   9.23460752E-11
   9.36857467E-11
   9.50429804E-11
   9.64179847E-11
   9.78109677E-11
   9.92221305E-11
   1.00651688E-10
   1.02099856E-10
   1.03566836E-10
   1.05052862E-10
   1.06558151E-10
   1.08082918E-10
   1.09627384E-10
   1.11191785E-10
   1.12776344E-10
   1.14381282E-10
   1.16006843E-10
   1.17653262E-10
   1.19320775E-10
   1.21009619E-10
   1.22720029E-10
   1.24452268E-10
   1.26206573E-10
   1.27983180E-10
   1.29782365E-10
   1.31604352E-10
   1.33449418E-10
   1.35317813E-10
   1.37209813E-10
   1.39125669E-10
   1.41065659E-10
   1.43030032E-10
   1.45019080E-10
   1.47033066E-10
   1.49072282E-10
   1.51136964E-10
   1.53227431E-10
   1.55343960E-10
   1.57486843E-10
   1.59656371E-10
   1.61852837E-10
   1.64076530E-10
   1.66327743E-10
   1.68606795E-10
   1.70913977E-10
   1.73249581E-10
   1.75613954E-10
   1.78007387E-10
   1.80430199E-10
   1.82882709E-10
   1.85365223E-10
   1.87878102E-10
   1.90421637E-10
   1.92996175E-10
   1.95602035E-10
   1.98239578E-10
   2.00909137E-10
   2.03611045E-10
   2.06345649E-10
   2.09113296E-10
   2.11914347E-10
   2.14749163E-10
   2.17618090E-10
   2.20521518E-10
   2.23459765E-10
   2.26433233E-10
   2.29442298E-10
   2.32487307E-10
   2.35568648E-10
   2.38686737E-10
   2.41841908E-10
   2.45034604E-10
   2.48265158E-10
   2.51534016E-10
   2.54841565E-10
   2.58188193E-10
   2.61574318E-10
   2.65000355E-10
   2.68466721E-10
   2.71973805E-10
   2.75522077E-10
   2.79111900E-10
   2.82743773E-10
   2.86418056E-10
   2.90135221E-10
   2.93895741E-10
   2.97700004E-10
   3.01548508E-10
   3.05441672E-10
   3.09379966E-10
   3.13363863E-10
   3.17393778E-10
   3.21470212E-10
   3.25593635E-10
   3.29764549E-10
   3.33983396E-10
   3.38250677E-10
   3.42566864E-10
   3.46932483E-10
   3.51348006E-10
   3.55813934E-10
   3.60330793E-10
   3.64899055E-10
   3.69519276E-10
   3.74191955E-10
   3.78917592E-10
   3.83696741E-10
   3.88529930E-10
   3.93417743E-10
   3.98360650E-10
   4.03359235E-10
   4.08413997E-10
   4.13525547E-10
   4.18694440E-10
   4.23921204E-10
   4.29206448E-10
   4.34550729E-10
   4.39954628E-10
   4.45418702E-10
   4.50943560E-10
   4.56529814E-10
   4.62178046E-10
   4.67888839E-10
   4.73662831E-10
   4.79500606E-10
   4.85402829E-10
   4.91370111E-10
   4.97403008E-10
   5.03502184E-10
   5.09668363E-10
   5.15902099E-10
   5.22204058E-10
   5.28574851E-10
   5.35015199E-10
   5.41525824E-10
   5.48107282E-10
   5.54760238E-10
   5.61485469E-10
   5.68283642E-10
   5.75155368E-10
   5.82101478E-10
   5.89122529E-10
   5.96219296E-10
   6.03392614E-10
   6.10642981E-10
   6.17971285E-10
   6.25378138E-10
   6.32864317E-10
   6.40430597E-10
   6.48077758E-10
   6.55806465E-10
   6.63617550E-10
   6.71511791E-10
   6.79489909E-10
   6.87552681E-10
   6.95700830E-10
   7.03935299E-10
   7.12256865E-10
   7.20666193E-10
   7.29164229E-10
   7.37751749E-10
   7.46429474E-10
   7.55198348E-10
   7.64059205E-10
   7.73012876E-10
   7.82060194E-10
   7.91201937E-10
   8.00439104E-10
   8.09772471E-10
   8.19202928E-10
   8.28731417E-10
   8.38358771E-10
   8.48085824E-10
   8.57913518E-10
   8.67842853E-10
   8.77874662E-10
   8.88009832E-10
   8.98249419E-10
   9.08594255E-10
   9.19045284E-10
   9.29603450E-10
   9.40269751E-10
   9.51045132E-10
   9.61930535E-10
   9.72926961E-10
   9.84035520E-10
   9.95256988E-10
   1.00659248E-09
   1.01804298E-09
   1.02960951E-09
   1.04129316E-09
   1.05309494E-09
   1.06501574E-09
   1.07705678E-09
   1.08921894E-09
   1.10150344E-09
   1.11391130E-09
   1.12644349E-09
   1.13910126E-09
   1.15188570E-09
   1.16479781E-09
   1.17783872E-09
   1.19100962E-09
   1.20431154E-09
   1.21774557E-09
   1.23131305E-09
   1.24501487E-09
   1.25885247E-09
   1.27282684E-09
   1.28693922E-09
   1.30119060E-09
   1.31558242E-09
   1.33011568E-09
   1.34479183E-09
   1.35961198E-09
   1.37457723E-09
   1.38968881E-09
   1.40494816E-09
   1.42035650E-09
   1.43591494E-09
   1.45162482E-09
   1.46748746E-09
   1.48350399E-09
   1.49967594E-09
   1.51600443E-09
   1.53249080E-09
   1.54913649E-09
   1.56594282E-09
   1.58291102E-09
   1.60004243E-09
   1.61733849E-09
   1.63480052E-09
   1.65242997E-09
   1.67022818E-09
   1.68819658E-09
   1.70633652E-09
   1.72464942E-09
   1.74313675E-09
   1.76179993E-09
   1.78064041E-09
   1.79965953E-09
   1.81885895E-09
   1.83824012E-09
   1.85780447E-09
   1.87755345E-09
   1.89748861E-09
   1.91761163E-09
   1.93792382E-09
   1.95842675E-09
   1.97912198E-09
   2.00001105E-09
   2.02109551E-09
   2.04237693E-09
   2.06385709E-09
   2.08553730E-09
   2.10741957E-09
   2.12950524E-09
   2.15179607E-09
   2.17429341E-09
   2.19699903E-09
   2.21991470E-09
   2.24304197E-09
   2.26638286E-09
   2.28993868E-09
   2.31371144E-09
   2.33770270E-09
   2.36191422E-09
   2.38634779E-09
   2.41100495E-09
   2.43588771E-09
   2.46099807E-09
   2.48633736E-09
   2.51190735E-09
   2.53771004E-09
   2.56374721E-09
   2.59002086E-09
   2.61653277E-09
   2.64328448E-09
   2.67027800E-09
   2.69751554E-09
   2.72499889E-09
   2.75273004E-09
   2.78071055E-09
   2.80894241E-09
   2.83742763E-09
   2.86616819E-09
   2.89516611E-09
   2.92442359E-09
   2.95394198E-09
   2.98372371E-09
   3.01377101E-09
   3.04408543E-09
   3.07466941E-09
   3.10552473E-09
   3.13665360E-09
   3.16805804E-09
   3.19974047E-09
   3.23170246E-09
   3.26394645E-09
   3.29647443E-09
   3.32928884E-09
   3.36239148E-09
   3.39578476E-09
   3.42947071E-09
   3.46345153E-09
   3.49772966E-09
   3.53230734E-09
   3.56718632E-09
   3.60236929E-09
   3.63785824E-09
   3.67365582E-09
   3.70976427E-09
   3.74618558E-09
   3.78292242E-09
   3.81997678E-09
   3.85735133E-09
   3.89504828E-09
   3.93307031E-09
   3.97141919E-09
   4.01009759E-09
   4.04910860E-09
   4.08845402E-09
   4.12813606E-09
   4.16815737E-09
   4.20852064E-09
   4.24922852E-09
   4.29028324E-09
   4.33168745E-09
   4.37344383E-09
   4.41555459E-09
   4.45802240E-09
   4.50084991E-09
   4.54404026E-09
   4.58759519E-09
   4.63151784E-09
   4.67581085E-09
   4.72047645E-09
   4.76551731E-09
   4.81093698E-09
   4.85673723E-09
   4.90292162E-09
   4.94949237E-09
   4.99645259E-09
   5.04380449E-09
   5.09155118E-09
   5.13969578E-09
   5.18824095E-09
   5.23718935E-09
   5.28654320E-09
   5.33630651E-09
   5.38648148E-09
   5.43707168E-09
   5.48807977E-09
   5.53950796E-09
   5.59135982E-09
   5.64363889E-09
   5.69634695E-09
   5.74948800E-09
   5.80306470E-09
   5.85708015E-09
   5.91153748E-09
   5.96643934E-09
   6.02178885E-09
   6.07758910E-09
   6.13384366E-09
   6.19055607E-09
   6.24772856E-09
   6.30536512E-09
   6.36346842E-09
   6.42204157E-09
   6.48108767E-09
   6.54061072E-09
   6.60061383E-09
   6.66110012E-09
   6.72207223E-09
   6.78353418E-09
   6.84548951E-09
   6.90794133E-09
   6.97089275E-09
   7.03434733E-09
   7.09830861E-09
   7.16278015E-09
   7.22776550E-09
   7.29326777E-09
   7.35929007E-09
   7.42583683E-09
   7.49291118E-09
   7.56051666E-09
   7.62865682E-09
   7.69733521E-09
   7.76655540E-09
   7.83632093E-09
   7.90663535E-09
   7.97750310E-09
   8.04892686E-09
   8.12091105E-09
   8.19346013E-09
   8.26657587E-09
   8.34026270E-09
   8.41452596E-09
   8.48936743E-09
   8.56479243E-09
   8.64080363E-09
   8.71740546E-09
   8.79460238E-09
   8.87239793E-09
   8.95079566E-09
   9.02979913E-09
   9.10941278E-09
   9.18964105E-09
   9.27048660E-09
   9.35195477E-09
   9.43404910E-09
   9.51677315E-09
   9.60013224E-09
   9.68412994E-09
   9.76877068E-09
   9.85405890E-09
   9.93999727E-09
   1.00265911E-08
   1.01138458E-08
   1.02017630E-08
   1.02903481E-08
   1.03796056E-08
   1.04695408E-08
   1.05601563E-08
   1.06514566E-08
   1.07434470E-08
   1.08361311E-08
   1.09295142E-08
   1.10236007E-08
   1.11183942E-08
   1.12138991E-08
   1.13101208E-08
   1.14070637E-08
   1.15047314E-08
   1.16031300E-08
   1.17022632E-08
   1.18021353E-08
   1.19027517E-08
   1.20041159E-08
   1.21062342E-08
   1.22091102E-08
   1.23127490E-08
   1.24171562E-08
   1.25223352E-08
   1.26282913E-08
   1.27350299E-08
   1.28425546E-08
   1.29508706E-08
   1.30599842E-08
   1.31698989E-08
   1.32806202E-08
   1.33921532E-08
   1.35045024E-08
   1.36176732E-08
   1.37316709E-08
   1.38465008E-08
   1.39621665E-08
   1.40786751E-08
   1.41960310E-08
   1.43142387E-08
   1.44333043E-08
   1.45532315E-08
   1.46740264E-08
   1.47956953E-08
   1.49182426E-08
   1.50416746E-08
   1.51659947E-08
   1.52912101E-08
   1.54173261E-08
   1.55443463E-08
   1.56722777E-08
   1.58011257E-08
   1.59308957E-08
   1.60615912E-08
   1.61932210E-08
   1.63257905E-08
   1.64593033E-08
   1.65937646E-08
   1.67291834E-08
   1.68655632E-08
   1.70029093E-08
   1.71412271E-08
   1.72805237E-08
   1.74208044E-08
   1.75620762E-08
   1.77043429E-08
   1.78476114E-08
   1.79918871E-08
   1.81371771E-08
   1.82834885E-08
   1.84308249E-08
   1.85791915E-08
   1.87285956E-08
   1.88790459E-08
   1.90305443E-08
   1.91830996E-08
   1.93367153E-08
   1.94913987E-08
   1.96471586E-08
   1.98039984E-08
   1.99619254E-08
   2.01209449E-08
   2.02810639E-08
   2.04422914E-08
   2.06046309E-08
   2.07680895E-08
   2.09326707E-08
   2.10983835E-08
   2.12652349E-08
   2.14332303E-08
   2.16023786E-08
   2.17726850E-08
   2.19441567E-08
   2.21167973E-08
   2.22906156E-08
   2.24656205E-08
   2.26418155E-08
   2.28192079E-08
   2.29978045E-08
   2.31776127E-08
   2.33586412E-08
   2.35408937E-08
   2.37243789E-08
   2.39091040E-08
   2.40950762E-08
   2.42822988E-08
   2.44707827E-08
   2.46605349E-08
   2.48515608E-08
   2.50438674E-08
   2.52374637E-08
   2.54323567E-08
   2.56285517E-08
   2.58260577E-08
   2.60248800E-08
   2.62250293E-08
   2.64265072E-08
   2.66293263E-08
   2.68334936E-08
   2.70390164E-08
   2.72458998E-08
   2.74541510E-08
   2.76637806E-08
   2.78747958E-08
   2.80872019E-08
   2.83010060E-08
   2.85162187E-08
   2.87328472E-08
   2.89508986E-08
   2.91703817E-08
   2.93913018E-08
   2.96136680E-08
   2.98374871E-08
   3.00627718E-08
   3.02895238E-08
   3.05177572E-08
   3.07474721E-08
   3.09786827E-08
   3.12113961E-08
   3.14456194E-08
   3.16813598E-08
   3.19186277E-08
   3.21574269E-08
   3.23977716E-08
   3.26396687E-08
   3.28831220E-08
   3.31281420E-08
   3.33747430E-08
   3.36229249E-08
   3.38727020E-08
   3.41240813E-08
   3.43770665E-08
   3.46316718E-08
   3.48879006E-08
   3.51457672E-08
   3.54052787E-08
   3.56664387E-08
   3.59292613E-08
   3.61937573E-08
   3.64599337E-08
   3.67277941E-08
   3.69973563E-08
   3.72686202E-08
   3.75416001E-08
   3.78162994E-08
   3.80927325E-08
   3.83709100E-08
   3.86508354E-08
   3.89325230E-08
   3.92159798E-08
   3.95012130E-08
   3.97882332E-08
   4.00770475E-08
   4.03676665E-08
   4.06601011E-08
   4.09543617E-08
   4.12504555E-08
   4.15483932E-08
   4.18481818E-08
   4.21498356E-08
   4.24533617E-08
   4.27587672E-08
   4.30660592E-08
   4.33752518E-08
   4.36863594E-08
   4.39993855E-08
   4.43143406E-08
   4.46312356E-08
   4.49500739E-08
   4.52708768E-08
   4.55936480E-08
   4.59183980E-08
   4.62451375E-08
   4.65738772E-08
   4.69046206E-08
   4.72373856E-08
   4.75721791E-08
   4.79090119E-08
   4.82478946E-08
   4.85888343E-08
   4.89318488E-08
   4.92769416E-08
   4.96241270E-08
   4.99734121E-08
   5.03248110E-08
   5.06783309E-08
   5.10339824E-08
   5.13917797E-08
   5.17517300E-08
   5.21138439E-08
   5.24781321E-08
   5.28446051E-08
   5.32132738E-08
   5.35841487E-08
   5.39572440E-08
   5.43325669E-08
   5.47101315E-08
   5.50899486E-08
   5.54720287E-08
   5.58563791E-08
   5.62430174E-08
   5.66319507E-08
   5.70231897E-08
   5.74167451E-08
   5.78126276E-08
   5.82108513E-08
   5.86114268E-08
   5.90143614E-08
   5.94196727E-08
   5.98273715E-08
   6.02374683E-08
   6.06499739E-08
   6.10648954E-08
   6.14822540E-08
   6.19020497E-08
   6.23243039E-08
   6.27490238E-08
   6.31762234E-08
   6.36059170E-08
   6.40381117E-08
   6.44728217E-08
   6.49100542E-08
   6.53498233E-08
   6.57921433E-08
   6.62370354E-08
   6.66844926E-08
   6.71345362E-08
   6.75871803E-08
   6.80424392E-08
   6.85003130E-08
   6.89608299E-08
   6.94239972E-08
   6.98898148E-08
   7.03583112E-08
   7.08294934E-08
   7.13033685E-08
   7.17799651E-08
   7.22592759E-08
   7.27413223E-08
   7.32261185E-08
   7.37136787E-08
   7.42040172E-08
   7.46971338E-08
   7.51930571E-08
   7.56917942E-08
   7.61933521E-08
   7.66977450E-08
   7.72049944E-08
   7.77151072E-08
   7.82281049E-08
   7.87439873E-08
   7.92627830E-08
   7.97844848E-08
   8.03091282E-08
   8.08367133E-08
   8.13672543E-08
   8.19007653E-08
   8.24372606E-08
   8.29767615E-08
   8.35192679E-08
   8.40648013E-08
   8.46133830E-08
   8.51650128E-08
   8.57197051E-08
   8.62774883E-08
   8.68383623E-08
   8.74023414E-08
   8.79694397E-08
   8.85396787E-08
   8.91130725E-08
   8.96896282E-08
   9.02693671E-08
   9.08522964E-08
   9.14384373E-08
   9.20277898E-08
   9.26203825E-08
   9.32162365E-08
   9.38153519E-08
   9.44177359E-08
   9.50234167E-08
   9.56324087E-08
   9.62447260E-08
   9.68603828E-08
   9.74793934E-08
   9.81017720E-08
   9.87275257E-08
   9.93566758E-08
   9.99892507E-08
   1.00625243E-07
   1.01264682E-07
   1.01907574E-07
   1.02553933E-07
   1.03203789E-07
   1.03857147E-07
   1.04514015E-07
   1.05174422E-07
   1.05838375E-07
   1.06505901E-07
   1.07176994E-07
   1.07851690E-07
   1.08529996E-07
   1.09211925E-07
   1.09897499E-07
   1.10586726E-07
   1.11279633E-07
   1.11976227E-07
   1.12676524E-07
   1.13380537E-07
   1.14088294E-07
   1.14799803E-07
   1.15515071E-07
   1.16234126E-07
   1.16956983E-07
   1.17683662E-07
   1.18414164E-07
   1.19148524E-07
   1.19886749E-07
   1.20628854E-07
   1.21374867E-07
   1.22124789E-07
   1.22878632E-07
   1.23636426E-07
   1.24398184E-07
   1.25163936E-07
   1.25933667E-07
   1.26707434E-07
   1.27485208E-07
   1.28267033E-07
   1.29052935E-07
   1.29842917E-07
   1.30637005E-07
   1.31435201E-07
   1.32237531E-07
   1.33044011E-07
   1.33854670E-07
   1.34669520E-07
   1.35488548E-07
   1.36311812E-07
   1.37139310E-07
   1.37971071E-07
   1.38807096E-07
   1.39647412E-07
   1.40492048E-07
   1.41341005E-07
   1.42194281E-07
   1.43051935E-07
   1.43913965E-07
   1.44780401E-07
   1.45651242E-07
   1.46526517E-07
   1.47406240E-07
   1.48290425E-07
   1.49179115E-07
   1.50072310E-07
   1.50970024E-07
   1.51872271E-07
   1.52779080E-07
   1.53690493E-07
   1.54606482E-07
   1.55527090E-07
   1.56452330E-07
   1.57382217E-07
   1.58316780E-07
   1.59256032E-07
   1.60200003E-07
   1.61148677E-07
   1.62102111E-07
   1.63060321E-07
   1.64023305E-07
   1.64991093E-07
   1.65963712E-07
   1.66941177E-07
   1.67923488E-07
   1.68910688E-07
   1.69902791E-07
   1.70899810E-07
   1.71901775E-07
   1.72908685E-07
   1.73920583E-07
   1.74937483E-07
   1.75959400E-07
   1.76986347E-07
   1.78018340E-07
   1.79055434E-07
   1.80097601E-07
   1.81144898E-07
   1.82197311E-07
   1.83254883E-07
   1.84317642E-07
   1.85385602E-07
   1.86458792E-07
   1.87537196E-07
   1.88620874E-07
   1.89709809E-07
   1.90804059E-07
   1.91903609E-07
   1.93008518E-07
   1.94118783E-07
   1.95234435E-07
   1.96355472E-07
   1.97481938E-07
   1.98613833E-07
   1.99751213E-07
   2.00894078E-07
   2.02042429E-07
   2.03196308E-07
   2.04355743E-07
   2.05520749E-07
   2.06691340E-07
   2.07867529E-07
   2.09049375E-07
   2.10236863E-07
   2.11430006E-07
   2.12628876E-07
   2.13833445E-07
   2.15043769E-07
   2.16259835E-07
   2.17481684E-07
   2.18709346E-07
   2.19942834E-07
   2.21182177E-07
   2.22427374E-07
   2.23678470E-07
   2.24935491E-07
   2.26198438E-07
   2.27467353E-07
   2.28742252E-07
   2.30023161E-07
   2.31310082E-07
   2.32603043E-07
   2.33902071E-07
   2.35207210E-07
   2.36518460E-07
   2.37835849E-07
   2.39159391E-07
   2.40489129E-07
   2.41825063E-07
   2.43167221E-07
   2.44515633E-07
   2.45870325E-07
   2.47231327E-07
   2.48598667E-07
   2.49972317E-07
   2.51352333E-07
   2.52738744E-07
   2.54131578E-07
   2.55530864E-07
   2.56936573E-07
   2.58348791E-07
   2.59767489E-07
   2.61192724E-07
   2.62624525E-07
   2.64062891E-07
   2.65507907E-07
   2.66959546E-07
   2.68417807E-07
   2.69882747E-07
   2.71354395E-07
   2.72832750E-07
   2.74317870E-07
   2.75809754E-07
   2.77308430E-07
   2.78813928E-07
   2.80326248E-07
   2.81845445E-07
   2.83371548E-07
   2.84904530E-07
   2.86444475E-07
   2.87991384E-07
   2.89545284E-07
   2.91106204E-07
   2.92674173E-07
   2.94249219E-07
   2.95831342E-07
   2.97420598E-07
   2.99016961E-07
   3.00620485E-07
   3.02231228E-07
   3.03849163E-07
   3.05474316E-07
   3.07106774E-07
   3.08746507E-07
   3.10393574E-07
   3.12048002E-07
   3.13709791E-07
   3.15378941E-07
   3.17055537E-07
   3.18739581E-07
   3.20431099E-07
   3.22130091E-07
   3.23836588E-07
   3.25550701E-07
   3.27272318E-07
   3.29001580E-07
   3.30738459E-07
   3.32482983E-07
   3.34235210E-07
   3.35995111E-07
   3.37762771E-07
   3.39538190E-07
   3.41321396E-07
   3.43112418E-07
   3.44911285E-07
   3.46717997E-07
   3.48532609E-07
   3.50355151E-07
   3.52185623E-07
   3.54024081E-07
   3.55870526E-07
   3.57725014E-07
   3.59587546E-07
   3.61458177E-07
   3.63336909E-07
   3.65223769E-07
   3.67118787E-07
   3.69022018E-07
   3.70933464E-07
   3.72853179E-07
   3.74781166E-07
   3.76717423E-07
   3.78662037E-07
   3.80614978E-07
   3.82576332E-07
   3.84546098E-07
   3.86524306E-07
   3.88510983E-07
   3.90506159E-07
   3.92509833E-07
   3.94522118E-07
   3.96542930E-07
   3.98572382E-07
   4.00610475E-07
   4.02657236E-07
   4.04712665E-07
   4.06776877E-07
   4.08849814E-07
   4.10931534E-07
   4.13022036E-07
   4.15121434E-07
   4.17229671E-07
   4.19346833E-07
   4.21472919E-07
   4.23607958E-07
   4.25751978E-07
   4.27905036E-07
   4.30067132E-07
   4.32238295E-07
   4.34418553E-07
   4.36607934E-07
   4.38806467E-07
   4.41014208E-07
   4.43231187E-07
   4.45457403E-07
   4.47692912E-07
   4.49937716E-07
   4.52191870E-07
   4.54455403E-07
   4.56728344E-07
   4.59010721E-07
   4.61302562E-07
   4.63603868E-07
   4.65914695E-07
   4.68235072E-07
   4.70565055E-07
   4.72904645E-07
   4.75253898E-07
   4.77612787E-07
   4.79981395E-07
   4.82359724E-07
   4.84747886E-07
   4.87145826E-07
   4.89553543E-07
   4.91971150E-07
   4.94398648E-07
   4.96836094E-07
   4.99283487E-07
   5.01740828E-07
   5.04208174E-07
   5.06685581E-07
   5.09173049E-07
   5.11670692E-07
   5.14178453E-07
   5.16696389E-07
   5.19224557E-07
   5.21762956E-07
   5.24311588E-07
   5.26870565E-07
   5.29439831E-07
   5.32019499E-07
   5.34609512E-07
   5.37209985E-07
   5.39820917E-07
   5.42442365E-07
   5.45074329E-07
   5.47716866E-07
   5.50369919E-07
   5.53033658E-07
   5.55708084E-07
   5.58393140E-07
   5.61088939E-07
   5.63795481E-07
   5.66512824E-07
   5.69240967E-07
   5.71979967E-07
   5.74729881E-07
   5.77490709E-07
   5.80262451E-07
   5.83045221E-07
   5.85839018E-07
   5.88643786E-07
   5.91459695E-07
   5.94286689E-07
   5.97124881E-07
   5.99974271E-07
   6.02834859E-07
   6.05706646E-07
   6.08589744E-07
   6.11484268E-07
   6.14390046E-07
   6.17307194E-07
   6.20235880E-07
   6.23175936E-07
   6.26127530E-07
   6.29090607E-07
   6.32065280E-07
   6.35051549E-07
   6.38049414E-07
   6.41058932E-07
   6.44080160E-07
   6.47113097E-07
   6.50157801E-07
   6.53214329E-07
   6.56282680E-07
   6.59362911E-07
   6.62455079E-07
   6.65559128E-07
   6.68675227E-07
   6.71803264E-07
   6.74943408E-07
   6.78095603E-07
   6.81259962E-07
   6.84436429E-07
   6.87625118E-07
   6.90825971E-07
   6.94039102E-07
   6.97264568E-07
   7.00502312E-07
   7.03752448E-07
   7.07014976E-07
   7.10289953E-07
   7.13577379E-07
   7.16877366E-07
   7.20189917E-07
   7.23514972E-07
   7.26852704E-07
   7.30203055E-07
   7.33566026E-07
   7.36941843E-07
   7.40330393E-07
   7.43731732E-07
   7.47145862E-07
   7.50572895E-07
   7.54012774E-07
   7.57465671E-07
   7.60931528E-07
   7.64410458E-07
   7.67902463E-07
   7.71407485E-07
   7.74925695E-07
   7.78457036E-07
   7.82001621E-07
   7.85559394E-07
   7.89130468E-07
   7.92714843E-07
   7.96312577E-07
   7.99923725E-07
   8.03548289E-07
   8.07186325E-07
   8.10837889E-07
   8.14502982E-07
   8.18181661E-07
   8.21873982E-07
   8.25579946E-07
   8.29299609E-07
   8.33032914E-07
   8.36780089E-07
   8.40541077E-07
   8.44315878E-07
   8.48104548E-07
   8.51907146E-07
   8.55723727E-07
   8.59554291E-07
   8.63398839E-07
   8.67257540E-07
   8.71130339E-07
   8.75017292E-07
   8.78918513E-07
   8.82833945E-07
   8.86763644E-07
   8.90707668E-07
   8.94666016E-07
   8.98638746E-07
   9.02625914E-07
   9.06627463E-07
   9.10643621E-07
   9.14674274E-07
   9.18719536E-07
   9.22779464E-07
   9.26854000E-07
   9.30943258E-07
   9.35047296E-07
   9.39166114E-07
   9.43299767E-07
   9.47448257E-07
   9.51611639E-07
   9.55790028E-07
   9.59983367E-07
   9.64191713E-07
   9.68415065E-07
   9.72653538E-07
   9.76907245E-07
   9.81176072E-07
   9.85460133E-07
   9.89759428E-07
   9.94074071E-07
   9.98404062E-07
   1.00274951E-06
   1.00711031E-06
   1.01148657E-06
   1.01587841E-06
   1.02028582E-06
   1.02470881E-06
   1.02914737E-06
   1.03360173E-06
   1.03807179E-06
   1.04255753E-06
   1.04705907E-06
   1.05157642E-06
   1.05610980E-06
   1.06065897E-06
   1.06522418E-06
   1.06980542E-06
   1.07440269E-06
   1.07901599E-06
   1.08364543E-06
   1.08829101E-06
   1.09295286E-06
   1.09763096E-06
   1.10232543E-06
   1.10703627E-06
   1.11176337E-06
   1.11650695E-06
   1.12126702E-06
   1.12604368E-06
   1.13083684E-06
   1.13564658E-06
   1.14047305E-06
   1.14531599E-06
   1.15017576E-06
   1.15505225E-06
   1.15994555E-06
   1.16485580E-06
   1.16978299E-06
   1.17472700E-06
   1.17968807E-06
   1.18466619E-06
   1.18966136E-06
   1.19467359E-06
   1.19970309E-06
   1.20474965E-06
   1.20981349E-06
   1.21489461E-06
   1.21999312E-06
   1.22510903E-06
   1.23024233E-06
   1.23539303E-06
   1.24056135E-06
   1.24574717E-06
   1.25095050E-06
   1.25617146E-06
   1.26141015E-06
   1.26666669E-06
   1.27194085E-06
   1.27723285E-06
   1.28254271E-06
   1.28787042E-06
   1.29321620E-06
   1.29857983E-06
   1.30396154E-06
   1.30936144E-06
   1.31477952E-06
   1.32021569E-06
   1.32567004E-06
   1.33114258E-06
   1.33663355E-06
   1.34214281E-06
   1.34767060E-06
   1.35321670E-06
   1.35878122E-06
   1.36436438E-06
   1.36996618E-06
   1.37558652E-06
   1.38122550E-06
   1.38688324E-06
   1.39255974E-06
   1.39825511E-06
   1.40396924E-06
   1.40970235E-06
   1.41545434E-06
   1.42122519E-06
   1.42701515E-06
   1.43282421E-06
   1.43865248E-06
   1.44449984E-06
   1.45036643E-06
   1.45625233E-06
   1.46215757E-06
   1.46808202E-06
   1.47402591E-06
   1.47998935E-06
   1.48597223E-06
   1.49197467E-06
   1.49799666E-06
   1.50403832E-06
   1.51009965E-06
   1.51618076E-06
   1.52228165E-06
   1.52840244E-06
   1.53454289E-06
   1.54070335E-06
   1.54688382E-06
   1.55308430E-06
   1.55930479E-06
   1.56554540E-06
   1.57180614E-06
   1.57808699E-06
   1.58438820E-06
   1.59070976E-06
   1.59705155E-06
   1.60341381E-06
   1.60979653E-06
   1.61619971E-06
   1.62262336E-06
   1.62906770E-06
   1.63553273E-06
   1.64201833E-06
   1.64852463E-06
   1.65505173E-06
   1.66159964E-06
   1.66816835E-06
   1.67475810E-06
   1.68136887E-06
   1.68800057E-06
   1.69465341E-06
   1.70132728E-06
   1.70802230E-06
   1.71473857E-06
   1.72147611E-06
   1.72823491E-06
   1.73501508E-06
   1.74181662E-06
   1.74863965E-06
   1.75548428E-06
   1.76235039E-06
   1.76923811E-06
   1.77614754E-06
   1.78307869E-06
   1.79003143E-06
   1.79700612E-06
   1.80400264E-06
   1.81102098E-06
   1.81806126E-06
   1.82512360E-06
   1.83220789E-06
   1.83931434E-06
   1.84644284E-06
   1.85359363E-06
   1.86076670E-06
   1.86796206E-06
   1.87517981E-06
   1.88241984E-06
   1.88968238E-06
   1.89696743E-06
   1.90427488E-06
   1.91160507E-06
   1.91895788E-06
   1.92633343E-06
   1.93373171E-06
   1.94115273E-06
   1.94859672E-06
   1.95606367E-06
   1.96355336E-06
   1.97106601E-06
   1.97860186E-06
   1.98616067E-06
   1.99374267E-06
   2.00134787E-06
   2.00897648E-06
   2.01662829E-06
   2.02430351E-06
   2.03200216E-06
   2.03972422E-06
   2.04746971E-06
   2.05523884E-06
   2.06303162E-06
   2.07084804E-06
   2.07868834E-06
   2.08655206E-06
   2.09443965E-06
   2.10235135E-06
   2.11028691E-06
   2.11824636E-06
   2.12622990E-06
   2.13423732E-06
   2.14226907E-06
   2.15032514E-06
   2.15840532E-06
   2.16650983E-06
   2.17463844E-06
   2.18279183E-06
   2.19096933E-06
   2.19917138E-06
   2.20739798E-06
   2.21564937E-06
   2.22392509E-06
   2.23222582E-06
   2.24055111E-06
   2.24890118E-06
   2.25727626E-06
   2.26567590E-06
   2.27410078E-06
   2.28255067E-06
   2.29102557E-06
   2.29952570E-06
   2.30805108E-06
   2.31660147E-06
   2.32517732E-06
   2.33377841E-06
   2.34240520E-06
   2.35105699E-06
   2.35973448E-06
   2.36843766E-06
   2.37716631E-06
   2.38592065E-06
   2.39470046E-06
   2.40350619E-06
   2.41233784E-06
   2.42119563E-06
   2.43007889E-06
   2.43898830E-06
   2.44792363E-06
   2.45688511E-06
   2.46587274E-06
   2.47488674E-06
   2.48392689E-06
   2.49299342E-06
   2.50208632E-06
   2.51120559E-06
   2.52035125E-06
   2.52952350E-06
   2.53872236E-06
   2.54794759E-06
   2.55719965E-06
   2.56647854E-06
   2.57578404E-06
   2.58511659E-06
   2.59447620E-06
   2.60386241E-06
   2.61327568E-06
   2.62271624E-06
   2.63218385E-06
   2.64167852E-06
   2.65120025E-06
   2.66074949E-06
   2.67032601E-06
   2.67993005E-06
   2.68956160E-06
   2.69922066E-06
   2.70890700E-06
   2.71862109E-06
   2.72836292E-06
   2.73813248E-06
   2.74793001E-06
   2.75775506E-06
   2.76760807E-06
   2.77748904E-06
   2.78739822E-06
   2.79733536E-06
   2.80730046E-06
   2.81729399E-06
   2.82731548E-06
   2.83736540E-06
   2.84744351E-06
   2.85755027E-06
   2.86768545E-06
   2.87784906E-06
   2.88804131E-06
   2.89826221E-06
   2.90851176E-06
   2.91878996E-06
   2.92909704E-06
   2.93943299E-06
   2.94979782E-06
   2.96019152E-06
   2.97061410E-06
   2.98106579E-06
   2.99154681E-06
   3.00205693E-06
   3.01259638E-06
   3.02316516E-06
   3.03376305E-06
   3.04439072E-06
   3.05504773E-06
   3.06573429E-06
   3.07645041E-06
   3.08719609E-06
   3.09797156E-06
   3.10877681E-06
   3.11961162E-06
   3.13047644E-06
   3.14137128E-06
   3.15229590E-06
   3.16325054E-06
   3.17423564E-06
   3.18525076E-06
   3.19629612E-06
   3.20737172E-06
   3.21847756E-06
   3.22961387E-06
   3.24078042E-06
   3.25197766E-06
   3.26320537E-06
   3.27446401E-06
   3.28575311E-06
   3.29707314E-06
   3.30842408E-06
   3.31980573E-06
   3.33121807E-06
   3.34266156E-06
   3.35413597E-06
   3.36564131E-06
   3.37717802E-06
   3.38874588E-06
   3.40034489E-06
   3.41197529E-06
   3.42363705E-06
   3.43533020E-06
   3.44705495E-06
   3.45881131E-06
   3.47059927E-06
   3.48241883E-06
   3.49427023E-06
   3.50615346E-06
   3.51806830E-06
   3.53001519E-06
   3.54199415E-06
   3.55400516E-06
   3.56604801E-06
   3.57812291E-06
   3.59023034E-06
   3.60237004E-06
   3.61454181E-06
   3.62674609E-06
   3.63898266E-06
   3.65125197E-06
   3.66355357E-06
   3.67588791E-06
   3.68825499E-06
   3.70065482E-06
   3.71308738E-06
   3.72555269E-06
   3.73805096E-06
   3.75058244E-06
   3.76314688E-06
   3.77574452E-06
   3.78837490E-06
   3.80103870E-06
   3.81373570E-06
   3.82646613E-06
   3.83922998E-06
   3.85202702E-06
   3.86485772E-06
   3.87772207E-06
   3.89062006E-06
   3.90355171E-06
   3.91651747E-06
   3.92951642E-06
   3.94254948E-06
   3.95561665E-06
   3.96871792E-06
   3.98185330E-06
   3.99502233E-06
   4.00822591E-06
   4.02146361E-06
   4.03473541E-06
   4.04804177E-06
   4.06138224E-06
   4.07475773E-06
   4.08816732E-06
   4.10161147E-06
   4.11509018E-06
   4.12860390E-06
   4.14215219E-06
   4.15573550E-06
   4.16935382E-06
   4.18300669E-06
   4.19669504E-06
   4.21041841E-06
   4.22417725E-06
   4.23797064E-06
   4.25179951E-06
   4.26566430E-06
   4.27956365E-06
   4.29349848E-06
   4.30746923E-06
   4.32147590E-06
   4.33551759E-06
   4.34959520E-06
   4.36370874E-06
   4.37785775E-06
   4.39204268E-06
   4.40626354E-06
   4.42052078E-06
   4.43481395E-06
   4.44914349E-06
   4.46350850E-06
   4.47791035E-06
   4.49234858E-06
   4.50682319E-06
   4.52133372E-06
   4.53588063E-06
   4.55046484E-06
   4.56508542E-06
   4.57974238E-06
   4.59443618E-06
   4.60916635E-06
   4.62393382E-06
   4.63873812E-06
   4.65357971E-06
   4.66845859E-06
   4.68337430E-06
   4.69832685E-06
   4.71331714E-06
   4.72834472E-06
   4.74340959E-06
   4.75851220E-06
   4.77365165E-06
   4.78882885E-06
   4.80404378E-06
   4.81929646E-06
   4.83458689E-06
   4.84991506E-06
   4.86528097E-06
   4.88068508E-06
   4.89612739E-06
   4.91160745E-06
   4.92712570E-06
   4.94268215E-06
   4.95827635E-06
   4.97390965E-06
   4.98958116E-06
   5.00529086E-06
   5.02103921E-06
   5.03682622E-06
   5.05265189E-06
   5.06851575E-06
   5.08441872E-06
   5.10035989E-06
   5.11634062E-06
   5.13236000E-06
   5.14841850E-06
   5.16451610E-06
   5.18065281E-06
   5.19682908E-06
   5.21304446E-06
   5.22929895E-06
   5.24559300E-06
   5.26192616E-06
   5.27829889E-06
   5.29471117E-06
   5.31116302E-06
   5.32765534E-06
   5.34418677E-06
   5.36075822E-06
   5.37736969E-06
   5.39402117E-06
   5.41071267E-06
   5.42744374E-06
   5.44421528E-06
   5.46102729E-06
   5.47787931E-06
   5.49477136E-06
   5.51170433E-06
   5.52867732E-06
   5.54569124E-06
   5.56274608E-06
   5.57984094E-06
   5.59697673E-06
   5.61415345E-06
   5.63137064E-06
   5.64862921E-06
   5.66592871E-06
   5.68326959E-06
   5.70065095E-06
   5.71807368E-06
   5.73553780E-06
   5.75304330E-06
   5.77059018E-06
   5.78817844E-06
   5.80580763E-06
   5.82347911E-06
   5.84119152E-06
   5.85894622E-06
   5.87674231E-06
   5.89458068E-06
   5.91246044E-06
   5.93038249E-06
   5.94834637E-06
   5.96635255E-06
   5.98440101E-06
   6.00249086E-06
   6.02062391E-06
   6.03879926E-06
   6.05701689E-06
   6.07527681E-06
   6.09357949E-06
   6.11192445E-06
   6.13031216E-06
   6.14874261E-06
   6.16721582E-06
   6.18573222E-06
   6.20429091E-06
   6.22289326E-06
   6.24153881E-06
   6.26022711E-06
   6.27895861E-06
   6.29773331E-06
   6.31655121E-06
   6.33541231E-06
   6.35431707E-06
   6.37326548E-06
   6.39225755E-06
   6.41129327E-06
   6.43037265E-06
   6.44949569E-06
   6.46866238E-06
   6.48787318E-06
   6.50712809E-06
   6.52642711E-06
   6.54576979E-06
   6.56515704E-06
   6.58458794E-06
   6.60406340E-06
   6.62358343E-06
   6.64314803E-06
   6.66275719E-06
   6.68241091E-06
   6.70210920E-06
   6.72185161E-06
   6.74163948E-06
   6.76147192E-06
   6.78134938E-06
   6.80127187E-06
   6.82123891E-06
   6.84125143E-06
   6.86130943E-06
   6.88141199E-06
   6.90156003E-06
   6.92175354E-06
   6.94199207E-06
   6.96227653E-06
   6.98260646E-06
   7.00298187E-06
   7.02340321E-06
   7.04387003E-06
   7.06438323E-06
   7.08494190E-06
   7.10554650E-06
   7.12619703E-06
   7.14689349E-06
   7.16763680E-06
   7.18842557E-06
   7.20926073E-06
   7.23014227E-06
   7.25107020E-06
   7.27204497E-06
   7.29306612E-06
   7.31413411E-06
   7.33524894E-06
   7.35641015E-06
   7.37761820E-06
   7.39887309E-06
   7.42017482E-06
   7.44152385E-06
   7.46291971E-06
   7.48436241E-06
   7.50585286E-06
   7.52739015E-06
   7.54897519E-06
   7.57060752E-06
   7.59228715E-06
   7.61401407E-06
   7.63578828E-06
   7.65761069E-06
   7.67948131E-06
   7.70140014E-06
   7.72336625E-06
   7.74538057E-06
   7.76744309E-06
   7.78955291E-06
   7.81171093E-06
   7.83391715E-06
   7.85617249E-06
   7.87847512E-06
   7.90082686E-06
   7.92322680E-06
   7.94567586E-06
   7.96817312E-06
   7.99071859E-06
   8.01331316E-06
   8.03595685E-06
   8.05864875E-06
   8.08138975E-06
   8.10418078E-06
   8.12702001E-06
   8.14990835E-06
   8.17284581E-06
   8.19583329E-06
   8.21886988E-06
   8.24195558E-06
   8.26509131E-06
   8.28827615E-06
   8.31151010E-06
   8.33479407E-06
   8.35812716E-06
   8.38151118E-06
   8.40494431E-06
   8.42842837E-06
   8.45196246E-06
   8.47554657E-06
   8.49918069E-06
   8.52286485E-06
   8.54659902E-06
   8.57038322E-06
   8.59421743E-06
   8.61810349E-06
   8.64203957E-06
   8.66602659E-06
   8.69006362E-06
   8.71415250E-06
   8.73829140E-06
   8.76248123E-06
   8.78672199E-06
   8.81101369E-06
   8.83535722E-06
   8.85975169E-06
   8.88419800E-06
   8.90869433E-06
   8.93324341E-06
   8.95784342E-06
   8.98249436E-06
   9.00719715E-06
   9.03195087E-06
   9.05675643E-06
   9.08161383E-06
   9.10652307E-06
   9.13148506E-06
   9.15649889E-06
   9.18156456E-06
   9.20668299E-06
   9.23185326E-06
   9.25707445E-06
   9.28234931E-06
   9.30767601E-06
   9.33305546E-06
   9.35848675E-06
   9.38397079E-06
   9.40950758E-06
   9.43509713E-06
   9.46073942E-06
   9.48643537E-06
   9.51218408E-06
   9.53798644E-06
   9.56384065E-06
   9.58974852E-06
   9.61570913E-06
   9.64172341E-06
   9.66779044E-06
   9.69391203E-06
   9.72008638E-06
   9.74631439E-06
   9.77259606E-06
   9.79893139E-06
   9.82531947E-06
   9.85176212E-06
   9.87825842E-06
   9.90480930E-06
   9.93141384E-06
   9.95807295E-06
   9.98478572E-06
   1.00115531E-05
   1.00383750E-05
   1.00652505E-05
   1.00921807E-05
   1.01191663E-05
   1.01462047E-05
   1.01732985E-05
   1.02004469E-05
   1.02276499E-05
   1.02549084E-05
   1.02822214E-05
   1.03095899E-05
   1.03370130E-05
   1.03644916E-05
   1.03920247E-05
   1.04196133E-05
   1.04472574E-05
   1.04749570E-05
   1.05027111E-05
   1.05305216E-05
   1.05583867E-05
   1.05863082E-05
   1.06142861E-05
   1.06423186E-05
   1.06704065E-05
   1.06985517E-05
   1.07267524E-05
   1.07550095E-05
   1.07833221E-05
   1.08116910E-05
   1.08401173E-05
   1.08685990E-05
   1.08971371E-05
   1.09257317E-05
   1.09543826E-05
   1.09830908E-05
   1.10118544E-05
   1.10406745E-05
   1.10695528E-05
   1.10984874E-05
   1.11274794E-05
   1.11565287E-05
   1.11856343E-05
   1.12147973E-05
   1.12440175E-05
   1.12732951E-05
   1.13026299E-05
   1.13320211E-05
   1.13614706E-05
   1.13909782E-05
   1.14205432E-05
   1.14501663E-05
   1.14798468E-05
   1.15095845E-05
   1.15393805E-05
   1.15692346E-05
   1.15991470E-05
   1.16291167E-05
   1.16591445E-05
   1.16892315E-05
   1.17193767E-05
   1.17495792E-05
   1.17798409E-05
   1.18101607E-05
   1.18405396E-05
   1.18709768E-05
   1.19014721E-05
   1.19320275E-05
   1.19626402E-05
   1.19933129E-05
   1.20240447E-05
   1.20548357E-05
   1.20856857E-05
   1.21165940E-05
   1.21475632E-05
   1.21785906E-05
   1.22096781E-05
   1.22408246E-05
   1.22720303E-05
   1.23032960E-05
   1.23346208E-05
   1.23660056E-05
   1.23974505E-05
   1.24289554E-05
   1.24605194E-05
   1.24921435E-05
   1.25238284E-05
   1.25555734E-05
   1.25873785E-05
   1.26192435E-05
   1.26511695E-05
   1.26831555E-05
   1.27152025E-05
   1.27473095E-05
   1.27794774E-05
   1.28117063E-05
   1.28439951E-05
   1.28763450E-05
   1.29087557E-05
   1.29412283E-05
   1.29737609E-05
   1.30063545E-05
   1.30390099E-05
   1.30717262E-05
   1.31045035E-05
   1.31373426E-05
   1.31702436E-05
   1.32032064E-05
   1.32362311E-05
   1.32693167E-05
   1.33024632E-05
   1.33356716E-05
   1.33689427E-05
   1.34022757E-05
   1.34356696E-05
   1.34691263E-05
   1.35026448E-05
   1.35362261E-05
   1.35698692E-05
   1.36035751E-05
   1.36373428E-05
   1.36711724E-05
   1.37050647E-05
   1.37390207E-05
   1.37730385E-05
   1.38071200E-05
   1.38412634E-05
   1.38754694E-05
   1.39097392E-05
   1.39440717E-05
   1.39784679E-05
   1.40129277E-05
   1.40474503E-05
   1.40820357E-05
   1.41166838E-05
   1.41513956E-05
   1.41861710E-05
   1.42210092E-05
   1.42559120E-05
   1.42908784E-05
   1.43259085E-05
   1.43610032E-05
   1.43961606E-05
   1.44313826E-05
   1.44666683E-05
   1.45020185E-05
   1.45374324E-05
   1.45729109E-05
   1.46084531E-05
   1.46440598E-05
   1.46797320E-05
   1.47154678E-05
   1.47512683E-05
   1.47871333E-05
   1.48230638E-05
   1.48590589E-05
   1.48951176E-05
   1.49312409E-05
   1.49674297E-05
   1.50036849E-05
   1.50400047E-05
   1.50763899E-05
   1.51128397E-05
   1.51493550E-05
   1.51859358E-05
   1.52225821E-05
   1.52592947E-05
   1.52960711E-05
   1.53329129E-05
   1.53698220E-05
   1.54067966E-05
   1.54438367E-05
   1.54809441E-05
   1.55181151E-05
   1.55553535E-05
   1.55926591E-05
   1.56300284E-05
   1.56674650E-05
   1.57049672E-05
   1.57425366E-05
   1.57801733E-05
   1.58178755E-05
   1.58556450E-05
   1.58934799E-05
   1.59313822E-05
   1.59693518E-05
   1.60073887E-05
   1.60454911E-05
   1.60836607E-05
   1.61218977E-05
   1.61602020E-05
   1.61985736E-05
   1.62370125E-05
   1.62755186E-05
   1.63140921E-05
   1.63527329E-05
   1.63914410E-05
   1.64302164E-05
   1.64690591E-05
   1.65079709E-05
   1.65469501E-05
   1.65859983E-05
   1.66251139E-05
   1.66642967E-05
   1.67035469E-05
   1.67428661E-05
   1.67822545E-05
   1.68217084E-05
   1.68612332E-05
   1.69008254E-05
   1.69404848E-05
   1.69802152E-05
   1.70200146E-05
   1.70598814E-05
   1.70998173E-05
   1.71398224E-05
   1.71798965E-05
   1.72200398E-05
   1.72602504E-05
   1.73005301E-05
   1.73408789E-05
   1.73812987E-05
   1.74217857E-05
   1.74623437E-05
   1.75029709E-05
   1.75436671E-05
   1.75844343E-05
   1.76252706E-05
   1.76661761E-05
   1.77071506E-05
   1.77481943E-05
   1.77893089E-05
   1.78304945E-05
   1.78717492E-05
   1.79130730E-05
   1.79544677E-05
   1.79959316E-05
   1.80374682E-05
   1.80790739E-05
   1.81207506E-05
   1.81624964E-05
   1.82043132E-05
   1.82462027E-05
   1.82881613E-05
   1.83301891E-05
   1.83722896E-05
   1.84144592E-05
   1.84567016E-05
   1.84990131E-05
   1.85413955E-05
   1.85838508E-05
   1.86263769E-05
   1.86689740E-05
   1.87116439E-05
   1.87543847E-05
   1.87971946E-05
   1.88400772E-05
   1.88830309E-05
   1.89260591E-05
   1.89691582E-05
   1.90123283E-05
   1.90555711E-05
   1.90988849E-05
   1.91422714E-05
   1.91857289E-05
   1.92292591E-05
   1.92728621E-05
   1.93165361E-05
   1.93602827E-05
   1.94041022E-05
   1.94479944E-05
   1.94919576E-05
   1.95359953E-05
   1.95801058E-05
   1.96242872E-05
   1.96685414E-05
   1.97128702E-05
   1.97572735E-05
   1.98017478E-05
   1.98462949E-05
   1.98909147E-05
   1.99356073E-05
   1.99803744E-05
   2.00252125E-05
   2.00701252E-05
   2.01151124E-05
   2.01601742E-05
   2.02053106E-05
   2.02505180E-05
   2.02957999E-05
   2.03411546E-05
   2.03865820E-05
   2.04320859E-05
   2.04776625E-05
   2.05233137E-05
   2.05690376E-05
   2.06148361E-05
   2.06607092E-05
   2.07066569E-05
   2.07526791E-05
   2.07987759E-05
   2.08449455E-05
   2.08911915E-05
   2.09375121E-05
   2.09839072E-05
   2.10303770E-05
   2.10769231E-05
   2.11235420E-05
   2.11702372E-05
   2.12170053E-05
   2.12638497E-05
   2.13107687E-05
   2.13577641E-05
   2.14048359E-05
   2.14519823E-05
   2.14992033E-05
   2.15465006E-05
   2.15938726E-05
   2.16413191E-05
   2.16888420E-05
   2.17364413E-05
   2.17841171E-05
   2.18318673E-05
   2.18796940E-05
   2.19275971E-05
   2.19755766E-05
   2.20236325E-05
   2.20717629E-05
   2.21199716E-05
   2.21682567E-05
   2.22166163E-05
   2.22650524E-05
   2.23135648E-05
   2.23621537E-05
   2.24108189E-05
   2.24595642E-05
   2.25083841E-05
   2.25572803E-05
   2.26062530E-05
   2.26553038E-05
   2.27044311E-05
   2.27536366E-05
   2.28029166E-05
   2.28522767E-05
   2.29017114E-05
   2.29512243E-05
   2.30008154E-05
   2.30504847E-05
   2.31002323E-05
   2.31500562E-05
   2.31999566E-05
   2.32499351E-05
   2.32999919E-05
   2.33501287E-05
   2.34003419E-05
   2.34506315E-05
   2.35009993E-05
   2.35514472E-05
   2.36019714E-05
   2.36525757E-05
   2.37032582E-05
   2.37540189E-05
   2.38048560E-05
   2.38557732E-05
   2.39067685E-05
   2.39578421E-05
   2.40089958E-05
   2.40602276E-05
   2.41115395E-05
   2.41629277E-05
   2.42143979E-05
   2.42659444E-05
   2.43175691E-05
   2.43692739E-05
   2.44210569E-05
   2.44729217E-05
   2.45248648E-05
   2.45768861E-05
   2.46289892E-05
   2.46811705E-05
   2.47334319E-05
   2.47857715E-05
   2.48381912E-05
   2.48906890E-05
   2.49432687E-05
   2.49959285E-05
   2.50486682E-05
   2.51014899E-05
   2.51543897E-05
   2.52073696E-05
   2.52604295E-05
   2.53135695E-05
   2.53667913E-05
   2.54200913E-05
   2.54734732E-05
   2.55269351E-05
   2.55804771E-05
   2.56340991E-05
   2.56878029E-05
   2.57415886E-05
   2.57954543E-05
   2.58494019E-05
   2.59034296E-05
   2.59575390E-05
   2.60117286E-05
   2.60659999E-05
   2.61203513E-05
   2.61747846E-05
   2.62292997E-05
   2.62838948E-05
   2.63385718E-05
   2.63933325E-05
   2.64481732E-05
   2.65030958E-05
   2.65581002E-05
   2.66131847E-05
   2.66683528E-05
   2.67236028E-05
   2.67789346E-05
   2.68343483E-05
   2.68898439E-05
   2.69454213E-05
   2.70010823E-05
   2.70568216E-05
   2.71126446E-05
   2.71685512E-05
   2.72245397E-05
   2.72806119E-05
   2.73367659E-05
   2.73930036E-05
   2.74493232E-05
   2.75057228E-05
   2.75622078E-05
   2.76187766E-05
   2.76754272E-05
   2.77321615E-05
   2.77889776E-05
   2.78458774E-05
   2.79028609E-05
   2.79599280E-05
   2.80170789E-05
   2.80743116E-05
   2.81316261E-05
   2.81890261E-05
   2.82465098E-05
   2.83040754E-05
   2.83617246E-05
   2.84194593E-05
   2.84772777E-05
   2.85351798E-05
   2.85931674E-05
   2.86512368E-05
   2.87093899E-05
   2.87676285E-05
   2.88259489E-05
   2.88843548E-05
   2.89428463E-05
   2.90014195E-05
   2.90600783E-05
   2.91188207E-05
   2.91776487E-05
   2.92365621E-05
   2.92955592E-05
   2.93546418E-05
   2.94138081E-05
   2.94730598E-05
   2.95323971E-05
   2.95918180E-05
   2.96513244E-05
   2.97109145E-05
   2.97705901E-05
   2.98303530E-05
   2.98902014E-05
   2.99501335E-05
   3.00101510E-05
   3.00702541E-05
   3.01304444E-05
   3.01907185E-05
   3.02510798E-05
   3.03115248E-05
   3.03720553E-05
   3.04326732E-05
   3.04933747E-05
   3.05541616E-05
   3.06150359E-05
   3.06759976E-05
   3.07370428E-05
   3.07981718E-05
   3.08593917E-05
   3.09206953E-05
   3.09820862E-05
   3.10435644E-05
   3.11051263E-05
   3.11667791E-05
   3.12285156E-05
   3.12903394E-05
   3.13522505E-05
   3.14142453E-05
   3.14763274E-05
   3.15384968E-05
   3.16007536E-05
   3.16630976E-05
   3.17255290E-05
   3.17880476E-05
   3.18506536E-05
   3.19133469E-05
   3.19761275E-05
   3.20389954E-05
   3.21019506E-05
   3.21649895E-05
   3.22281194E-05
   3.22913365E-05
   3.23546410E-05
   3.24180328E-05
   3.24815155E-05
   3.25450819E-05
   3.26087356E-05
   3.26724767E-05
   3.27363086E-05
   3.28002279E-05
   3.28642345E-05
   3.29283284E-05
   3.29925133E-05
   3.30567818E-05
   3.31211413E-05
   3.31855881E-05
   3.32501259E-05
   3.33147509E-05
   3.33794669E-05
   3.34442702E-05
   3.35091609E-05
   3.35741424E-05
   3.36392113E-05
   3.37043675E-05
   3.37696110E-05
   3.38349455E-05
   3.39003673E-05
   3.39658800E-05
   3.40314837E-05
   3.40971746E-05
   3.41629566E-05
   3.42288258E-05
   3.42947860E-05
   3.43608335E-05
   3.44269720E-05
   3.44931941E-05
   3.45595108E-05
   3.46259185E-05
   3.46924135E-05
   3.47589994E-05
   3.48256763E-05
   3.48924405E-05
   3.49592956E-05
   3.50262417E-05
   3.50932751E-05
   3.51603994E-05
   3.52276147E-05
   3.52949210E-05
   3.53623182E-05
   3.54298063E-05
   3.54973818E-05
   3.55650482E-05
   3.56328092E-05
   3.57006575E-05
   3.57685967E-05
   3.58366233E-05
   3.59047444E-05
   3.59729529E-05
   3.60412487E-05
   3.61096390E-05
   3.61781204E-05
   3.62466963E-05
   3.63153558E-05
   3.63841100E-05
   3.64529551E-05
   3.65218948E-05
   3.65909218E-05
   3.66600434E-05
   3.67292560E-05
   3.67985558E-05
   3.68679503E-05
   3.69374357E-05
   3.70070120E-05
   3.70766793E-05
   3.71464412E-05
   3.72162940E-05
   3.72862378E-05
   3.73562725E-05
   3.74264018E-05
   3.74966185E-05
   3.75669297E-05
   3.76373355E-05
   3.77078286E-05
   3.77784163E-05
   3.78490986E-05
   3.79198682E-05
   3.79907324E-05
   3.80616875E-05
   3.81327336E-05
   3.82038743E-05
   3.82751095E-05
   3.83464358E-05
   3.84178566E-05
   3.84893683E-05
   3.85609783E-05
   3.86326756E-05
   3.87044638E-05
   3.87763466E-05
   3.88483240E-05
   3.89203924E-05
   3.89925517E-05
   3.90648056E-05
   3.91371577E-05
   3.92096008E-05
   3.92821348E-05
   3.93547671E-05
   3.94274866E-05
   3.95003008E-05
   3.95732131E-05
   3.96462165E-05
   3.97193107E-05
   3.97924996E-05
   3.98657830E-05
   3.99391574E-05
   4.00126301E-05
   4.00861936E-05
   4.01598518E-05
   4.02336045E-05
   4.03074555E-05
   4.03813901E-05
   4.04554266E-05
   4.05295577E-05
   4.06037798E-05
   4.06780964E-05
   4.07525076E-05
   4.08270134E-05
   4.09016138E-05
   4.09763088E-05
   4.10511020E-05
   4.11259862E-05
   4.12009649E-05
   4.12760419E-05
   4.13512062E-05
   4.14264687E-05
   4.15018258E-05
   4.15772774E-05
   4.16528237E-05
   4.17284682E-05
   4.18042036E-05
   4.18800373E-05
   4.19559656E-05
   4.20319921E-05
   4.21081095E-05
   4.21843251E-05
   4.22606354E-05
   4.23370366E-05
   4.24135360E-05
   4.24901336E-05
   4.25668259E-05
   4.26436090E-05
   4.27204905E-05
   4.27974737E-05
   4.28745479E-05
   4.29517204E-05
   4.30289838E-05
   4.31063454E-05
   4.31838016E-05
   4.32613597E-05
   4.33390087E-05
   4.34167596E-05
   4.34946014E-05
   4.35725378E-05
   4.36505725E-05
   4.37287054E-05
   4.38069328E-05
   4.38852549E-05
   4.39636751E-05
   4.40421936E-05
   4.41208103E-05
   4.41995180E-05
   4.42783239E-05
   4.43572280E-05
   4.44362304E-05
   4.45153273E-05
   4.45945225E-05
   4.46738122E-05
   4.47532002E-05
   4.48326828E-05
   4.49122672E-05
   4.49919498E-05
   4.50717271E-05
   4.51516025E-05
   4.52315726E-05
   4.53116445E-05
   4.53918074E-05
   4.54720721E-05
   4.55524314E-05
   4.56328926E-05
   4.57134483E-05
   4.57940987E-05
   4.58748509E-05
   4.59557014E-05
   4.60366500E-05
   4.61176969E-05
   4.61988384E-05
   4.62800781E-05
   4.63614160E-05
   4.64428558E-05
   4.65243902E-05
   4.66060228E-05
   4.66877500E-05
   4.67695791E-05
   4.68515063E-05
   4.69335318E-05
   4.70156556E-05
   4.70978775E-05
   4.71802014E-05
   4.72626234E-05
   4.73451437E-05
   4.74277585E-05
   4.75104716E-05
   4.75932866E-05
   4.76762034E-05
   4.77592112E-05
   4.78423244E-05
   4.79255323E-05
   4.80088383E-05
   4.80922463E-05
   4.81757525E-05
   4.82593605E-05
   4.83430667E-05
   4.84268712E-05
   4.85107739E-05
   4.85947749E-05
   4.86788740E-05
   4.87630750E-05
   4.88473743E-05
   4.89317754E-05
   4.90162711E-05
   4.91008686E-05
   4.91855681E-05
   4.92703693E-05
   4.93552652E-05
   4.94402666E-05
   4.95253662E-05
   4.96105640E-05
   4.96958601E-05
   4.97812543E-05
   4.98667505E-05
   4.99523485E-05
   5.00380447E-05
   5.01238428E-05
   5.02097428E-05
   5.02957446E-05
   5.03818410E-05
   5.04680393E-05
   5.05543358E-05
   5.06407378E-05
   5.07272380E-05
   5.08138364E-05
   5.09005367E-05
   5.09873353E-05
   5.10742357E-05
   5.11612379E-05
   5.12483421E-05
   5.13355481E-05
   5.14228559E-05
   5.15102656E-05
   5.15977699E-05
   5.16853761E-05
   5.17730805E-05
   5.18608904E-05
   5.19487985E-05
   5.20368085E-05
   5.21249240E-05
   5.22131377E-05
   5.23014533E-05
   5.23898671E-05
   5.24783864E-05
   5.25670039E-05
   5.26557233E-05
   5.27445482E-05
   5.28334713E-05
   5.29224999E-05
   5.30116267E-05
   5.31008554E-05
   5.31901860E-05
   5.32796184E-05
   5.33691564E-05
   5.34587962E-05
   5.35485342E-05
   5.36383704E-05
   5.37283122E-05
   5.38183558E-05
   5.39085013E-05
   5.39987523E-05
   5.40891015E-05
   5.41795525E-05
   5.42701055E-05
   5.43607603E-05
   5.44515169E-05
   5.45423827E-05
   5.46333467E-05
   5.47244126E-05
   5.48155804E-05
   5.49068500E-05
   5.49982251E-05
   5.50897021E-05
   5.51812809E-05
   5.52729653E-05
   5.53647478E-05
   5.54566323E-05
   5.55486222E-05
   5.56407140E-05
   5.57329113E-05
   5.58252104E-05
   5.59176115E-05
   5.60101180E-05
   5.61027264E-05
   5.61954366E-05
   5.62882560E-05
   5.63811736E-05
   5.64741931E-05
   5.65673181E-05
   5.66605449E-05
   5.67538737E-05
   5.68473079E-05
   5.69408439E-05
   5.70344855E-05
   5.71282289E-05
   5.72220779E-05
   5.73160287E-05
   5.74100886E-05
   5.75042504E-05
   5.75985141E-05
   5.76928833E-05
   5.77873543E-05
   5.78819308E-05
   5.79766092E-05
   5.80713895E-05
   5.81662753E-05
   5.82612629E-05
   5.83563560E-05
   5.84515547E-05
   5.85468588E-05
   5.86422684E-05
   5.87377835E-05
   5.88334005E-05
   5.89291230E-05
   5.90249474E-05
   5.91208773E-05
   5.92169126E-05
   5.93130499E-05
   5.94092926E-05
   5.95056408E-05
   5.96020946E-05
   5.96986501E-05
   5.97953076E-05
   5.98920742E-05
   5.99889463E-05
   6.00859239E-05
   6.01830034E-05
   6.02801847E-05
   6.03774752E-05
   6.04748711E-05
   6.05723690E-05
   6.06699723E-05
   6.07676811E-05
   6.08654955E-05
   6.09634153E-05
   6.10614370E-05
   6.11595678E-05
   6.12578078E-05
   6.13561497E-05
   6.14545934E-05
   6.15531462E-05
   6.16518082E-05
   6.17505721E-05
   6.18494378E-05
   6.19484126E-05
   6.20474966E-05
   6.21466825E-05
   6.22459775E-05
   6.23453743E-05
   6.24448803E-05
   6.25444882E-05
   6.26441979E-05
   6.27440168E-05
   6.28439448E-05
   6.29439819E-05
   6.30441209E-05
   6.31443618E-05
   6.32447118E-05
   6.33451637E-05
   6.34457247E-05
   6.35463948E-05
   6.36471741E-05
   6.37480625E-05
   6.38490528E-05
   6.39501450E-05
   6.40513463E-05
   6.41526567E-05
   6.42540690E-05
   6.43555904E-05
   6.44572137E-05
   6.45589462E-05
   6.46607805E-05
   6.47627239E-05
   6.48647765E-05
   6.49669382E-05
   6.50692018E-05
   6.51715745E-05
   6.52740564E-05
   6.53766474E-05
   6.54793403E-05
   6.55821423E-05
   6.56850534E-05
   6.57880664E-05
   6.58911886E-05
   6.59944199E-05
   6.60977603E-05
   6.62012026E-05
   6.63047540E-05
   6.64084146E-05
   6.65121770E-05
   6.66160486E-05
   6.67200293E-05
   6.68241191E-05
   6.69283181E-05
   6.70326190E-05
   6.71370217E-05
   6.72415408E-05
   6.73461691E-05
   6.74509065E-05
   6.75557458E-05
   6.76606942E-05
   6.77657517E-05
   6.78709112E-05
   6.79761797E-05
   6.80815574E-05
   6.81870442E-05
   6.82926329E-05
   6.83983380E-05
   6.85041450E-05
   6.86100611E-05
   6.87160864E-05
   6.88222135E-05
   6.89284570E-05
   6.90348097E-05
   6.91412715E-05
   6.92478425E-05
   6.93545153E-05
   6.94612972E-05
   6.95681883E-05
   6.96751886E-05
   6.97822907E-05
   6.98895092E-05
   6.99968368E-05
   7.01042736E-05
   7.02118195E-05
   7.03194673E-05
   7.04272243E-05
   7.05350903E-05
   7.06430656E-05
   7.07511499E-05
   7.08593434E-05
   7.09676460E-05
   7.10760578E-05
   7.11845787E-05
   7.12932015E-05
   7.14019407E-05
   7.15107890E-05
   7.16197464E-05
   7.17288058E-05
   7.18379815E-05
   7.19472591E-05
   7.20566459E-05
   7.21661490E-05
   7.22757541E-05
   7.23854755E-05
   7.24953061E-05
   7.26052458E-05
   7.27152874E-05
   7.28254381E-05
   7.29357052E-05
   7.30460815E-05
   7.31565597E-05
   7.32671542E-05
   7.33778506E-05
   7.34886635E-05
   7.35995854E-05
   7.37106166E-05
   7.38217568E-05
   7.39330135E-05
   7.40443720E-05
   7.41558397E-05
   7.42674238E-05
   7.43791170E-05
   7.44909194E-05
   7.46028236E-05
   7.47148370E-05
   7.48269595E-05
   7.49391911E-05
   7.50515319E-05
   7.51639964E-05
   7.52765627E-05
   7.53892382E-05
   7.55020228E-05
   7.56149166E-05
   7.57279267E-05
   7.58410461E-05
   7.59542745E-05
   7.60676121E-05
   7.61810661E-05
   7.62946220E-05
   7.64082943E-05
   7.65220684E-05
   7.66359590E-05
   7.67499587E-05
   7.68640675E-05
   7.69782855E-05
   7.70926272E-05
   7.72070634E-05
   7.73216161E-05
   7.74362779E-05
   7.75510489E-05
   7.76659363E-05
   7.77809328E-05
   7.78960384E-05
   7.80112605E-05
   7.81265844E-05
   7.82420248E-05
   7.83575815E-05
   7.84732401E-05
   7.85890079E-05
   7.87048921E-05
   7.88208854E-05
   7.89369878E-05
   7.90531994E-05
   7.91695275E-05
   7.92859646E-05
   7.94025109E-05
   7.95191736E-05
   7.96359454E-05
   7.97528264E-05
   7.98698238E-05
   7.99869231E-05
   8.01041315E-05
   8.02214563E-05
   8.03388903E-05
   8.04564334E-05
   8.05741001E-05
   8.06918761E-05
   8.08097539E-05
   8.09277481E-05
   8.10458514E-05
   8.11640712E-05
   8.12824001E-05
   8.14008381E-05
   8.15193926E-05
   8.16380634E-05
   8.17568362E-05
   8.18757253E-05
   8.19947236E-05
   8.21138310E-05
   8.22330549E-05
   8.23523878E-05
   8.24718372E-05
   8.25913958E-05
   8.27110634E-05
   8.28308403E-05
   8.29507262E-05
   8.30707286E-05
   8.31908474E-05
   8.33110753E-05
   8.34314123E-05
   8.35518731E-05
   8.36724357E-05
   8.37931148E-05
   8.39139029E-05
   8.40348075E-05
   8.41558140E-05
   8.42769368E-05
   8.43981761E-05
   8.45195245E-05
   8.46409894E-05
   8.47625633E-05
   8.48842537E-05
   8.50060533E-05
   8.51279619E-05
   8.52499870E-05
   8.53721212E-05
   8.54943719E-05
   8.56167317E-05
   8.57392079E-05
   8.58618005E-05
   8.59844949E-05
   8.61073058E-05
   8.62302259E-05
   8.63532623E-05
   8.64764152E-05
   8.65996699E-05
   8.67230483E-05
   8.68465359E-05
   8.69701398E-05
   8.70938529E-05
   8.72176824E-05
   8.73416211E-05
   8.74656762E-05
   8.75898404E-05
   8.77141138E-05
   8.78385035E-05
   8.79630097E-05
   8.80876250E-05
   8.82123495E-05
   8.83371904E-05
   8.84621404E-05
   8.85872068E-05
   8.87123970E-05
   8.88376962E-05
   8.89631119E-05
   8.90886367E-05
   8.92142707E-05
   8.93400211E-05
   8.94658879E-05
   8.95918565E-05
   8.97179416E-05
   8.98441431E-05
   8.99704537E-05
   9.00968880E-05
   9.02234315E-05
   9.03500841E-05
   9.04768458E-05
   9.06037239E-05
   9.07307258E-05
   9.08578295E-05
   9.09850423E-05
   9.11123789E-05
   9.12398245E-05
   9.13673939E-05
   9.14950724E-05
   9.16228601E-05
   9.17507641E-05
   9.18787846E-05
   9.20069069E-05
   9.21351457E-05
   9.22635081E-05
   9.23919797E-05
   9.25205677E-05
   9.26492648E-05
   9.27780784E-05
   9.29070084E-05
   9.30360475E-05
   9.31651957E-05
   9.32944677E-05
   9.34238415E-05
   9.35533462E-05
   9.36829601E-05
   9.38126832E-05
   9.39425227E-05
   9.40724785E-05
   9.42025508E-05
   9.43327323E-05
   9.44630301E-05
   9.45934371E-05
   9.47239605E-05
   9.48546076E-05
   9.49853566E-05
   9.51162219E-05
   9.52472037E-05
   9.53782946E-05
   9.55095093E-05
   9.56408330E-05
   9.57722732E-05
   9.59038225E-05
   9.60354882E-05
   9.61672631E-05
   9.62991617E-05
   9.64311694E-05
   9.65632935E-05
   9.66955267E-05
   9.68278764E-05
   9.69603498E-05
   9.70929323E-05
   9.72256312E-05
   9.73584392E-05
   9.74913637E-05
   9.76244046E-05
   9.77575619E-05
   9.78908283E-05
   9.80242185E-05
   9.81577177E-05
   9.82913261E-05
   9.84250510E-05
   9.85588922E-05
   9.86928499E-05
   9.88269312E-05
   9.89611217E-05
   9.90954286E-05
   9.92298446E-05
   9.93643771E-05
   9.94990187E-05
   9.96337767E-05
   9.97686584E-05
   9.99036565E-05
   1.00038764E-04
   1.00173980E-04
   1.00309313E-04
   1.00444769E-04
   1.00580335E-04
   1.00716017E-04
   1.00851816E-04
   1.00987731E-04
   1.01123755E-04
   1.01259895E-04
   1.01396152E-04
   1.01532532E-04
   1.01669015E-04
   1.01805621E-04
   1.01942343E-04
   1.02079175E-04
   1.02216123E-04
   1.02353188E-04
   1.02490369E-04
   1.02627666E-04
   1.02765072E-04
   1.02902603E-04
   1.03040235E-04
   1.03177990E-04
   1.03315862E-04
   1.03453844E-04
   1.03591941E-04
   1.03730163E-04
   1.03868500E-04
   1.04006947E-04
   1.04145511E-04
   1.04284198E-04
   1.04422994E-04
   1.04561906E-04
   1.04700935E-04
   1.04840074E-04
   1.04979328E-04
   1.05118706E-04
   1.05258187E-04
   1.05397790E-04
   1.05537511E-04
   1.05677347E-04
   1.05817300E-04
   1.05957370E-04
   1.06097548E-04
   1.06237851E-04
   1.06378269E-04
   1.06518804E-04
   1.06659449E-04
   1.06800217E-04
   1.06941094E-04
   1.07082087E-04
   1.07223197E-04
   1.07364416E-04
   1.07505759E-04
   1.07647211E-04
   1.07788779E-04
   1.07930464E-04
   1.08072272E-04
   1.08214197E-04
   1.08356231E-04
   1.08498381E-04
   1.08640656E-04
   1.08783039E-04
   1.08925538E-04
   1.09068154E-04
   1.09210887E-04
   1.09353736E-04
   1.09496701E-04
   1.09639775E-04
   1.09782974E-04
   1.09926281E-04
   1.10069712E-04
   1.10213252E-04
   1.10356908E-04
   1.10500681E-04
   1.10644578E-04
   1.10788584E-04
   1.10932713E-04
   1.11076959E-04
   1.11221321E-04
   1.11365800E-04
   1.11510388E-04
   1.11655092E-04
   1.11799920E-04
   1.11944857E-04
   1.12089918E-04
   1.12235088E-04
   1.12380381E-04
   1.12525791E-04
   1.12671318E-04
   1.12816953E-04
   1.12962705E-04
   1.13108574E-04
   1.13254559E-04
   1.13400660E-04
   1.13546885E-04
   1.13693226E-04
   1.13839676E-04
   1.13986243E-04
   1.14132934E-04
   1.14279734E-04
   1.14426650E-04
   1.14573682E-04
   1.14720839E-04
   1.14868104E-04
   1.15015486E-04
   1.15162984E-04
   1.15310606E-04
   1.15458337E-04
   1.15606192E-04
   1.15754163E-04
   1.15902250E-04
   1.16050454E-04
   1.16198768E-04
   1.16347204E-04
   1.16495758E-04
   1.16644427E-04
   1.16793213E-04
   1.16942116E-04
   1.17091142E-04
   1.17240277E-04
   1.17389529E-04
   1.17538897E-04
   1.17688382E-04
   1.17837983E-04
   1.17987707E-04
   1.18137548E-04
   1.18287498E-04
   1.18437572E-04
   1.18587755E-04
   1.18738062E-04
   1.18888478E-04
   1.19039018E-04
   1.19189674E-04
   1.19340439E-04
   1.19491327E-04
   1.19642340E-04
   1.19793462E-04
   1.19944700E-04
   1.20096047E-04
   1.20247518E-04
   1.20399112E-04
   1.20550823E-04
   1.20702643E-04
   1.20854587E-04
   1.21006648E-04
   1.21158817E-04
   1.21311110E-04
   1.21463519E-04
   1.21616045E-04
   1.21768695E-04
   1.21921454E-04
   1.22074329E-04
   1.22227328E-04
   1.22380443E-04
   1.22533675E-04
   1.22687023E-04
   1.22840487E-04
   1.22994068E-04
   1.23147765E-04
   1.23301579E-04
   1.23455509E-04
   1.23609556E-04
   1.23763719E-04
   1.23917998E-04
   1.24072394E-04
   1.24226906E-04
   1.24381550E-04
   1.24536295E-04
   1.24691156E-04
   1.24846149E-04
   1.25001257E-04
   1.25156483E-04
   1.25311824E-04
   1.25467282E-04
   1.25622857E-04
   1.25778533E-04
   1.25934341E-04
   1.26090265E-04
   1.26246305E-04
   1.26402461E-04
   1.26558734E-04
   1.26715124E-04
   1.26871630E-04
   1.27028252E-04
   1.27185005E-04
   1.27341875E-04
   1.27498846E-04
   1.27655949E-04
   1.27813153E-04
   1.27970488E-04
   1.28127940E-04
   1.28285508E-04
   1.28443193E-04
   1.28600994E-04
   1.28758911E-04
   1.28916945E-04
   1.29075095E-04
   1.29233362E-04
   1.29391759E-04
   1.29550259E-04
   1.29708875E-04
   1.29867622E-04
   1.30026485E-04
   1.30185465E-04
   1.30344561E-04
   1.30503773E-04
   1.30663102E-04
   1.30822547E-04
   1.30982109E-04
   1.31141787E-04
   1.31301596E-04
   1.31461507E-04
   1.31621535E-04
   1.31781693E-04
   1.31941968E-04
   1.32102359E-04
   1.32262852E-04
   1.32423462E-04
   1.32584202E-04
   1.32745059E-04
   1.32906032E-04
   1.33067122E-04
   1.33228328E-04
   1.33389651E-04
   1.33551090E-04
   1.33712645E-04
   1.33874331E-04
   1.34036134E-04
   1.34198053E-04
   1.34360074E-04
   1.34522212E-04
   1.34684480E-04
   1.34846865E-04
   1.35009366E-04
   1.35171984E-04
   1.35334718E-04
   1.35497568E-04
   1.35660550E-04
   1.35823633E-04
   1.35986833E-04
   1.36150164E-04
   1.36313611E-04
   1.36477174E-04
   1.36640854E-04
   1.36804651E-04
   1.36968563E-04
   1.37132592E-04
   1.37296738E-04
   1.37461000E-04
   1.37625379E-04
   1.37789903E-04
   1.37954528E-04
   1.38119271E-04
   1.38284129E-04
   1.38449104E-04
   1.38614196E-04
   1.38779404E-04
   1.38944728E-04
   1.39110169E-04
   1.39275711E-04
   1.39441385E-04
   1.39607175E-04
   1.39773081E-04
   1.39939104E-04
   1.40105272E-04
   1.40271542E-04
   1.40437929E-04
   1.40604447E-04
   1.40771066E-04
   1.40937802E-04
   1.41104640E-04
   1.41271623E-04
   1.41438722E-04
   1.41605924E-04
   1.41773256E-04
   1.41940691E-04
   1.42108256E-04
   1.42275938E-04
   1.42443736E-04
   1.42611651E-04
   1.42779681E-04
   1.42947843E-04
   1.43116107E-04
   1.43284487E-04
   1.43452999E-04
   1.43621626E-04
   1.43790370E-04
   1.43959231E-04
   1.44128207E-04
   1.44297301E-04
   1.44466496E-04
   1.44635822E-04
   1.44805264E-04
   1.44974838E-04
   1.45144513E-04
   1.45314305E-04
   1.45484213E-04
   1.45654252E-04
   1.45824408E-04
   1.45994694E-04
   1.46165083E-04
   1.46335573E-04
   1.46506194E-04
   1.46676932E-04
   1.46847786E-04
   1.47018771E-04
   1.47189858E-04
   1.47361061E-04
   1.47532395E-04
   1.47703846E-04
   1.47875428E-04
   1.48047111E-04
   1.48218911E-04
   1.48390827E-04
   1.48562875E-04
   1.48735024E-04
   1.48907289E-04
   1.49079686E-04
   1.49252184E-04
   1.49424799E-04
   1.49597545E-04
   1.49770407E-04
   1.49943386E-04
   1.50116481E-04
   1.50289692E-04
   1.50463020E-04
   1.50636464E-04
   1.50810025E-04
   1.50983702E-04
   1.51157510E-04
   1.51331435E-04
   1.51505461E-04
   1.51679618E-04
   1.51853892E-04
   1.52028282E-04
   1.52202789E-04
   1.52377426E-04
   1.52552166E-04
   1.52727021E-04
   1.52902008E-04
   1.53077111E-04
   1.53252331E-04
   1.53427653E-04
   1.53603090E-04
   1.53778659E-04
   1.53954345E-04
   1.54130146E-04
   1.54306064E-04
   1.54482099E-04
   1.54658250E-04
   1.54834532E-04
   1.55010915E-04
   1.55187416E-04
   1.55364047E-04
   1.55540794E-04
   1.55717673E-04
   1.55894639E-04
   1.56071750E-04
   1.56248963E-04
   1.56426293E-04
   1.56603739E-04
   1.56781316E-04
   1.56958995E-04
   1.57136805E-04
   1.57314731E-04
   1.57492774E-04
   1.57670933E-04
   1.57849208E-04
   1.58027600E-04
   1.58206109E-04
   1.58384733E-04
   1.58563475E-04
   1.58742332E-04
   1.58921306E-04
   1.59100411E-04
   1.59279632E-04
   1.59458970E-04
   1.59638425E-04
   1.59817981E-04
   1.59997668E-04
   1.60177471E-04
   1.60357391E-04
   1.60537427E-04
   1.60717580E-04
   1.60897849E-04
   1.61078249E-04
   1.61258751E-04
   1.61439370E-04
   1.61620119E-04
   1.61800970E-04
   1.61981952E-04
   1.62163036E-04
   1.62344251E-04
   1.62525583E-04
   1.62707045E-04
   1.62888609E-04
   1.63070290E-04
   1.63252087E-04
   1.63434001E-04
   1.63616030E-04
   1.63798191E-04
   1.63980454E-04
   1.64162848E-04
   1.64345358E-04
   1.64527984E-04
   1.64710742E-04
   1.64893601E-04
   1.65076577E-04
   1.65259669E-04
   1.65442892E-04
   1.65626217E-04
   1.65809659E-04
   1.65993231E-04
   1.66176920E-04
   1.66360725E-04
   1.66544633E-04
   1.66728656E-04
   1.66912811E-04
   1.67097081E-04
   1.67281469E-04
   1.67465972E-04
   1.67650578E-04
   1.67835315E-04
   1.68020168E-04
   1.68205137E-04
   1.68390237E-04
   1.68575440E-04
   1.68760758E-04
   1.68946208E-04
   1.69131774E-04
   1.69317456E-04
   1.69503241E-04
   1.69689141E-04
   1.69875158E-04
   1.70061292E-04
   1.70247557E-04
   1.70433937E-04
   1.70620435E-04
   1.70807049E-04
   1.70993764E-04
   1.71180611E-04
   1.71367574E-04
   1.71554668E-04
   1.71741864E-04
   1.71929190E-04
   1.72116619E-04
   1.72304164E-04
   1.72491840E-04
   1.72679633E-04
   1.72867527E-04
   1.73055552E-04
   1.73243679E-04
   1.73431938E-04
   1.73620312E-04
   1.73808818E-04
   1.73997410E-04
   1.74186134E-04
   1.74374960E-04
   1.74563917E-04
   1.74752975E-04
   1.74942179E-04
   1.75131485E-04
   1.75320907E-04
   1.75510460E-04
   1.75700116E-04
   1.75889902E-04
   1.76079804E-04
   1.76269808E-04
   1.76459944E-04
   1.76650181E-04
   1.76840549E-04
   1.77031019E-04
   1.77221606E-04
   1.77412308E-04
   1.77603142E-04
   1.77794078E-04
   1.77985130E-04
   1.78176313E-04
   1.78367598E-04
   1.78559014E-04
   1.78750532E-04
   1.78942180E-04
   1.79133945E-04
   1.79325827E-04
   1.79517810E-04
   1.79709925E-04
   1.79902156E-04
   1.80094503E-04
   1.80286966E-04
   1.80479561E-04
   1.80672258E-04
   1.80865070E-04
   1.81058000E-04
   1.81251060E-04
   1.81444222E-04
   1.81637501E-04
   1.81830896E-04
   1.82024422E-04
   1.82218049E-04
   1.82411808E-04
   1.82605683E-04
   1.82799660E-04
   1.82993754E-04
   1.83187978E-04
   1.83382319E-04
   1.83576762E-04
   1.83771321E-04
   1.83965996E-04
   1.84160803E-04
   1.84355726E-04
   1.84550750E-04
   1.84745892E-04
   1.84941164E-04
   1.85136538E-04
   1.85332043E-04
   1.85527650E-04
   1.85723387E-04
   1.85919227E-04
   1.86115183E-04
   1.86311270E-04
   1.86507459E-04
   1.86703764E-04
   1.86900186E-04
   1.87096739E-04
   1.87293408E-04
   1.87490194E-04
   1.87687081E-04
   1.87884099E-04
   1.88081220E-04
   1.88278471E-04
   1.88475839E-04
   1.88673323E-04
   1.88870923E-04
   1.89068625E-04
   1.89266459E-04
   1.89464394E-04
   1.89662460E-04
   1.89860628E-04
   1.90058927E-04
   1.90257342E-04
   1.90455859E-04
   1.90654508E-04
   1.90853258E-04
   1.91052124E-04
   1.91251107E-04
   1.91450192E-04
   1.91649407E-04
   1.91848740E-04
   1.92048188E-04
   1.92247753E-04
   1.92447435E-04
   1.92647247E-04
   1.92847161E-04
   1.93047192E-04
   1.93247339E-04
   1.93447602E-04
   1.93647968E-04
   1.93848464E-04
   1.94049077E-04
   1.94249806E-04
   1.94450637E-04
   1.94651599E-04
   1.94852691E-04
   1.95053886E-04
   1.95255197E-04
   1.95456625E-04
   1.95658155E-04
   1.95859815E-04
   1.96061577E-04
   1.96263456E-04
   1.96465451E-04
   1.96667577E-04
   1.96869805E-04
   1.97072150E-04
   1.97274625E-04
   1.97477202E-04
   1.97679896E-04
   1.97882720E-04
   1.98085647E-04
   1.98288704E-04
   1.98491864E-04
   1.98695139E-04
   1.98898531E-04
   1.99102025E-04
   1.99305650E-04
   1.99509392E-04
   1.99713235E-04
   1.99917209E-04
   2.00121300E-04
   2.00325492E-04
   2.00529787E-04
   2.00734212E-04
   2.00938768E-04
   2.01143426E-04
   2.01348201E-04
   2.01553092E-04
   2.01758099E-04
   2.01963223E-04
   2.02168463E-04
   2.02373820E-04
   2.02579278E-04
   2.02784868E-04
   2.02990574E-04
   2.03196381E-04
   2.03402320E-04
   2.03608361E-04
   2.03814518E-04
   2.04020806E-04
   2.04227195E-04
   2.04433702E-04
   2.04640310E-04
   2.04847049E-04
   2.05053904E-04
   2.05260862E-04
   2.05467935E-04
   2.05675140E-04
   2.05882447E-04
