   0.00000000    
   1.70939920E-08
   2.56025885E-07
   1.87318403E-06
   8.96910296E-06
   3.18067214E-05
   8.97325226E-05
   2.11409802E-04
   4.31269058E-04
   7.83619063E-04
   1.29715516E-03
   1.99173763E-03
   2.87763169E-03
   3.95642780E-03
   5.22274012E-03
   6.66607218E-03
   8.27252865E-03
   1.00262174E-02
   1.19103538E-02
   1.39080416E-02
   1.60028506E-02
   1.81791633E-02
   2.04224195E-02
   2.27192119E-02
   2.50573419E-02
   2.74258107E-02
   2.98147779E-02
   3.22154947E-02
   3.46202254E-02
   3.70221809E-02
   3.94154154E-02
   4.17947695E-02
   4.41557728E-02
   4.64946032E-02
   4.88079637E-02
   5.10930978E-02
   5.33476472E-02
   5.55696860E-02
   5.77575974E-02
   5.99101335E-02
   6.20262362E-02
   6.41051382E-02
   6.61462843E-02
   6.81492612E-02
   7.01138303E-02
   7.20399320E-02
   7.39275590E-02
   7.57768452E-02
   7.75880218E-02
   7.93613940E-02
   8.10972974E-02
   8.27961937E-02
   8.44585150E-02
   8.60847756E-02
   8.76755416E-02
   8.92313346E-02
   9.07527879E-02
   9.22404602E-02
   9.36950371E-02
   9.51170847E-02
   9.65072736E-02
   9.78662595E-02
   9.91946459E-02
  0.100493081    
  0.101762220    
  0.103002697    
  0.104215138    
  0.105400145    
  0.106558383    
  0.107690401    
  0.108796857    
  0.109878287    
  0.110935315    
  0.111968473    
  0.112978354    
  0.113965511    
  0.114930443    
  0.115873702    
  0.116795823    
  0.117697254    
  0.118578553    
  0.119440146    
  0.120282561    
  0.121106245    
  0.121911578    
  0.122699112    
  0.123469196    
  0.124222279    
  0.124958791    
  0.125679046    
  0.126383513    
  0.127072573    
  0.127746552    
  0.128405839    
  0.129050776    
  0.129681706    
  0.130298987    
  0.130902901    
  0.131493807    
  0.132071987    
  0.132637754    
  0.133191362    
  0.133733183    
  0.134263426    
  0.134782389    
  0.135290340    
  0.135787562    
  0.136274219    
  0.136750624    
  0.137217030    
  0.137673646    
  0.138120696    
  0.138558373    
  0.138986975    
  0.139406621    
  0.139817595    
  0.140220031    
  0.140614167    
  0.141000181    
  0.141378224    
  0.141748548    
  0.142111272    
  0.142466575    
  0.142814621    
  0.143155620    
  0.143489689    
  0.143816993    
  0.144137666    
  0.144451886    
  0.144759774    
  0.145061478    
  0.145357177    
  0.145646870    
  0.145930856    
  0.146209180    
  0.146481946    
  0.146749318    
  0.147011399    
  0.147268310    
  0.147520140    
  0.147767022    
  0.148009047    
  0.148246348    
  0.148479000    
  0.148707107    
  0.148930773    
  0.149150103    
  0.149365172    
  0.149576083    
  0.149782896    
  0.149985746    
  0.150184676    
  0.150379777    
  0.150571167    
  0.150758833    
  0.150942966    
  0.151123539    
  0.151300728    
  0.151474476    
  0.151645005    
  0.151812240    
  0.151976377    
  0.152137339    
  0.152295351    
  0.152450338    
  0.152602434    
  0.152751669    
  0.152898133    
  0.153041840    
  0.153182849    
  0.153321281    
  0.153457120    
  0.153590426    
  0.153721288    
  0.153849706    
  0.153975770    
  0.154099479    
  0.154220939    
  0.154340163    
  0.154457226    
  0.154572085    
  0.154684901    
  0.154795602    
  0.154904351    
  0.155011058    
  0.155115828    
  0.155218735    
  0.155319765    
  0.155418947    
  0.155516371    
  0.155612022    
  0.155705929    
  0.155798167    
  0.155888766    
  0.155977726    
  0.156065106    
  0.156150907    
  0.156235188    
  0.156317949    
  0.156399220    
  0.156479090    
  0.156557500    
  0.156634539    
  0.156710237    
  0.156784549    
  0.156857595    
  0.156929314    
  0.156999782    
  0.157069013    
  0.157137021    
  0.157203853    
  0.157269493    
  0.157334030    
  0.157397389    
  0.157459676    
  0.157520860    
  0.157580957    
  0.157640055    
  0.157698065    
  0.157755151    
  0.157811165    
  0.157866269    
  0.157920390    
  0.157973602    
  0.158025876    
  0.158077270    
  0.158127770    
  0.158177376    
  0.158226177    
  0.158274114    
  0.158321232    
  0.158367544    
  0.158413067    
  0.158457831    
  0.158501804    
  0.158545047    
  0.158587560    
  0.158629358    
  0.158670411    
  0.158710808    
  0.158750504    
  0.158789486    
  0.158827886    
  0.158865586    
  0.158902675    
  0.158939123    
  0.158974960    
  0.159010217    
  0.159044877    
  0.159078956    
  0.159112453    
  0.159145400    
  0.159177765    
  0.159209639    
  0.159240946    
  0.159271747    
  0.159302011    
  0.159331799    
  0.159361064    
  0.159389868    
  0.159418225    
  0.159446061    
  0.159473464    
  0.159500405    
  0.159526870    
  0.159552962    
  0.159578592    
  0.159603804    
  0.159628600    
  0.159652993    
  0.159676969    
  0.159700572    
  0.159723774    
  0.159746602    
  0.159769058    
  0.159791142    
  0.159812883    
  0.159834236    
  0.159855291    
  0.159875959    
  0.159896299    
  0.159916326    
  0.159935996    
  0.159955353    
  0.159974426    
  0.159993157    
  0.160011619    
  0.160029754    
  0.160047606    
  0.160065144    
  0.160082445    
  0.160099447    
  0.160116181    
  0.160132632    
  0.160148829    
  0.160164773    
  0.160180435    
  0.160195887    
  0.160211056    
  0.160226002    
  0.160240710    
  0.160255179    
  0.160269409    
  0.160283417    
  0.160297200    
  0.160310760    
  0.160324112    
  0.160337240    
  0.160350189    
  0.160362899    
  0.160375431    
  0.160387740    
  0.160399884    
  0.160411820    
  0.160423547    
  0.160435125    
  0.160446525    
  0.160457700    
  0.160468727    
  0.160479546    
  0.160490260    
  0.160500765    
  0.160511121    
  0.160521269    
  0.160531312    
  0.160541162    
  0.160550877    
  0.160560414    
  0.160569847    
  0.160579085    
  0.160588205    
  0.160597205    
  0.160606056    
  0.160614714    
  0.160623297    
  0.160631731    
  0.160640016    
  0.160648212    
  0.160656244    
  0.160664156    
  0.160671964    
  0.160679653    
  0.160687193    
  0.160694629    
  0.160701960    
  0.160709187    
  0.160716280    
  0.160723269    
  0.160730153    
  0.160736918    
  0.160743594    
  0.160750136    
  0.160756618    
  0.160762951    
  0.160769239    
  0.160775408    
  0.160781473    
  0.160787478    
  0.160793364    
  0.160799161    
  0.160804883    
  0.160810500    
  0.160816044    
  0.160821497    
  0.160826877    
  0.160832167    
  0.160837367    
  0.160842493    
  0.160847560    
  0.160852537    
  0.160857424    
  0.160862267    
  0.160867006    
  0.160871699    
  0.160876304    
  0.160880834    
  0.160885289    
  0.160889700    
  0.160894036    
  0.160898298    
  0.160902530    
  0.160906658    
  0.160910740    
  0.160914764    
  0.160918728    
  0.160922632    
  0.160926446    
  0.160930231    
  0.160933971    
  0.160937622    
  0.160941243    
  0.160944790    
  0.160948306    
  0.160951748    
  0.160955146    
  0.160958499    
  0.160961807    
  0.160965055    
  0.160968244    
  0.160971388    
  0.160974532    
  0.160977587    
  0.160980612    
  0.160983577    
  0.160986498    
  0.160989374    
  0.160992220    
  0.160995007    
  0.160997793    
  0.161000475    
  0.161003157    
  0.161005795    
  0.161008388    
  0.161010951    
  0.161013484    
  0.161015943    
  0.161018401    
  0.161020786    
  0.161023155    
  0.161025509    
  0.161027819    
  0.161030054    
  0.161032334    
  0.161034510    
  0.161036700    
  0.161038831    
  0.161040932    
  0.161043018    
  0.161045089    
  0.161047056    
  0.161049068    
  0.161051005    
  0.161052942    
  0.161054835    
  0.161056697    
  0.161058545    
  0.161060363    
  0.161062151    
  0.161063924    
  0.161065653    
  0.161067367    
  0.161069065    
  0.161070734    
  0.161072358    
  0.161073983    
  0.161075577    
  0.161077127    
  0.161078706    
  0.161080211    
  0.161081716    
  0.161083192    
  0.161084637    
  0.161086097    
  0.161087483    
  0.161088899    
  0.161090270    
  0.161091626    
  0.161092952    
  0.161094263    
  0.161095560    
  0.161096841    
  0.161098093    
  0.161099344    
  0.161100551    
  0.161101773    
  0.161102965    
  0.161104128    
  0.161105275    
  0.161106408    
  0.161107540    
  0.161108643    
  0.161109731    
  0.161110818    
  0.161111861    
  0.161112905    
  0.161113933    
  0.161114931    
  0.161115944    
  0.161116928    
  0.161117896    
  0.161118850    
  0.161119804    
  0.161120698    
  0.161121637    
  0.161122531    
  0.161123440    
  0.161124304    
  0.161125168    
  0.161126018    
  0.161126867    
  0.161127657    
  0.161128476    
  0.161129281    
  0.161130100    
  0.161130890    
  0.161131650    
  0.161132425    
  0.161133170    
  0.161133915    
  0.161134630    
  0.161135346    
  0.161136046    
  0.161136761    
  0.161137447    
  0.161138117    
  0.161138788    
  0.161139444    
  0.161140084    
  0.161140740    
  0.161141366    
  0.161141977    
  0.161142588    
  0.161143184    
  0.161143795    
  0.161144376    
  0.161144957    
  0.161145538    
  0.161146089    
  0.161146656    
  0.161147207    
  0.161147758    
  0.161148280    
  0.161148801    
  0.161149338    
  0.161149815    
  0.161150336    
  0.161150813    
  0.161151290    
  0.161151782    
  0.161152244    
  0.161152735    
  0.161153182    
  0.161153659    
  0.161154076    
  0.161154538    
  0.161154985    
  0.161155403    
  0.161155835    
  0.161156237    
  0.161156669    
  0.161157072    
  0.161157474    
  0.161157876    
  0.161158264    
  0.161158621    
  0.161159009    
  0.161159381    
  0.161159769    
  0.161160111    
  0.161160469    
  0.161160827    
  0.161161169    
  0.161161527    
  0.161161855    
  0.161162168    
  0.161162525    
  0.161162838    
  0.161163166    
  0.161163479    
  0.161163777    
  0.161164090    
  0.161164403    
  0.161164701    
  0.161164999    
  0.161165267    
  0.161165565    
  0.161165848    
  0.161166131    
  0.161166415    
  0.161166683    
  0.161166966    
  0.161167204    
  0.161167502    
  0.161167726    
  0.161167979    
  0.161168233    
  0.161168486    
  0.161168739    
  0.161168978    
  0.161169201    
  0.161169425    
  0.161169663    
  0.161169901    
  0.161170110    
  0.161170334    
  0.161170542    
  0.161170751    
  0.161170974    
  0.161171183    
  0.161171392    
  0.161171570    
  0.161171809    
  0.161171988    
  0.161172196    
  0.161172375    
  0.161172554    
  0.161172748    
  0.161172926    
  0.161173105    
  0.161173284    
  0.161173478    
  0.161173627    
  0.161173835    
  0.161173984    
  0.161174163    
  0.161174327    
  0.161174476    
  0.161174640    
  0.161174804    
  0.161174953    
  0.161175102    
  0.161175266    
  0.161175415    
  0.161175549    
  0.161175698    
  0.161175832    
  0.161175981    
  0.161176115    
  0.161176264    
  0.161176398    
  0.161176547    
  0.161176652    
  0.161176801    
  0.161176920    
  0.161177054    
  0.161177158    
  0.161177292    
  0.161177427    
  0.161177546    
  0.161177680    
  0.161177784    
  0.161177889    
  0.161178008    
  0.161178112    
  0.161178216    
  0.161178321    
  0.161178440    
  0.161178544    
  0.161178634    
  0.161178768    
  0.161178842    
  0.161178961    
  0.161179036    
  0.161179155    
  0.161179245    
  0.161179334    
  0.161179438    
  0.161179528    
  0.161179602    
  0.161179721    
  0.161179796    
  0.161179900    
  0.161179975    
  0.161180064    
  0.161180139    
  0.161180243    
  0.161180303    
  0.161180392    
  0.161180466    
  0.161180541    
  0.161180630    
  0.161180705    
  0.161180764    
  0.161180839    
  0.161180928    
  0.161180988    
  0.161181062    
  0.161181137    
  0.161181211    
  0.161181271    
  0.161181346    
  0.161181420    
  0.161181480    
  0.161181554    
  0.161181614    
  0.161181673    
  0.161181733    
  0.161181822    
  0.161181867    
  0.161181927    
  0.161181986    
  0.161182031    
  0.161182091    
  0.161182150    
  0.161182225    
  0.161182269    
  0.161182314    
  0.161182359    
  0.161182404    
  0.161182478    
  0.161182508    
  0.161182582    
  0.161182627    
  0.161182672    
  0.161182731    
  0.161182776    
  0.161182821    
  0.161182895    
  0.161182940    
  0.161182985    
  0.161183029    
  0.161183059    
  0.161183119    
  0.161183149    
  0.161183208    
  0.161183238    
  0.161183298    
  0.161183327    
  0.161183387    
  0.161183417    
  0.161183462    
  0.161183491    
  0.161183521    
  0.161183581    
  0.161183611    
  0.161183655    
  0.161183685    
  0.161183730    
  0.161183745    
  0.161183804    
  0.161183834    
  0.161183849    
  0.161183909    
  0.161183923    
  0.161183953    
  0.161183998    
  0.161184028    
  0.161184058    
  0.161184072    
  0.161184117    
  0.161184147    
  0.161184177    
  0.161184207    
  0.161184236    
  0.161184266    
  0.161184296    
  0.161184326    
  0.161184356    
  0.161184385    
  0.161184400    
  0.161184430    
  0.161184460    
  0.161184490    
  0.161184505    
  0.161184549    
  0.161184564    
  0.161184594    
  0.161184594    
  0.161184624    
  0.161184654    
  0.161184669    
  0.161184713    
  0.161184728    
  0.161184743    
  0.161184773    
  0.161184788    
  0.161184818    
  0.161184847    
  0.161184862    
  0.161184877    
  0.161184907    
  0.161184922    
  0.161184937    
  0.161184952    
  0.161184996    
  0.161184996    
  0.161185026    
  0.161185041    
  0.161185056    
  0.161185071    
  0.161185101    
  0.161185116    
  0.161185145    
  0.161185160    
  0.161185190    
  0.161185190    
  0.161185220    
  0.161185235    
  0.161185235    
  0.161185265    
  0.161185279    
  0.161185294    
  0.161185309    
  0.161185324    
  0.161185354    
  0.161185354    
  0.161185369    
  0.161185399    
  0.161185414    
  0.161185414    
  0.161185429    
  0.161185443    
  0.161185458    
  0.161185458    
  0.161185473    
  0.161185473    
  0.161185503    
  0.161185518    
  0.161185533    
  0.161185548    
  0.161185563    
  0.161185548    
  0.161185578    
  0.161185592    
  0.161185607    
  0.161185622    
  0.161185622    
  0.161185637    
  0.161185652    
  0.161185667    
  0.161185667    
  0.161185682    
  0.161185682    
  0.161185697    
  0.161185712    
  0.161185727    
  0.161185741    
  0.161185756    
  0.161185786    
  0.161185771    
  0.161185786    
  0.161185801    
  0.161185801    
  0.161185816    
  0.161185846    
  0.161185831    
  0.161185846    
  0.161185861    
  0.161185876    
  0.161185876    
  0.161185890    
  0.161185890    
  0.161185890    
  0.161185905    
  0.161185905    
  0.161185920    
  0.161185935    
  0.161185935    
  0.161185950    
  0.161185950    
  0.161185965    
  0.161185965    
  0.161185965    
  0.161185965    
  0.161185965    
  0.161185980    
  0.161185980    
  0.161185980    
  0.161185995    
  0.161185995    
  0.161186010    
  0.161186010    
  0.161186010    
  0.161186025    
  0.161186025    
  0.161186025    
  0.161186039    
  0.161186039    
  0.161186039    
  0.161186054    
  0.161186069    
  0.161186054    
  0.161186069    
  0.161186069    
  0.161186069    
  0.161186084    
  0.161186069    
  0.161186084    
  0.161186084    
  0.161186084    
  0.161186099    
  0.161186099    
  0.161186099    
  0.161186114    
  0.161186129    
  0.161186129    
  0.161186129    
  0.161186144    
  0.161186144    
  0.161186144    
  0.161186144    
  0.161186159    
  0.161186159    
  0.161186159    
  0.161186174    
  0.161186174    
  0.161186174    
  0.161186174    
  0.161186174    
  0.161186174    
  0.161186174    
  0.161186188    
  0.161186188    
  0.161186188    
  0.161186203    
  0.161186203    
  0.161186203    
  0.161186203    
  0.161186218    
  0.161186218    
