 This is a test file containing a non-square matrix
 The dimension of the matrix is        1200  by           6
 .914149E-02 .583008E-02 .945669E-06 .339226E-06 .197567E-07 .197567E-07
 .864924E-02 .564676E-02 .716920E-06 .261143E-06 .147664E-07 .147664E-07
 .758640E-02 .451963E-02 .770777E-06 .355149E-06 .168779E-07 .168779E-07
 .998525E-02 .694556E-02 .876548E-06 .264381E-06 .175574E-07 .175574E-07
 .110586E-01 .758841E-02 .115332E-05 .321710E-06 .231106E-07 .231106E-07
 .920563E-02 .593483E-02 .130444E-05 .445664E-06 .274800E-07 .274800E-07
 .758758E-02 .455107E-02 .104473E-05 .468873E-06 .231818E-07 .231818E-07
 .963076E-02 .717156E-02 .698119E-06 .196299E-06 .135791E-07 .135791E-07
 .778348E-02 .530567E-02 .537567E-06 .196609E-06 .108717E-07 .108717E-07
 .725136E-02 .441892E-02 .583643E-06 .269543E-06 .125464E-07 .125464E-07
 .642353E-02 .362762E-02 .635926E-06 .368598E-06 .146229E-07 .146229E-07
 .614649E-02 .342402E-02 .869084E-06 .524761E-06 .206650E-07 .206650E-07
 .114954E-01 .893496E-02 .988605E-06 .236883E-06 .190568E-07 .190568E-07
 .132157E-01 .103302E-01 .137218E-05 .288184E-06 .263416E-07 .263416E-07
 .108925E-01 .806148E-02 .167753E-05 .415623E-06 .335771E-07 .335771E-07
 .788830E-02 .550910E-02 .188126E-05 .614463E-06 .401160E-07 .401160E-07
 .701407E-02 .437261E-02 .143347E-05 .619192E-06 .321440E-07 .321440E-07
 .618965E-02 .363757E-02 .117983E-05 .633529E-06 .277019E-07 .277019E-07
 .901814E-02 .780488E-02 .589340E-06 .138258E-06 .109470E-07 .109470E-07
 .799989E-02 .610940E-02 .516604E-06 .155021E-06 .999025E-08 .999025E-08
 .111945E-01 .102179E-01 .859425E-06 .173803E-06 .159208E-07 .159208E-07
 .675887E-02 .483910E-02 .395074E-06 .140627E-06 .777441E-08 .777441E-08
 .674869E-02 .427785E-02 .454904E-06 .204552E-06 .954453E-08 .954453E-08
 .625836E-02 .353199E-02 .479767E-06 .282137E-06 .108207E-07 .108207E-07
 .579381E-02 .316854E-02 .552514E-06 .371541E-06 .131447E-07 .131447E-07
 .521705E-02 .277236E-02 .663935E-06 .511269E-06 .167491E-07 .167491E-07
 .447483E-02 .238667E-02 .904012E-06 .761515E-06 .240682E-07 .240682E-07
 .502882E-02 .284351E-02 .114721E-05 .776792E-06 .288336E-07 .288336E-07
 .122910E-01 .118211E-01 .117153E-05 .217368E-06 .218119E-07 .218119E-07
 .122555E-01 .146578E-01 .160789E-05 .248663E-06 .296203E-07 .296203E-07
 .112387E-01 .113133E-01 .195994E-05 .351772E-06 .374266E-07 .374266E-07
 .943499E-02 .889812E-02 .226790E-05 .459909E-06 .446344E-07 .446344E-07
 .833364E-02 .699797E-02 .231148E-05 .566257E-06 .471124E-07 .471124E-07
 .610309E-02 .402077E-02 .187888E-05 .800145E-06 .427031E-07 .427031E-07
 .567731E-02 .414230E-02 .252880E-05 .922785E-06 .563133E-07 .563133E-07
 .680893E-02 .550217E-02 .260712E-05 .736333E-06 .550165E-07 .550165E-07
 .511424E-02 .309288E-02 .160944E-05 .902092E-06 .389873E-07 .389873E-07
 .778331E-02 .727558E-02 .452195E-06 .958566E-07 .809139E-08 .809139E-08
 .752468E-02 .616045E-02 .452178E-06 .123119E-06 .849943E-08 .849943E-08
 .994477E-02 .107541E-01 .714310E-06 .119073E-06 .126548E-07 .126548E-07
 .119160E-01 .153959E-01 .117466E-05 .166691E-06 .209440E-07 .209440E-07
 .657459E-02 .538843E-02 .363113E-06 .101940E-06 .676456E-08 .676456E-08
 .602989E-02 .458826E-02 .323962E-06 .106748E-06 .619050E-08 .619050E-08
 .578355E-02 .400608E-02 .312638E-06 .124045E-06 .620580E-08 .620580E-08
 .614826E-02 .392979E-02 .362354E-06 .164205E-06 .748891E-08 .748891E-08
 .537035E-02 .279287E-02 .530567E-06 .407261E-06 .130929E-07 .130929E-07
 .603083E-02 .349326E-02 .392688E-06 .218107E-06 .858495E-08 .858495E-08
 .470518E-02 .244580E-02 .639428E-06 .555982E-06 .168099E-07 .168099E-07
 .417955E-02 .215835E-02 .740630E-06 .715612E-06 .204730E-07 .204730E-07
 .344349E-02 .177467E-02 .900734E-06 .100930E-05 .267546E-07 .267546E-07
 .358635E-02 .191927E-02 .106796E-05 .105552E-05 .305431E-07 .305431E-07
 .407485E-02 .224977E-02 .115828E-05 .963145E-06 .312396E-07 .312396E-07
 .415549E-02 .237875E-02 .139758E-05 .104046E-05 .367026E-07 .367026E-07
 .103030E-01 .215166E-01 .196954E-05 .213501E-06 .349451E-07 .349451E-07
 .100211E-01 .152578E-01 .244252E-05 .314093E-06 .448801E-07 .448801E-07
 .861340E-02 .103837E-01 .286429E-05 .451005E-06 .547936E-07 .547936E-07
 .792036E-02 .796565E-02 .280765E-05 .553844E-06 .556937E-07 .556937E-07
 .674553E-02 .635165E-02 .312036E-05 .700599E-06 .636707E-07 .636707E-07
 .501564E-02 .333007E-02 .216823E-05 .102191E-05 .510451E-07 .510451E-07
 .538184E-02 .464538E-02 .353424E-05 .974339E-06 .754456E-07 .754456E-07
 .432769E-02 .338452E-02 .352187E-05 .127514E-05 .798562E-07 .798562E-07
 .425871E-02 .299235E-02 .280529E-05 .127626E-05 .664463E-07 .664463E-07
 .348054E-02 .206230E-02 .186768E-05 .140589E-05 .500489E-07 .500489E-07
 .401898E-02 .258460E-02 .226999E-05 .130433E-05 .566039E-07 .566039E-07
 .643356E-02 .640527E-02 .346337E-06 .662936E-07 .596898E-08 .596898E-08
 .630243E-02 .560175E-02 .333278E-06 .806065E-07 .598707E-08 .598707E-08
 .773711E-02 .941967E-02 .550009E-06 .749406E-07 .931860E-08 .931860E-08
 .911895E-02 .134387E-01 .943876E-06 .108463E-06 .162313E-07 .162313E-07
 .899104E-02 .175668E-01 .152295E-05 .144023E-06 .263376E-07 .263376E-07
 .572938E-02 .470160E-02 .286956E-06 .822917E-07 .527243E-08 .527243E-08
 .557871E-02 .418915E-02 .284379E-06 .972516E-07 .542609E-08 .542609E-08
 .544228E-02 .378728E-02 .282719E-06 .111515E-06 .557168E-08 .557168E-08
 .568014E-02 .366677E-02 .317951E-06 .144252E-06 .652311E-08 .652311E-08
 .477116E-02 .247349E-02 .601254E-06 .518557E-06 .156864E-07 .156864E-07
 .408950E-02 .209800E-02 .684567E-06 .681438E-06 .190578E-07 .190578E-07
 .357828E-02 .181887E-02 .764605E-06 .855901E-06 .224726E-07 .224726E-07
 .298482E-02 .151274E-02 .892108E-06 .115003E-05 .281094E-07 .281094E-07
 .283004E-02 .145256E-02 .100814E-05 .132157E-05 .322496E-07 .322496E-07
 .288780E-02 .152092E-02 .114162E-05 .136735E-05 .354225E-07 .354225E-07
 .332575E-02 .183918E-02 .135768E-05 .128646E-05 .387791E-07 .387791E-07
 .726156E-02 .163987E-01 .255936E-05 .185676E-06 .443122E-07 .443122E-07
 .785446E-02 .159620E-01 .324511E-05 .285008E-06 .577666E-07 .577666E-07
 .741447E-02 .120603E-01 .371725E-05 .409121E-06 .685983E-07 .685983E-07
 .661437E-02 .907405E-02 .406286E-05 .541729E-06 .774249E-07 .774249E-07
 .673135E-02 .765497E-02 .362424E-05 .622392E-06 .712680E-07 .712680E-07
 .549690E-02 .579437E-02 .428441E-05 .839971E-06 .868590E-07 .868590E-07
 .429781E-02 .431204E-02 .517290E-05 .116330E-05 .108456E-06 .108456E-06
 .391520E-02 .341784E-02 .464883E-05 .139693E-05 .102665E-06 .102665E-06
 .349134E-02 .260956E-02 .371081E-05 .163208E-05 .885844E-07 .885844E-07
 .350019E-02 .283038E-02 .439900E-05 .162952E-05 .101617E-06 .101617E-06
 .334486E-02 .229463E-02 .308133E-05 .168540E-05 .771692E-07 .771692E-07
 .267990E-02 .152066E-02 .177493E-05 .180337E-05 .528860E-07 .528860E-07
 .248640E-02 .150872E-02 .253610E-05 .222702E-05 .729434E-07 .729434E-07
 .314737E-02 .200607E-02 .258017E-05 .174349E-05 .681066E-07 .681066E-07
 .538520E-02 .539889E-02 .263519E-06 .492045E-07 .443097E-08 .443097E-08
 .570103E-02 .500869E-02 .273755E-06 .671116E-07 .484895E-08 .484895E-08
 .590426E-02 .676485E-02 .361625E-06 .530832E-07 .603147E-08 .603147E-08
 .574476E-02 .779398E-02 .488178E-06 .539959E-07 .809246E-08 .809246E-08
 .629729E-02 .930304E-02 .654863E-06 .654424E-07 .109421E-07 .109421E-07
 .717154E-02 .110662E-01 .818716E-06 .811816E-07 .138214E-07 .138214E-07
 .701390E-02 .132297E-01 .124763E-05 .996367E-07 .211266E-07 .211266E-07
 .688855E-02 .143986E-01 .183102E-05 .132261E-06 .313717E-07 .313717E-07
 .531379E-02 .402175E-02 .257214E-06 .854307E-07 .484230E-08 .484230E-08
 .252658E-02 .127933E-02 .101517E-05 .147980E-05 .340342E-07 .340342E-07
 .239303E-02 .122923E-02 .114472E-05 .168657E-05 .388680E-07 .388680E-07
 .228905E-02 .120940E-02 .134568E-05 .188470E-05 .451220E-07 .451220E-07
 .263389E-02 .143273E-02 .143229E-05 .167190E-05 .445861E-07 .445861E-07
 .579604E-02 .128019E-01 .234805E-05 .140525E-06 .402388E-07 .402388E-07
 .482958E-02 .111234E-01 .357269E-05 .177352E-06 .616409E-07 .616409E-07
 .549704E-02 .121896E-01 .440661E-05 .261718E-06 .771883E-07 .771883E-07
 .543821E-02 .106181E-01 .536910E-05 .398491E-06 .967033E-07 .967033E-07
 .532228E-02 .849218E-02 .550632E-05 .551817E-06 .102948E-06 .102948E-06
 .522069E-02 .677220E-02 .521260E-05 .734078E-06 .101461E-06 .101461E-06
 .441017E-02 .510587E-02 .578596E-05 .991686E-06 .116625E-06 .116625E-06
 .338173E-02 .383141E-02 .756048E-05 .136983E-05 .155840E-06 .155840E-06
 .326463E-02 .315251E-02 .645766E-05 .164260E-05 .140436E-06 .140436E-06
 .291919E-02 .249440E-02 .578734E-05 .199440E-05 .133440E-06 .133440E-06
 .281164E-02 .205014E-02 .411645E-05 .212925E-05 .103233E-06 .103233E-06
 .301379E-02 .236645E-02 .465798E-05 .195983E-05 .111398E-06 .111398E-06
 .262835E-02 .175520E-02 .341092E-05 .226755E-05 .910596E-07 .910596E-07
 .217622E-02 .119345E-02 .168200E-05 .218020E-05 .552473E-07 .552473E-07
 .213494E-02 .122313E-02 .212611E-05 .245229E-05 .673434E-07 .673434E-07
 .171569E-02 .101547E-02 .290693E-05 .345337E-05 .948083E-07 .948083E-07
 .196490E-02 .127712E-02 .389167E-05 .326940E-05 .113163E-06 .113163E-06
 .508835E-02 .575678E-02 .294443E-06 .437453E-07 .486531E-08 .486531E-08
 .530094E-02 .490728E-02 .254660E-06 .568920E-07 .441727E-08 .441727E-08
 .529512E-02 .465501E-02 .252942E-06 .628952E-07 .447855E-08 .447855E-08
 .528957E-02 .439270E-02 .252756E-06 .707313E-07 .458156E-08 .458156E-08
 .516773E-02 .655849E-02 .372209E-06 .452117E-07 .612316E-08 .612316E-08
 .511050E-02 .729017E-02 .476986E-06 .477147E-07 .784177E-08 .784177E-08
 .542949E-02 .855777E-02 .642894E-06 .559993E-07 .106140E-07 .106140E-07
 .595540E-02 .103337E-01 .899827E-06 .711024E-07 .149968E-07 .149968E-07
 .532409E-02 .107116E-01 .135670E-05 .840944E-07 .227385E-07 .227385E-07
 .583010E-02 .122349E-01 .177525E-05 .111965E-06 .301766E-07 .301766E-07
 .211118E-02 .106479E-02 .116614E-05 .193405E-05 .417820E-07 .417820E-07
 .200208E-02 .103257E-02 .131836E-05 .218671E-05 .476935E-07 .476935E-07
 .178159E-02 .942590E-03 .159036E-05 .264179E-05 .582666E-07 .582666E-07
 .469995E-02 .105022E-01 .237955E-05 .118301E-06 .404983E-07 .404983E-07
 .401351E-02 .921423E-02 .354106E-05 .149536E-06 .611364E-07 .611364E-07
 .334580E-02 .777037E-02 .513963E-05 .187876E-06 .898909E-07 .898909E-07
 .367558E-02 .835216E-02 .601724E-05 .251822E-06 .105805E-06 .105805E-06
 .374347E-02 .802285E-02 .723451E-05 .353329E-06 .128803E-06 .128803E-06
 .338627E-02 .657429E-02 .897251E-05 .517958E-06 .163264E-06 .163264E-06
 .429045E-02 .771008E-02 .702738E-05 .543158E-06 .129727E-06 .129727E-06
 .408764E-02 .677320E-02 .731092E-05 .644414E-06 .137229E-06 .137229E-06
 .411329E-02 .617540E-02 .709465E-05 .752945E-06 .135605E-06 .135605E-06
 .381750E-02 .503117E-02 .738158E-05 .983527E-06 .145319E-06 .145319E-06
 .284435E-02 .376788E-02 .103068E-04 .131658E-05 .205408E-06 .205408E-06
 .233880E-02 .275250E-02 .115386E-04 .193424E-05 .240924E-06 .240924E-06
 .268264E-02 .281005E-02 .870785E-05 .192241E-05 .187709E-06 .187709E-06
 .245135E-02 .232139E-02 .817123E-05 .232820E-05 .184515E-06 .184515E-06
 .210900E-02 .179927E-02 .775940E-05 .299150E-05 .187013E-06 .187013E-06
 .243803E-02 .190941E-02 .558800E-05 .256588E-05 .138124E-06 .138124E-06
 .217926E-02 .156124E-02 .484631E-05 .296658E-05 .128884E-06 .128884E-06
 .171799E-02 .954015E-03 .205439E-05 .302664E-05 .722706E-07 .722706E-07
 .142929E-02 .811770E-03 .256019E-05 .398474E-05 .936054E-07 .936054E-07
 .114160E-02 .663712E-03 .333054E-05 .547197E-05 .126938E-06 .126938E-06
 .136098E-02 .869890E-03 .467056E-05 .509735E-05 .152019E-06 .152019E-06
 .160474E-02 .112995E-02 .580257E-05 .437010E-05 .167266E-06 .167266E-06
 .486555E-02 .600075E-02 .329402E-06 .419054E-07 .541324E-08 .541324E-08
 .482835E-02 .652704E-02 .392625E-06 .427006E-07 .643271E-08 .643271E-08
 .495755E-02 .765034E-02 .553392E-06 .485702E-07 .907689E-08 .907689E-08
 .506563E-02 .920449E-02 .880934E-06 .602074E-07 .144963E-07 .144963E-07
 .479107E-02 .958990E-02 .129531E-05 .757848E-07 .216594E-07 .216594E-07
 .447874E-02 .955760E-02 .182375E-05 .930862E-07 .308197E-07 .308197E-07
 .152236E-02 .775011E-03 .147981E-05 .304450E-05 .598295E-07 .598295E-07
 .163693E-02 .839710E-03 .146982E-05 .281936E-05 .573838E-07 .573838E-07
 .140719E-02 .734694E-03 .172295E-05 .351580E-05 .701874E-07 .701874E-07
 .148674E-02 .800374E-03 .190935E-05 .341760E-05 .733740E-07 .733740E-07
 .400755E-02 .890785E-02 .238916E-05 .106848E-06 .406948E-07 .406948E-07
 .358983E-02 .829012E-02 .346239E-05 .135783E-06 .596149E-07 .596149E-07
 .294207E-02 .683900E-02 .553658E-05 .184202E-06 .975456E-07 .975456E-07
 .268523E-02 .622031E-02 .700245E-05 .219875E-06 .124484E-06 .124484E-06
 .256923E-02 .590070E-02 .833420E-05 .259375E-06 .148798E-06 .148798E-06
 .274935E-02 .611364E-02 .901687E-05 .324089E-06 .161404E-06 .161404E-06
 .250961E-02 .532436E-02 .114898E-04 .441543E-06 .207764E-06 .207764E-06
 .222581E-02 .435358E-02 .144592E-04 .644086E-06 .265873E-06 .265873E-06
 .345800E-02 .605615E-02 .885859E-05 .655267E-06 .165145E-06 .165145E-06
 .268808E-02 .483859E-02 .119239E-04 .734032E-06 .222132E-06 .222132E-06
 .352766E-02 .572449E-02 .858042E-05 .751773E-06 .162437E-06 .162437E-06
 .309209E-02 .468830E-02 .979576E-05 .959859E-06 .188781E-06 .188781E-06
 .240740E-02 .356439E-02 .131097E-04 .126125E-05 .256166E-06 .256166E-06
 .206952E-02 .282311E-02 .149476E-04 .171767E-05 .300398E-06 .300398E-06
 .168943E-02 .210679E-02 .172121E-04 .246840E-05 .360651E-06 .360651E-06
 .179491E-02 .202176E-02 .143225E-04 .272894E-05 .310839E-06 .310839E-06
 .208943E-02 .217262E-02 .110424E-04 .255317E-05 .243939E-06 .243939E-06
 .181780E-02 .171010E-02 .107836E-04 .334600E-05 .252719E-06 .252719E-06
 .146639E-02 .125462E-02 .108598E-04 .470872E-05 .276066E-06 .276066E-06
 .180220E-02 .139784E-02 .708139E-05 .379083E-05 .185392E-06 .185392E-06
 .139790E-02 .770294E-03 .221206E-05 .384311E-05 .845484E-07 .845484E-07
 .123050E-02 .686876E-03 .252997E-05 .460807E-05 .997665E-07 .997665E-07
 .939389E-03 .587790E-03 .506381E-05 .754779E-05 .190350E-06 .190350E-06
 .103001E-02 .570660E-03 .266283E-05 .561330E-05 .113431E-06 .113431E-06
 .843628E-03 .476468E-03 .325840E-05 .735173E-05 .145713E-06 .145713E-06
 .796335E-03 .471012E-03 .419307E-05 .842624E-05 .179688E-06 .179688E-06
 .122565E-02 .856900E-03 .674810E-05 .601859E-05 .209781E-06 .209781E-06
 .986003E-03 .665249E-03 .666970E-05 .756247E-05 .227881E-06 .227881E-06
 .125507E-02 .955522E-03 .885937E-05 .589069E-05 .253011E-06 .253011E-06
 .464766E-02 .906211E-02 .114933E-05 .685755E-07 .191520E-07 .191520E-07
 .450824E-02 .918299E-02 .142444E-05 .780321E-07 .239111E-07 .239111E-07
 .413966E-02 .892143E-02 .187651E-05 .911515E-07 .317487E-07 .317487E-07
 .123148E-02 .624970E-03 .168107E-05 .393775E-05 .731471E-07 .731471E-07
 .115805E-02 .605326E-03 .191761E-05 .445829E-05 .841506E-07 .841506E-07
 .120046E-02 .645697E-03 .212268E-05 .441493E-05 .885312E-07 .885312E-07
 .249668E-02 .578424E-02 .775081E-05 .226168E-06 .138919E-06 .138919E-06
 .177211E-02 .408391E-02 .121172E-04 .287147E-06 .221909E-06 .221909E-06
 .188093E-02 .423301E-02 .138025E-04 .360909E-06 .252100E-06 .252100E-06
 .171473E-02 .358203E-02 .180627E-04 .557499E-06 .333889E-06 .333889E-06
 .151757E-02 .289940E-02 .238713E-04 .893927E-06 .446064E-06 .446064E-06
 .204314E-02 .370518E-02 .165744E-04 .875410E-06 .310604E-06 .310604E-06
 .299461E-02 .500056E-02 .104412E-04 .807444E-06 .197255E-06 .197255E-06
 .235055E-02 .388610E-02 .138592E-04 .100958E-05 .263888E-06 .263888E-06
 .185749E-02 .285726E-02 .182410E-04 .146333E-05 .356074E-06 .356074E-06
 .144281E-02 .204380E-02 .231350E-04 .222519E-05 .468093E-06 .468093E-06
 .123342E-02 .157619E-02 .246928E-04 .319852E-05 .524084E-06 .524084E-06
 .139627E-02 .159908E-02 .190104E-04 .347750E-05 .418090E-06 .418090E-06
 .157253E-02 .163529E-02 .145458E-04 .352670E-05 .330616E-06 .330616E-06
 .138025E-02 .132158E-02 .144462E-04 .457350E-05 .347726E-06 .347726E-06
 .102066E-02 .939434E-03 .175552E-04 .679303E-05 .451549E-06 .451549E-06
 .104909E-02 .871487E-03 .131045E-04 .714733E-05 .363442E-06 .363442E-06
 .736370E-03 .486253E-03 .711788E-05 .104254E-04 .273639E-06 .273639E-06
 .674274E-03 .418729E-03 .568066E-05 .108346E-04 .242962E-06 .242962E-06
 .982245E-03 .529276E-03 .238663E-05 .567206E-05 .107534E-06 .107534E-06
 .842144E-03 .458912E-03 .273048E-05 .694274E-05 .128639E-06 .128639E-06
 .684723E-03 .377472E-03 .321846E-05 .906553E-05 .161986E-06 .161986E-06
 .668923E-03 .382444E-03 .384747E-05 .983389E-05 .185927E-06 .185927E-06
 .604656E-03 .358417E-03 .477457E-05 .116051E-04 .228090E-06 .228090E-06
 .100298E-02 .724836E-03 .856181E-05 .766277E-05 .272318E-06 .272318E-06
 .778952E-03 .552886E-03 .930172E-05 .101816E-04 .323095E-06 .323095E-06
 .844500E-03 .652804E-03 .121019E-04 .934557E-05 .375832E-06 .375832E-06
 .983083E-03 .508704E-03 .201102E-05 .528470E-05 .944312E-07 .944312E-07
 .970350E-03 .499281E-03 .197424E-05 .529182E-05 .936229E-07 .936229E-07
 .102727E-02 .543154E-03 .214545E-05 .523525E-05 .973584E-07 .973584E-07
 .137746E-02 .313858E-02 .160637E-04 .332638E-06 .302772E-06 .302772E-06
 .114699E-02 .255723E-02 .208728E-04 .407157E-06 .401530E-06 .401530E-06
 .128667E-02 .279149E-02 .214486E-04 .491610E-06 .406932E-06 .406932E-06
 .110996E-02 .229145E-02 .291315E-04 .707430E-06 .556320E-06 .556320E-06
 .877174E-03 .167322E-02 .435276E-04 .118429E-05 .843881E-06 .843881E-06
 .167728E-02 .288706E-02 .212767E-04 .118608E-05 .405584E-06 .405584E-06
 .115195E-02 .202724E-02 .336131E-04 .144151E-05 .648202E-06 .648202E-06
 .132257E-02 .211399E-02 .275623E-04 .175719E-05 .541243E-06 .541243E-06
 .102555E-02 .155178E-02 .348358E-04 .250417E-05 .705676E-06 .705676E-06
 .106812E-02 .148351E-02 .312704E-04 .303614E-05 .651082E-06 .651082E-06
 .102271E-02 .120827E-02 .272481E-04 .456762E-05 .607807E-06 .607807E-06
 .907762E-03 .118895E-02 .348374E-04 .408034E-05 .750604E-06 .750604E-06
 .112870E-02 .118035E-02 .207211E-04 .510349E-05 .485335E-06 .485335E-06
 .801183E-03 .810699E-03 .264768E-04 .786006E-05 .663631E-06 .663631E-06
 .752037E-03 .642921E-03 .181007E-04 .102588E-04 .525146E-06 .525146E-06
 .725211E-03 .679093E-03 .241329E-04 .983703E-05 .652494E-06 .652494E-06
 .553618E-03 .383095E-03 .101685E-04 .149077E-04 .404342E-06 .404342E-06
 .567994E-03 .367784E-03 .748843E-05 .138939E-04 .323713E-06 .323713E-06
 .476957E-03 .291771E-03 .625501E-05 .158662E-04 .312067E-06 .312067E-06
 .861666E-03 .456905E-03 .238898E-05 .649897E-05 .115713E-06 .115713E-06
 .695335E-03 .372145E-03 .280758E-05 .851910E-05 .145862E-06 .145862E-06
 .566258E-03 .306868E-03 .335820E-05 .112394E-04 .186356E-06 .186356E-06
 .566862E-03 .316926E-03 .379925E-05 .116349E-04 .202453E-06 .202453E-06
 .561246E-03 .322889E-03 .432914E-05 .122309E-04 .222733E-06 .222733E-06
 .506515E-03 .296722E-03 .496536E-05 .141615E-04 .259356E-06 .259356E-06
 .613950E-03 .459978E-03 .131356E-04 .135032E-04 .460346E-06 .460346E-06
 .643017E-03 .514269E-03 .162056E-04 .126960E-04 .522588E-06 .522588E-06
 .729836E-03 .383011E-03 .251671E-05 .776906E-05 .131010E-06 .131010E-06
 .803226E-03 .417691E-03 .229242E-05 .681533E-05 .116210E-06 .116210E-06
 .778661E-03 .404804E-03 .232875E-05 .707728E-05 .119613E-06 .119613E-06
 .961708E-03 .215230E-02 .226073E-04 .393635E-06 .442933E-06 .442933E-06
 .837328E-03 .185274E-02 .271425E-04 .444262E-06 .540443E-06 .540443E-06
 .856669E-03 .185480E-02 .302367E-04 .537693E-06 .596446E-06 .596446E-06
 .653385E-03 .134544E-02 .465743E-04 .831423E-06 .936171E-06 .936171E-06
 .539721E-03 .105142E-02 .632972E-04 .124673E-05 .129458E-05 .129458E-05
 .524655E-03 .965616E-03 .718032E-04 .176350E-05 .146505E-05 .146505E-05
 .718601E-03 .124057E-02 .559792E-04 .202296E-05 .111592E-05 .111592E-05
 .964146E-03 .158116E-02 .397912E-04 .205423E-05 .790653E-06 .790653E-06
 .715915E-03 .112665E-02 .537854E-04 .291629E-05 .109892E-05 .109892E-05
 .818266E-03 .117323E-02 .429043E-04 .352049E-05 .898638E-06 .898638E-06
 .745194E-03 .913990E-03 .394138E-04 .579457E-05 .888833E-06 .888833E-06
 .810495E-03 .902355E-03 .312535E-04 .656879E-05 .736953E-06 .736953E-06
 .673302E-03 .905074E-03 .492702E-04 .502995E-05 .107367E-05 .107367E-05
 .643520E-03 .689965E-03 .364092E-04 .907141E-05 .904944E-06 .904944E-06
 .586104E-03 .585576E-03 .339939E-04 .113950E-04 .902508E-06 .902508E-06
 .559874E-03 .469670E-03 .210300E-04 .146114E-04 .668073E-06 .668073E-06
 .536199E-03 .487428E-03 .280908E-04 .143456E-04 .827864E-06 .827864E-06
 .447344E-03 .331153E-03 .150220E-04 .194506E-04 .589140E-06 .589140E-06
 .433048E-03 .283688E-03 .905544E-05 .191472E-04 .425028E-06 .425028E-06
 .379914E-03 .264675E-03 .127336E-04 .229718E-04 .571838E-06 .571838E-06
 .346552E-03 .216818E-03 .818900E-05 .235715E-04 .447760E-06 .447760E-06
 .425380E-03 .247588E-03 .531179E-05 .173374E-04 .300450E-06 .300450E-06
 .357326E-03 .212666E-03 .646914E-05 .217832E-04 .378221E-06 .378221E-06
 .580617E-03 .307456E-03 .303925E-05 .105804E-04 .171072E-06 .171072E-06
 .470968E-03 .259382E-03 .402312E-05 .144920E-04 .235526E-06 .235526E-06
 .464468E-03 .249093E-03 .373368E-05 .144490E-04 .226063E-06 .226063E-06
 .484380E-03 .275443E-03 .446419E-05 .144196E-04 .247802E-06 .247802E-06
 .497320E-03 .394117E-03 .183696E-04 .171204E-04 .642459E-06 .642459E-06
 .617519E-03 .323057E-03 .275890E-05 .942820E-05 .152626E-06 .152626E-06
 .660988E-03 .145380E-02 .321596E-04 .469564E-06 .654230E-06 .654230E-06
 .643612E-03 .140617E-02 .352911E-04 .512313E-06 .721352E-06 .721352E-06
 .532903E-03 .113987E-02 .454236E-04 .636708E-06 .940021E-06 .940021E-06
 .427583E-03 .891032E-03 .612100E-04 .825625E-06 .129123E-05 .129123E-05
 .394146E-03 .793642E-03 .746782E-04 .109391E-05 .157930E-05 .157930E-05
 .343595E-03 .656532E-03 .983357E-04 .166026E-05 .208759E-05 .208759E-05
 .347834E-03 .624505E-03 .108867E-03 .240586E-05 .230072E-05 .230072E-05
 .469653E-03 .818304E-03 .837742E-04 .245276E-05 .173198E-05 .173198E-05
 .498994E-03 .822002E-03 .794097E-04 .308477E-05 .164366E-05 .164366E-05
 .596102E-03 .870200E-03 .613187E-04 .431117E-05 .130267E-05 .130267E-05
 .510741E-03 .791453E-03 .759781E-04 .393161E-05 .159863E-05 .159863E-05
 .551011E-03 .696147E-03 .562036E-04 .723253E-05 .128190E-05 .128190E-05
 .599576E-03 .692912E-03 .448366E-04 .831078E-05 .106716E-05 .106716E-05
 .498099E-03 .683076E-03 .694911E-04 .620204E-05 .153539E-05 .153539E-05
 .465199E-03 .503355E-03 .507412E-04 .127253E-04 .130437E-05 .130437E-05
 .400992E-03 .395483E-03 .454103E-04 .177663E-04 .130109E-05 .130109E-05
 .414322E-03 .350719E-03 .267931E-04 .204244E-04 .906433E-06 .906433E-06
 .387486E-03 .353133E-03 .364211E-04 .207334E-04 .115182E-05 .115182E-05
 .365135E-03 .286462E-03 .215441E-04 .244414E-04 .832653E-06 .832653E-06
 .322840E-03 .237807E-03 .176823E-04 .281088E-04 .775965E-06 .775965E-06
 .313711E-03 .207370E-03 .110790E-04 .276110E-04 .577233E-06 .577233E-06
 .276587E-03 .193492E-03 .152885E-04 .328273E-04 .763539E-06 .763539E-06
 .283624E-03 .170749E-03 .774304E-05 .289222E-04 .487456E-06 .487456E-06
 .258324E-03 .163092E-03 .995103E-05 .332592E-04 .601581E-06 .601581E-06
 .404095E-03 .227046E-03 .477781E-05 .179139E-04 .289755E-06 .289755E-06
 .349932E-03 .200318E-03 .561168E-05 .216869E-04 .350639E-06 .350639E-06
 .302349E-03 .175796E-03 .652598E-05 .262673E-04 .422521E-06 .422521E-06
 .492797E-03 .259921E-03 .336063E-05 .128995E-04 .200664E-06 .200664E-06
 .386577E-03 .210653E-03 .448454E-05 .186726E-04 .286851E-06 .286851E-06
 .361132E-03 .192148E-03 .441806E-05 .197388E-04 .291965E-06 .291965E-06
 .506493E-03 .109757E-02 .432973E-04 .564040E-06 .903790E-06 .903790E-06
 .521065E-03 .113340E-02 .412324E-04 .540101E-06 .858937E-06 .858937E-06
 .410830E-03 .881402E-03 .535527E-04 .640801E-06 .113721E-05 .113721E-05
 .350091E-03 .739846E-03 .663067E-04 .763712E-06 .142450E-05 .142450E-05
 .279370E-03 .578902E-03 .895923E-04 .973831E-06 .196118E-05 .196118E-05
 .253755E-03 .505693E-03 .112051E-03 .135622E-05 .247150E-05 .247150E-05
 .204196E-03 .390944E-03 .151831E-03 .197307E-05 .339517E-05 .339517E-05
 .247218E-03 .455508E-03 .142543E-03 .240680E-05 .311230E-05 .311230E-05
 .224550E-03 .393220E-03 .170031E-03 .351028E-05 .369490E-05 .369490E-05
 .343552E-03 .581612E-03 .116510E-03 .340049E-05 .245905E-05 .245905E-05
 .358727E-03 .566005E-03 .111494E-03 .467924E-05 .237620E-05 .237620E-05
 .432605E-03 .638219E-03 .871451E-04 .540783E-05 .188520E-05 .188520E-05
 .404781E-03 .524454E-03 .803765E-04 .902542E-05 .185831E-05 .185831E-05
 .437217E-03 .520114E-03 .650606E-04 .107762E-04 .157142E-05 .157142E-05
 .364593E-03 .507381E-03 .981987E-04 .774478E-05 .220474E-05 .220474E-05
 .316251E-03 .359191E-03 .805546E-04 .169459E-04 .209218E-05 .209218E-05
 .335829E-03 .355828E-03 .646818E-04 .189249E-04 .178371E-05 .178371E-05
 .302055E-03 .284895E-03 .490104E-04 .259886E-04 .157182E-05 .157182E-05
 .268207E-03 .271297E-03 .670499E-04 .261432E-04 .201896E-05 .201896E-05
 .308635E-03 .272478E-03 .378560E-04 .275073E-04 .131530E-05 .131530E-05
 .293980E-03 .242491E-03 .302744E-04 .304528E-04 .116146E-05 .116146E-05
 .263814E-03 .203933E-03 .245172E-04 .351587E-04 .106656E-05 .106656E-05
 .248307E-03 .182112E-03 .200680E-04 .377354E-04 .968302E-06 .968302E-06
 .228141E-03 .152000E-03 .135475E-04 .397480E-04 .785781E-06 .785781E-06
 .205934E-03 .145457E-03 .186600E-04 .461045E-04 .102342E-05 .102342E-05
 .244793E-03 .141314E-03 .728371E-05 .338516E-04 .517296E-06 .517296E-06
 .224408E-03 .135513E-03 .896125E-05 .382785E-04 .617649E-06 .617649E-06
 .190072E-03 .119840E-03 .116887E-04 .473901E-04 .801351E-06 .801351E-06
 .342953E-03 .190756E-03 .518301E-05 .219682E-04 .338991E-06 .338991E-06
 .292816E-03 .164752E-03 .598058E-05 .269583E-04 .409912E-06 .409912E-06
 .299404E-03 .162445E-03 .535213E-05 .256339E-04 .374459E-06 .374459E-06
 .288916E-03 .155658E-03 .541430E-05 .269231E-04 .386672E-06 .386672E-06
 .365158E-03 .782680E-03 .560941E-04 .638348E-06 .119865E-05 .119865E-05
 .327140E-03 .697343E-03 .635262E-04 .690396E-06 .136902E-05 .136902E-05
 .276222E-03 .583793E-03 .772190E-04 .783764E-06 .168469E-05 .168469E-05
 .183061E-03 .379175E-03 .120353E-03 .105770E-05 .271691E-05 .271691E-05
 .197251E-03 .401291E-03 .129270E-03 .125585E-05 .293466E-05 .293466E-05
 .162464E-03 .321965E-03 .165972E-03 .164947E-05 .383551E-05 .383551E-05
 .126449E-03 .241664E-03 .229636E-03 .240740E-05 .539884E-05 .539884E-05
 .158241E-03 .290190E-03 .212421E-03 .302693E-05 .480653E-05 .480653E-05
 .150308E-03 .264182E-03 .241238E-03 .415335E-05 .543675E-05 .543675E-05
 .232493E-03 .380116E-03 .173425E-03 .515731E-05 .375428E-05 .375428E-05
 .159022E-03 .269123E-03 .240630E-03 .521292E-05 .535069E-05 .535069E-05
 .257201E-03 .397745E-03 .156188E-03 .648852E-05 .342143E-05 .342143E-05
 .312284E-03 .462244E-03 .123326E-03 .684576E-05 .271585E-05 .271585E-05
 .301554E-03 .400233E-03 .112584E-03 .109051E-04 .263077E-05 .263077E-05
 .317115E-03 .392198E-03 .957482E-04 .132572E-04 .233021E-05 .233021E-05
 .268225E-03 .377022E-03 .136501E-03 .965337E-05 .311137E-05 .311137E-05
 .237142E-03 .285267E-03 .120325E-03 .192376E-04 .308282E-05 .308282E-05
 .263205E-03 .283121E-03 .834194E-04 .235385E-04 .234965E-05 .234965E-05
 .218006E-03 .245539E-03 .112398E-03 .251336E-04 .308284E-05 .308284E-05
 .234996E-03 .213717E-03 .509906E-04 .355971E-04 .181625E-05 .181625E-05
 .233972E-03 .223990E-03 .623099E-04 .334293E-04 .207329E-05 .207329E-05
 .194042E-03 .204501E-03 .101479E-03 .337749E-04 .306692E-05 .306692E-05
 .202416E-03 .200416E-03 .788424E-04 .369375E-04 .258300E-05 .258300E-05
 .240658E-03 .206912E-03 .404568E-04 .370174E-04 .155250E-05 .155250E-05
 .204387E-03 .166491E-03 .358882E-04 .458758E-04 .155864E-05 .155864E-05
 .190070E-03 .143382E-03 .266302E-04 .509723E-04 .134043E-05 .134043E-05
 .162987E-03 .109526E-03 .168181E-04 .587830E-04 .109931E-05 .109931E-05
 .153532E-03 .110083E-03 .234514E-04 .645926E-04 .139892E-05 .139892E-05
 .242945E-03 .134815E-03 .662627E-05 .341311E-04 .493877E-06 .493877E-06
 .197892E-03 .111676E-03 .792213E-05 .441175E-04 .629697E-06 .629697E-06
 .201714E-03 .117956E-03 .859907E-05 .430906E-04 .648588E-06 .648588E-06
 .184830E-03 .111121E-03 .993848E-05 .482050E-04 .746148E-06 .746148E-06
 .155543E-03 .945144E-04 .114059E-04 .592672E-04 .905287E-06 .905287E-06
 .141823E-03 .899732E-04 .141647E-04 .672257E-04 .108759E-05 .108759E-05
 .214537E-03 .115754E-03 .699324E-05 .396157E-04 .545349E-06 .545349E-06
 .134583E-03 .271890E-03 .178035E-03 .147209E-05 .418684E-05 .418684E-05
 .152564E-03 .313679E-03 .143384E-03 .118454E-05 .332461E-05 .332461E-05
 .104636E-03 .206009E-03 .246874E-03 .203021E-05 .601472E-05 .601472E-05
 .777876E-04 .147725E-03 .343984E-03 .298228E-05 .856885E-05 .856885E-05
 .991827E-04 .182418E-03 .311788E-03 .354470E-05 .741288E-05 .741288E-05
 .116240E-03 .207484E-03 .293919E-03 .418769E-05 .679400E-05 .679400E-05
 .112105E-03 .193392E-03 .322374E-03 .548854E-05 .735739E-05 .735739E-05
 .187871E-03 .290859E-03 .213307E-03 .795795E-05 .474013E-05 .474013E-05
 .150312E-03 .242541E-03 .262894E-03 .721454E-05 .586007E-05 .586007E-05
 .117453E-03 .195290E-03 .325343E-03 .692597E-05 .735630E-05 .735630E-05
 .225208E-03 .332713E-03 .172065E-03 .889320E-05 .386080E-05 .386080E-05
 .234989E-03 .317712E-03 .149217E-03 .127222E-04 .351125E-05 .351125E-05
 .237508E-03 .305064E-03 .135907E-03 .153050E-04 .330560E-05 .330560E-05
 .197325E-03 .277500E-03 .187312E-03 .123981E-04 .433877E-05 .433877E-05
 .175700E-03 .220381E-03 .175493E-03 .219953E-04 .445223E-05 .445223E-05
 .182605E-03 .215404E-03 .149168E-03 .263533E-04 .399838E-05 .399838E-05
 .151587E-03 .170404E-03 .154758E-03 .367172E-04 .447057E-05 .447057E-05
 .178411E-03 .168045E-03 .711057E-04 .460161E-04 .258226E-05 .258226E-05
 .178164E-03 .155977E-03 .528376E-04 .503871E-04 .214151E-05 .214151E-05
 .135150E-03 .142868E-03 .139825E-03 .493757E-04 .450506E-05 .450506E-05
 .152518E-03 .152215E-03 .101751E-03 .493256E-04 .349998E-05 .349998E-05
 .153287E-03 .128002E-03 .476873E-04 .619171E-04 .217719E-05 .217719E-05
 .148585E-03 .117900E-03 .384404E-04 .657273E-04 .192661E-05 .192661E-05
 .139769E-03 .105342E-03 .312922E-04 .720075E-04 .176379E-05 .176379E-05
 .125465E-03 .870928E-04 .223647E-04 .811960E-04 .154383E-05 .154383E-05
 .116633E-03 .769945E-04 .185860E-04 .862264E-04 .144856E-05 .144856E-05
 .112992E-03 .822883E-04 .296228E-04 .920541E-04 .194114E-05 .194114E-05
 .161275E-03 .895950E-04 .881111E-05 .557924E-04 .759914E-06 .759914E-06
 .164590E-03 .956150E-04 .957615E-05 .549240E-04 .791918E-06 .791918E-06
 .136736E-03 .808353E-04 .112874E-04 .685577E-04 .983934E-06 .983934E-06
 .127683E-03 .779665E-04 .130428E-04 .751373E-04 .111776E-05 .111776E-05
 .110395E-03 .691604E-04 .155879E-04 .901591E-04 .136403E-05 .136403E-05
 .149975E-03 .826938E-04 .906449E-05 .603105E-04 .805410E-06 .805410E-06
 .110922E-03 .224282E-03 .203666E-03 .151425E-05 .492163E-05 .492163E-05
 .788340E-04 .157020E-03 .279451E-03 .188354E-05 .698357E-05 .698357E-05
 .728502E-04 .141977E-03 .335399E-03 .243646E-05 .859418E-05 .859418E-05
 .537434E-04 .102778E-03 .451877E-03 .314363E-05 .121289E-04 .121289E-04
 .527001E-04 .975481E-04 .507092E-03 .419071E-05 .131987E-04 .131987E-04
 .701681E-04 .128494E-03 .421792E-03 .420703E-05 .104248E-04 .104248E-04
 .781174E-04 .137785E-03 .427931E-03 .540094E-05 .101106E-04 .101106E-04
 .804034E-04 .134698E-03 .461562E-03 .806787E-05 .106104E-04 .106104E-04
 .159286E-03 .234529E-03 .244263E-03 .117115E-04 .557212E-05 .557212E-05
 .128290E-03 .197530E-03 .307616E-03 .106308E-04 .696357E-05 .696357E-05
 .103390E-03 .166013E-03 .375880E-03 .938868E-05 .853984E-05 .853984E-05
 .184535E-03 .246590E-03 .187092E-03 .165433E-04 .450687E-05 .450687E-05
 .137476E-03 .190877E-03 .264652E-03 .176365E-04 .628417E-05 .628417E-05
 .144979E-03 .190560E-03 .231808E-03 .218924E-04 .574579E-05 .574579E-05
 .125068E-03 .158026E-03 .246389E-03 .291989E-04 .639300E-05 .639300E-05
 .140557E-03 .168623E-03 .198531E-03 .318893E-04 .537039E-05 .537039E-05
 .108500E-03 .126367E-03 .231066E-03 .455040E-04 .667091E-05 .667091E-05
 .108175E-03 .119154E-03 .195248E-03 .552663E-04 .612692E-05 .612692E-05
 .136935E-03 .130447E-03 .913808E-04 .605289E-04 .348309E-05 .348309E-05
 .137709E-03 .125519E-03 .747010E-04 .638117E-04 .305514E-05 .305514E-05
 .130193E-03 .112848E-03 .626649E-04 .716248E-04 .282433E-05 .282433E-05
 .118984E-03 .121238E-03 .134963E-03 .621601E-04 .475449E-05 .475449E-05
 .102554E-03 .107804E-03 .172271E-03 .674533E-04 .593068E-05 .593068E-05
 .116079E-03 .113869E-03 .117497E-03 .689974E-04 .444463E-05 .444463E-05
 .118390E-03 .978516E-04 .533656E-04 .833855E-04 .269908E-05 .269908E-05
 .106433E-03 .828199E-04 .426226E-04 .972965E-04 .249885E-05 .249885E-05
 .933217E-04 .644261E-04 .253326E-04 .114624E-03 .201569E-05 .201569E-05
 .868271E-04 .557128E-04 .196187E-04 .121161E-03 .183227E-05 .183227E-05
 .792972E-04 .584071E-04 .378267E-04 .138662E-03 .281244E-05 .281244E-05
 .127691E-03 .719173E-04 .106331E-04 .750599E-04 .100228E-05 .100228E-05
 .140517E-03 .809131E-04 .103662E-04 .663428E-04 .922713E-06 .922713E-06
 .111067E-03 .618759E-04 .114710E-04 .861816E-04 .111862E-05 .111862E-05
 .120997E-03 .703616E-04 .117009E-04 .796852E-04 .109738E-05 .109738E-05
 .119066E-03 .709715E-04 .126375E-04 .813912E-04 .115609E-05 .115609E-05
 .110161E-03 .668137E-04 .139971E-04 .897831E-04 .129142E-05 .129142E-05
 .935225E-04 .570362E-04 .157555E-04 .109508E-03 .154721E-05 .154721E-05
 .528320E-04 .103310E-03 .403096E-03 .244256E-05 .108045E-04 .108045E-04
 .374543E-04 .711888E-04 .581913E-03 .351258E-05 .167456E-04 .167456E-04
 .397663E-04 .742305E-04 .608758E-03 .421578E-05 .169253E-04 .169253E-04
 .539055E-04 .966437E-04 .564102E-03 .558881E-05 .141015E-04 .141015E-04
 .358522E-04 .647106E-04 .765845E-03 .598238E-05 .206101E-04 .206101E-04
 .462370E-04 .791577E-04 .743122E-03 .873002E-05 .178685E-04 .178685E-04
 .579116E-04 .947369E-04 .643894E-03 .113564E-04 .151683E-04 .151683E-04
 .748295E-04 .119979E-03 .510666E-03 .114263E-04 .118140E-04 .118140E-04
 .109777E-03 .160908E-03 .349294E-03 .158280E-04 .812366E-05 .812366E-05
 .844943E-04 .129564E-03 .453213E-03 .143201E-04 .104546E-04 .104546E-04
 .893074E-04 .124341E-03 .398223E-03 .241890E-04 .965430E-05 .965430E-05
 .109756E-03 .145360E-03 .307095E-03 .265537E-04 .768357E-05 .768357E-05
 .894866E-04 .113429E-03 .338853E-03 .383204E-04 .898097E-05 .898097E-05
 .106999E-03 .130537E-03 .264854E-03 .386880E-04 .723051E-05 .723051E-05
 .794756E-04 .956518E-04 .333330E-03 .536144E-04 .953256E-05 .953256E-05
 .808043E-04 .918936E-04 .279130E-03 .667156E-04 .870900E-05 .870900E-05
 .817952E-04 .883509E-04 .230168E-03 .791915E-04 .788323E-05 .788323E-05
 .106402E-03 .997059E-04 .102604E-03 .819899E-04 .430037E-05 .430037E-05
 .110530E-03 .990790E-04 .819276E-04 .837105E-04 .367600E-05 .367600E-05
 .985811E-04 .851354E-04 .743717E-04 .990440E-04 .369270E-05 .369270E-05
 .967697E-04 .977878E-04 .153800E-03 .794421E-04 .576952E-05 .576952E-05
 .830908E-04 .862645E-04 .194919E-03 .879404E-04 .719552E-05 .719552E-05
 .941754E-04 .918763E-04 .135132E-03 .885580E-04 .545823E-05 .545823E-05
 .887611E-04 .732337E-04 .631678E-04 .117315E-03 .356972E-05 .356972E-05
 .761263E-04 .598705E-04 .541821E-04 .143957E-03 .358071E-05 .358071E-05
 .726882E-04 .504794E-04 .300497E-04 .153374E-03 .262933E-05 .262933E-05
 .746104E-04 .497669E-04 .248444E-04 .147173E-03 .232319E-05 .232319E-05
 .738940E-04 .450062E-04 .182002E-04 .144909E-03 .197569E-05 .197569E-05
 .651959E-04 .415904E-04 .226966E-04 .169479E-03 .242516E-05 .242516E-05
 .604833E-04 .427102E-04 .357752E-04 .189632E-03 .328099E-05 .328099E-05
 .606589E-04 .446995E-04 .439160E-04 .190388E-03 .368528E-05 .368528E-05
 .640206E-04 .488989E-04 .511985E-04 .178146E-03 .388403E-05 .388403E-05
 .103678E-03 .593410E-04 .126101E-04 .969202E-04 .128086E-05 .128086E-05
 .740034E-04 .422765E-04 .156756E-04 .141129E-03 .178288E-05 .178288E-05
 .825780E-04 .475475E-04 .148120E-04 .126169E-03 .162973E-05 .162973E-05
 .104118E-03 .615047E-04 .134349E-04 .958151E-04 .131706E-05 .131706E-05
 .862231E-04 .507428E-04 .150478E-04 .120108E-03 .160026E-05 .160026E-05
 .349460E-04 .671000E-04 .568817E-03 .317216E-05 .166954E-04 .166954E-04
 .271403E-04 .511821E-04 .738766E-03 .402472E-05 .228257E-04 .228257E-04
 .272958E-04 .506484E-04 .807852E-03 .481968E-05 .243666E-04 .243666E-04
 .214589E-04 .386157E-04 .109711E-02 .695700E-05 .335885E-04 .335885E-04
 .258565E-04 .449127E-04 .111363E-02 .941350E-05 .305534E-04 .305534E-04
 .282594E-04 .469924E-04 .115475E-02 .135575E-04 .296796E-04 .296796E-04
 .408020E-04 .662784E-04 .877902E-03 .142415E-04 .212859E-04 .212859E-04
 .545038E-04 .852597E-04 .681036E-03 .163105E-04 .160165E-04 .160165E-04
 .798604E-04 .116662E-03 .467655E-03 .202277E-04 .110895E-04 .110895E-04
 .612359E-04 .911343E-04 .603680E-03 .214178E-04 .143588E-04 .143588E-04
 .642378E-04 .913068E-04 .552287E-03 .276176E-04 .134633E-04 .134633E-04
 .649370E-04 .878710E-04 .511228E-03 .359031E-04 .129340E-04 .129340E-04
 .829337E-04 .110054E-03 .398171E-03 .331087E-04 .101317E-04 .101317E-04
 .665118E-04 .862092E-04 .461112E-03 .446955E-04 .122222E-04 .122222E-04
 .686390E-04 .857945E-04 .416357E-03 .520343E-04 .115168E-04 .115168E-04
 .571361E-04 .697189E-04 .455992E-03 .690594E-04 .133278E-04 .133278E-04
 .595634E-04 .694062E-04 .387971E-03 .813940E-04 .121451E-04 .121451E-04
 .591697E-04 .653659E-04 .323050E-03 .102139E-03 .112588E-04 .112588E-04
 .655431E-04 .687667E-04 .245716E-03 .109724E-03 .935485E-05 .935485E-05
 .861134E-04 .779878E-04 .103594E-03 .110042E-03 .491888E-05 .491888E-05
 .801432E-04 .762682E-04 .137008E-03 .110912E-03 .605906E-05 .605906E-05
 .688621E-04 .598046E-04 .982949E-04 .149784E-03 .545730E-05 .545730E-05
 .742875E-04 .743440E-04 .180896E-03 .108626E-03 .737660E-05 .737660E-05
 .682427E-04 .561044E-04 .743276E-04 .160636E-03 .467053E-05 .467053E-05
 .561558E-04 .446280E-04 .691228E-04 .204030E-03 .504817E-05 .504817E-05
 .603803E-04 .404742E-04 .285413E-04 .188459E-03 .290427E-05 .290427E-05
 .688916E-04 .403853E-04 .173582E-04 .157635E-03 .203013E-05 .203013E-05
 .575104E-04 .349556E-04 .211716E-04 .194374E-03 .255478E-05 .255478E-05
 .484574E-04 .308745E-04 .270613E-04 .240207E-03 .329388E-05 .329388E-05
 .485298E-04 .330970E-04 .346521E-04 .243442E-03 .375983E-05 .375983E-05
 .493164E-04 .355229E-04 .440240E-04 .240907E-03 .424238E-05 .424238E-05
 .512681E-04 .387390E-04 .552271E-04 .230419E-03 .470564E-05 .470564E-05
 .543395E-04 .320496E-04 .203962E-04 .205982E-03 .259195E-05 .259195E-05
 .533753E-04 .311880E-04 .201296E-04 .209048E-03 .259665E-05 .259665E-05
 .219299E-04 .412326E-04 .817712E-03 .409799E-05 .262661E-04 .262661E-04
 .210627E-04 .392101E-04 .926020E-03 .481902E-05 .300337E-04 .300337E-04
 .187583E-04 .344697E-04 .110143E-02 .579833E-05 .365502E-04 .365502E-04
 .135071E-04 .243248E-04 .153731E-02 .763353E-05 .549500E-04 .549500E-04
 .162800E-04 .284927E-04 .148147E-02 .990195E-05 .474328E-04 .474328E-04
 .182951E-04 .308990E-04 .155329E-02 .136619E-04 .447689E-04 .447689E-04
 .194685E-04 .314723E-04 .163676E-02 .204885E-04 .433984E-04 .433984E-04
 .286645E-04 .459987E-04 .118513E-02 .186123E-04 .298695E-04 .298695E-04
 .354790E-04 .552826E-04 .993711E-03 .211692E-04 .242564E-04 .242564E-04
 .432097E-04 .647402E-04 .828382E-03 .252824E-04 .200323E-04 .200323E-04
 .496252E-04 .717588E-04 .711523E-03 .297424E-04 .174013E-04 .174013E-04
 .483589E-04 .670241E-04 .690147E-03 .393575E-04 .174054E-04 .174054E-04
 .476887E-04 .625997E-04 .638304E-03 .540310E-04 .169921E-04 .169921E-04
 .551869E-04 .697387E-04 .516718E-03 .596693E-04 .143640E-04 .143640E-04
 .414585E-04 .516060E-04 .633887E-03 .819490E-04 .184972E-04 .184972E-04
 .459331E-04 .548468E-04 .515640E-03 .936751E-04 .160740E-04 .160740E-04
 .423429E-04 .483268E-04 .467950E-03 .123144E-03 .161436E-04 .161436E-04
 .511586E-04 .541749E-04 .306559E-03 .137130E-03 .120806E-04 .120806E-04
 .446860E-04 .486879E-04 .378426E-03 .141902E-03 .143913E-04 .143913E-04
 .507259E-04 .510714E-04 .246627E-03 .158112E-03 .108554E-04 .108554E-04
 .629841E-04 .583108E-04 .143608E-03 .151802E-03 .719701E-05 .719701E-05
 .631892E-04 .612672E-04 .178167E-03 .139589E-03 .811335E-05 .811335E-05
 .523973E-04 .470701E-04 .140429E-03 .195246E-03 .796167E-05 .796167E-05
 .536440E-04 .449026E-04 .954025E-04 .207879E-03 .629628E-05 .629628E-05
 .495975E-04 .431823E-04 .123834E-03 .216996E-03 .767868E-05 .767868E-05
 .439476E-04 .357474E-04 .917971E-04 .266166E-03 .698444E-05 .698444E-05
 .417374E-04 .324454E-04 .732447E-04 .287364E-03 .631888E-05 .631888E-05
 .449279E-04 .270049E-04 .241425E-04 .260860E-03 .327490E-05 .327490E-05
 .388102E-04 .256363E-04 .348649E-04 .311868E-03 .441071E-05 .441071E-05
 .362575E-04 .227079E-04 .305468E-04 .334220E-03 .431439E-05 .431439E-05
 .393821E-04 .274723E-04 .431752E-04 .308691E-03 .488432E-05 .488432E-05
 .397098E-04 .291932E-04 .557691E-04 .306833E-03 .559395E-05 .559395E-05
 .393985E-04 .233890E-04 .251726E-04 .294636E-03 .358550E-05 .358550E-05
 .157463E-04 .291825E-04 .105699E-02 .480085E-05 .362237E-04 .362237E-04
 .856128E-05 .153536E-04 .188403E-02 .810045E-05 .817504E-04 .817504E-04
 .904673E-05 .160437E-04 .203997E-02 .972628E-05 .863810E-04 .863810E-04
 .108722E-04 .190207E-04 .191726E-02 .108927E-04 .718864E-04 .718864E-04
 .110954E-04 .201853E-04 .147726E-02 .649221E-05 .577073E-04 .577073E-04
 .128769E-04 .220403E-04 .187751E-02 .133263E-04 .623794E-04 .623794E-04
 .121490E-04 .201093E-04 .223383E-02 .194124E-04 .680410E-04 .680410E-04
 .133568E-04 .212916E-04 .224558E-02 .273537E-04 .635710E-04 .635710E-04
 .242302E-04 .377322E-04 .138207E-02 .260949E-04 .350061E-04 .350061E-04
 .165874E-04 .257160E-04 .191429E-02 .322412E-04 .506875E-04 .506875E-04
 .296097E-04 .444100E-04 .115381E-02 .316104E-04 .286589E-04 .286589E-04
 .355370E-04 .508981E-04 .947910E-03 .393338E-04 .236853E-04 .236853E-04
 .354533E-04 .481735E-04 .879603E-03 .557957E-04 .230921E-04 .230921E-04
 .325453E-04 .422001E-04 .857144E-03 .788816E-04 .240228E-04 .240228E-04
 .281511E-04 .349100E-04 .853578E-03 .115933E-03 .263277E-04 .263277E-04
 .341512E-04 .406757E-04 .644233E-03 .122607E-03 .209949E-04 .209949E-04
 .294159E-04 .334615E-04 .601989E-03 .174429E-03 .224268E-04 .224268E-04
 .344671E-04 .377244E-04 .459985E-03 .177456E-03 .182692E-04 .182692E-04
 .391785E-04 .411805E-04 .353816E-03 .181821E-03 .151080E-04 .151080E-04
 .521664E-04 .500709E-04 .194564E-03 .174382E-03 .954594E-05 .954594E-05
 .408057E-04 .394754E-04 .238113E-03 .218575E-03 .122479E-04 .122479E-04
 .358349E-04 .360528E-04 .309924E-03 .223837E-03 .149828E-04 .149828E-04
 .459767E-04 .428011E-04 .182381E-03 .210037E-03 .992569E-05 .992569E-05
 .386583E-04 .346300E-04 .166387E-03 .269365E-03 .104798E-04 .104798E-04
 .389406E-04 .330209E-04 .123925E-03 .289965E-03 .890764E-05 .890764E-05
 .327241E-04 .263560E-04 .102783E-03 .363535E-03 .889400E-05 .889400E-05
 .314681E-04 .238090E-04 .748855E-04 .392431E-03 .766582E-05 .766582E-05
 .363554E-04 .219350E-04 .276696E-04 .332131E-03 .407640E-05 .407640E-05
 .322838E-04 .210478E-04 .371679E-04 .384078E-03 .520196E-05 .520196E-05
 .329851E-04 .222909E-04 .420411E-04 .375691E-03 .545324E-05 .545324E-05
 .298626E-04 .183382E-04 .326415E-04 .421686E-03 .515836E-05 .515836E-05
 .293202E-04 .186315E-04 .362753E-04 .430497E-03 .552687E-05 .552687E-05
 .300917E-04 .212854E-04 .543678E-04 .415148E-03 .663181E-05 .663181E-05
 .283656E-04 .172173E-04 .324861E-04 .439811E-03 .526116E-05 .526116E-05
 .553526E-05 .971079E-05 .277398E-02 .113705E-04 .146714E-03 .146714E-03
 .771443E-05 .134600E-04 .242349E-02 .122813E-04 .106407E-03 .106407E-03
 .905542E-05 .154684E-04 .240116E-02 .150002E-04 .901005E-04 .901005E-04
 .745081E-05 .123470E-04 .314067E-02 .222949E-04 .113879E-03 .113879E-03
 .927383E-05 .148651E-04 .296068E-02 .298056E-04 .914251E-04 .914251E-04
 .109470E-04 .168829E-04 .271206E-02 .412400E-04 .759679E-04 .759679E-04
 .206118E-04 .309215E-04 .157425E-02 .386812E-04 .404285E-04 .404285E-04
 .144274E-04 .215195E-04 .214696E-02 .488948E-04 .571574E-04 .571574E-04
 .241475E-04 .349459E-04 .133324E-02 .467137E-04 .341675E-04 .341675E-04
 .263011E-04 .365237E-04 .117105E-02 .594067E-04 .307798E-04 .307798E-04
 .269060E-04 .359906E-04 .107448E-02 .754399E-04 .294692E-04 .294692E-04
 .222089E-04 .287146E-04 .115135E-02 .108298E-03 .338016E-04 .338016E-04
 .209057E-04 .259165E-04 .106210E-02 .149449E-03 .344292E-04 .344292E-04
 .224197E-04 .265436E-04 .855768E-03 .179036E-03 .302182E-04 .302182E-04
 .220933E-04 .249249E-04 .707098E-03 .232763E-03 .285890E-04 .285890E-04
 .253449E-04 .275320E-04 .546778E-03 .239592E-03 .236468E-04 .236468E-04
 .310115E-04 .329876E-04 .435967E-03 .217716E-03 .190974E-04 .190974E-04
 .315255E-04 .326435E-04 .382885E-03 .233886E-03 .178772E-04 .178772E-04
 .313174E-04 .304680E-04 .286821E-03 .280676E-03 .157511E-04 .157511E-04
 .346107E-04 .323984E-04 .223823E-03 .277596E-03 .131230E-04 .131230E-04
 .267115E-04 .269848E-04 .376000E-03 .294195E-03 .195855E-04 .195855E-04
 .268854E-04 .243740E-04 .218573E-03 .378475E-03 .150375E-04 .150375E-04
 .312689E-04 .272391E-04 .162380E-03 .351361E-03 .118010E-04 .118010E-04
 .296594E-04 .249467E-04 .138259E-03 .387818E-03 .111690E-04 .111690E-04
 .234484E-04 .191500E-04 .133464E-03 .503279E-03 .126136E-04 .126136E-04
 .256797E-04 .199453E-04 .969118E-04 .479370E-03 .100447E-04 .100447E-04
 .232933E-04 .170877E-04 .754849E-04 .541494E-03 .934309E-05 .934309E-05
 .266690E-04 .176708E-04 .443429E-04 .476420E-03 .652315E-05 .652315E-05
 .231530E-04 .146606E-04 .413520E-04 .567101E-03 .702754E-05 .702754E-05
 .235100E-04 .145276E-04 .384068E-04 .563533E-03 .672218E-05 .672218E-05
 .234095E-04 .162227E-04 .576990E-04 .549872E-03 .816925E-05 .816925E-05
 .198689E-04 .123376E-04 .425738E-04 .678832E-03 .796369E-05 .796369E-05
 .573174E-05 .981869E-05 .312510E-02 .159846E-04 .150652E-03 .150652E-03
 .413016E-05 .709349E-05 .339131E-02 .155721E-04 .206043E-03 .206043E-03
 .353701E-05 .610015E-05 .337286E-02 .141369E-04 .224647E-03 .224647E-03
 .465983E-05 .768228E-05 .421413E-02 .262713E-04 .185646E-03 .185646E-03
 .606487E-05 .972568E-05 .399601E-02 .341455E-04 .140219E-03 .140219E-03
 .737638E-05 .114817E-04 .363413E-02 .442496E-04 .112546E-03 .112546E-03
 .101625E-04 .150356E-04 .285139E-02 .634264E-04 .795703E-04 .795703E-04
 .815199E-05 .123364E-04 .340830E-02 .569036E-04 .100239E-03 .100239E-03
 .178783E-04 .259919E-04 .173907E-02 .541330E-04 .457051E-04 .457051E-04
 .128081E-04 .182379E-04 .227431E-02 .775556E-04 .618216E-04 .618216E-04
 .189915E-04 .267258E-04 .157161E-02 .672598E-04 .419626E-04 .419626E-04
 .206930E-04 .280061E-04 .136845E-02 .839961E-04 .378640E-04 .378640E-04
 .159374E-04 .211151E-04 .160791E-02 .118204E-03 .472297E-04 .472297E-04
 .155523E-04 .196348E-04 .141628E-02 .165487E-03 .458227E-04 .458227E-04
 .174110E-04 .211808E-04 .113276E-02 .193104E-03 .396230E-04 .396230E-04
 .160954E-04 .190183E-04 .106553E-02 .240938E-03 .407357E-04 .407357E-04
 .168101E-04 .191470E-04 .885291E-03 .278072E-03 .369335E-04 .369335E-04
 .184374E-04 .201289E-04 .678500E-03 .314500E-03 .314950E-04 .314950E-04
 .268538E-04 .281552E-04 .447819E-03 .261454E-03 .211305E-04 .211305E-04
 .207191E-04 .216211E-04 .511820E-03 .335830E-03 .262318E-04 .262318E-04
 .249651E-04 .242844E-04 .328168E-03 .350571E-03 .193444E-04 .193444E-04
 .271895E-04 .257271E-04 .272169E-03 .345467E-03 .167950E-04 .167950E-04
 .202015E-04 .200556E-04 .408333E-03 .404783E-03 .243591E-04 .243591E-04
 .206341E-04 .194674E-04 .310456E-03 .456157E-03 .212578E-04 .212578E-04
 .185729E-04 .165281E-04 .242941E-03 .565388E-03 .200859E-04 .200859E-04
 .244808E-04 .211150E-04 .175966E-03 .456161E-03 .143316E-04 .143316E-04
 .194374E-04 .164501E-04 .179892E-03 .589065E-03 .167614E-04 .167614E-04
 .172097E-04 .139433E-04 .150880E-03 .696620E-03 .164783E-04 .164783E-04
 .194274E-04 .149606E-04 .107563E-03 .639194E-03 .126950E-04 .126950E-04
 .182722E-04 .133571E-04 .857235E-04 .703728E-03 .118216E-04 .118216E-04
 .187733E-04 .131315E-04 .683666E-04 .694473E-03 .103670E-04 .103670E-04
 .202538E-04 .134657E-04 .526277E-04 .651680E-03 .868743E-05 .868743E-05
 .177729E-04 .114500E-04 .507298E-04 .773275E-03 .952692E-05 .952692E-05
 .175381E-04 .110174E-04 .479016E-04 .801620E-03 .940305E-05 .940305E-05
 .124611E-04 .790401E-05 .589143E-04 .117610E-02 .132651E-04 .132651E-04
 .359517E-05 .605635E-05 .402342E-02 .206701E-04 .238694E-03 .238694E-03
 .277755E-05 .471645E-05 .396949E-02 .182501E-04 .305298E-03 .305298E-03
 .183883E-05 .309229E-05 .431194E-02 .190535E-04 .421772E-03 .421772E-03
 .277833E-05 .453322E-05 .548678E-02 .318349E-04 .308527E-03 .308527E-03
 .390624E-05 .622830E-05 .535705E-02 .407895E-04 .217714E-03 .217714E-03
 .503047E-05 .782273E-05 .481588E-02 .510664E-04 .164239E-03 .164239E-03
 .604660E-05 .915222E-05 .429360E-02 .641205E-04 .133409E-03 .133409E-03
 .719342E-05 .105776E-04 .373585E-02 .795390E-04 .109582E-03 .109582E-03
 .882129E-05 .126646E-04 .310279E-02 .902061E-04 .886165E-04 .886165E-04
 .158078E-04 .217253E-04 .177223E-02 .912307E-04 .494430E-04 .494430E-04
 .120762E-04 .164261E-04 .216658E-02 .117786E-03 .629887E-04 .629887E-04
 .892148E-05 .124005E-04 .289808E-02 .118765E-03 .846140E-04 .846140E-04
 .116753E-04 .152380E-04 .196603E-02 .164331E-03 .619931E-04 .619931E-04
 .107243E-04 .134245E-04 .179414E-02 .232514E-03 .635785E-04 .635785E-04
 .132657E-04 .160746E-04 .135823E-02 .243323E-03 .505129E-04 .505129E-04
 .117796E-04 .136229E-04 .118810E-02 .347042E-03 .519722E-04 .519722E-04
 .128202E-04 .140312E-04 .859286E-03 .422923E-03 .437266E-04 .437266E-04
 .155802E-04 .164947E-04 .645737E-03 .414753E-03 .346687E-04 .346687E-04
 .155354E-04 .158059E-04 .529855E-03 .477482E-03 .321093E-04 .321093E-04
 .153698E-04 .149055E-04 .417152E-03 .560099E-03 .293054E-04 .293054E-04
 .155727E-04 .144682E-04 .331848E-03 .621181E-03 .263148E-04 .263148E-04
 .132191E-04 .118599E-04 .297939E-03 .786004E-03 .278966E-04 .278966E-04
 .145233E-04 .123197E-04 .212021E-03 .780839E-03 .220275E-04 .220275E-04
 .136066E-04 .109639E-04 .167211E-03 .892171E-03 .204414E-04 .204414E-04
 .147761E-04 .114129E-04 .127828E-03 .845606E-03 .167242E-04 .167242E-04
 .159023E-04 .118127E-04 .100391E-03 .808224E-03 .141019E-04 .141019E-04
 .150141E-04 .106585E-04 .827907E-04 .880088E-03 .133669E-04 .133669E-04
 .152206E-04 .102095E-04 .635539E-04 .889858E-03 .117073E-04 .117073E-04
 .147521E-04 .956350E-05 .570589E-04 .956121E-03 .116229E-04 .116229E-04
 .133158E-04 .853275E-05 .582854E-04 .109425E-02 .127955E-04 .127955E-04
 .111033E-04 .718369E-05 .654576E-04 .134157E-02 .155648E-04 .155648E-04
 .903788E-05 .586890E-05 .725136E-04 .168215E-02 .190179E-04 .190179E-04
 .831749E-05 .538357E-05 .739404E-04 .182833E-02 .202650E-04 .202650E-04
 .250503E-05 .418638E-05 .451409E-02 .231997E-04 .340789E-03 .340789E-03
 .201261E-05 .337208E-05 .449400E-02 .219879E-04 .421116E-03 .421116E-03
 .139189E-05 .230469E-05 .492029E-02 .248565E-04 .597895E-03 .597895E-03
 .138939E-05 .231130E-05 .459073E-02 .224635E-04 .575772E-03 .575772E-03
 .183987E-05 .303189E-05 .521510E-02 .284531E-04 .460887E-03 .460887E-03
 .170431E-05 .271996E-05 .686067E-02 .440461E-04 .490146E-03 .490146E-03
 .254341E-05 .400015E-05 .690610E-02 .517746E-04 .328672E-03 .328672E-03
 .344131E-05 .530612E-05 .626804E-02 .626587E-04 .235403E-03 .235403E-03
 .435506E-05 .657352E-05 .546315E-02 .745852E-04 .182132E-03 .182132E-03
 .519324E-05 .761786E-05 .482025E-02 .942172E-04 .148556E-03 .148556E-03
 .628923E-05 .891024E-05 .401716E-02 .120483E-03 .119165E-03 .119165E-03
 .881169E-05 .118079E-04 .265470E-02 .161907E-03 .824722E-04 .824722E-04
 .688751E-05 .941623E-05 .341903E-02 .159428E-03 .105787E-03 .105787E-03
 .834808E-05 .107691E-04 .240793E-02 .224670E-03 .824646E-04 .824646E-04
 .764985E-05 .948467E-05 .214209E-02 .315654E-03 .840967E-04 .840967E-04
 .944642E-05 .113615E-04 .163542E-02 .330218E-03 .673259E-04 .673259E-04
 .755383E-05 .875020E-05 .152803E-02 .483156E-03 .758517E-04 .758517E-04
 .887236E-05 .985320E-05 .113384E-02 .532884E-03 .619881E-04 .619881E-04
 .121737E-04 .126814E-04 .676598E-03 .547689E-03 .416033E-04 .416033E-04
 .931837E-05 .990474E-05 .865098E-03 .629267E-03 .544032E-04 .544032E-04
 .118626E-04 .117995E-04 .537572E-03 .659264E-03 .386990E-04 .386990E-04
 .114862E-04 .108472E-04 .415559E-03 .792931E-03 .354730E-04 .354730E-04
 .102256E-04 .926514E-05 .351905E-03 .990999E-03 .359139E-04 .359139E-04
 .104170E-04 .901790E-05 .275882E-03 .105578E-02 .315031E-04 .315031E-04
 .110480E-04 .906128E-05 .204274E-03 .108206E-02 .261945E-04 .261945E-04
 .110705E-04 .855096E-05 .148949E-03 .114466E-02 .221704E-04 .221704E-04
 .128028E-04 .939334E-05 .105985E-03 .102723E-02 .169371E-04 .169371E-04
 .112946E-04 .777319E-05 .829622E-04 .122160E-02 .165765E-04 .165765E-04
 .123791E-04 .812600E-05 .650270E-04 .115149E-02 .140563E-04 .140563E-04
 .985512E-05 .651497E-05 .747292E-04 .148538E-02 .178845E-04 .178845E-04
 .754544E-05 .501042E-05 .858029E-04 .201694E-02 .235266E-04 .235266E-04
 .709078E-05 .463485E-05 .826413E-04 .220352E-02 .243393E-04 .243393E-04
 .573949E-05 .376961E-05 .910699E-04 .272938E-02 .293900E-04 .293900E-04
 .100799E-05 .165533E-05 .489674E-02 .260191E-04 .821354E-03 .821354E-03
 .946857E-06 .153042E-05 .572651E-02 .357314E-04 .924332E-03 .924332E-03
 .133536E-05 .217204E-05 .569085E-02 .339993E-04 .640784E-03 .640784E-03
 .109365E-05 .174280E-05 .643677E-02 .457096E-04 .752488E-03 .752488E-03
 .122607E-05 .190376E-05 .784871E-02 .664445E-04 .638387E-03 .638387E-03
 .180080E-05 .279246E-05 .793779E-02 .659849E-04 .445693E-03 .445693E-03
 .234714E-05 .354763E-05 .825545E-02 .861612E-04 .330656E-03 .330656E-03
 .328222E-05 .493439E-05 .661803E-02 .858729E-04 .237658E-03 .237658E-03
 .372736E-05 .547182E-05 .610703E-02 .106220E-03 .202929E-03 .202929E-03
 .426060E-05 .605368E-05 .541106E-02 .141458E-03 .171200E-03 .171200E-03
 .482011E-05 .658007E-05 .450307E-02 .193179E-03 .145558E-03 .145558E-03
 .637197E-05 .843956E-05 .323713E-02 .217484E-03 .108401E-03 .108401E-03
 .594247E-05 .757045E-05 .286740E-02 .306161E-03 .109019E-03 .109019E-03
 .552878E-05 .675780E-05 .242046E-02 .428966E-03 .108387E-03 .108387E-03
 .698430E-05 .837986E-05 .191739E-02 .417713E-03 .864670E-04 .864670E-04
 .546996E-05 .643444E-05 .194775E-02 .556997E-03 .101990E-03 .101990E-03
 .669220E-05 .747520E-05 .133158E-02 .645594E-03 .792042E-04 .792042E-04
 .572292E-05 .651964E-05 .159474E-02 .649550E-03 .931975E-04 .931975E-04
 .660680E-05 .710500E-05 .107658E-02 .781370E-03 .738884E-04 .738884E-04
 .929884E-05 .947871E-05 .682146E-03 .750669E-03 .499936E-04 .499936E-04
 .724857E-05 .750902E-05 .832587E-03 .863380E-03 .636885E-04 .636885E-04
 .880316E-05 .861444E-05 .560803E-03 .907511E-03 .480005E-04 .480005E-04
 .786097E-05 .731489E-05 .448764E-03 .117215E-02 .472747E-04 .472747E-04
 .850702E-05 .758008E-05 .347856E-03 .122476E-02 .404698E-04 .404698E-04
 .883939E-05 .736799E-05 .245952E-03 .132710E-02 .335408E-04 .335408E-04
 .774879E-05 .667389E-05 .304757E-03 .142605E-02 .405424E-04 .405424E-04
 .869703E-05 .694290E-05 .198735E-03 .143014E-02 .305363E-04 .305363E-04
 .999443E-05 .726178E-05 .114732E-03 .135234E-02 .211580E-04 .211580E-04
 .812185E-05 .612301E-05 .154520E-03 .162773E-02 .283813E-04 .283813E-04
 .906075E-05 .633981E-05 .100661E-03 .155272E-02 .215709E-04 .215709E-04
 .893254E-05 .606803E-05 .880138E-04 .162064E-02 .206540E-04 .206540E-04
 .719396E-05 .497578E-05 .105941E-03 .204493E-02 .266120E-04 .266120E-04
 .616214E-05 .415897E-05 .101381E-03 .250167E-02 .296658E-04 .296658E-04
 .557268E-05 .369386E-05 .971511E-04 .282842E-02 .312522E-04 .312522E-04
 .432992E-05 .286944E-05 .105577E-03 .360815E-02 .379258E-04 .379258E-04
 .609207E-06 .976267E-06 .521336E-02 .351608E-04 .145278E-02 .145278E-02
 .728969E-06 .115508E-05 .604447E-02 .481251E-04 .114316E-02 .114316E-02
 .881090E-06 .137797E-05 .675219E-02 .611261E-04 .885910E-03 .885910E-03
 .872831E-06 .134015E-05 .738710E-02 .816232E-04 .845733E-03 .845733E-03
 .149036E-05 .225164E-05 .920202E-02 .963721E-04 .501606E-03 .501606E-03
 .102169E-05 .153950E-05 .865676E-02 .104912E-03 .703053E-03 .703053E-03
 .288600E-05 .425996E-05 .723425E-02 .110260E-03 .260861E-03 .260861E-03
 .227330E-05 .331584E-05 .836206E-02 .135914E-03 .319994E-03 .319994E-03
 .170761E-05 .251074E-05 .960436E-02 .132258E-03 .422006E-03 .422006E-03
 .296995E-05 .424242E-05 .701725E-02 .153779E-03 .240979E-03 .240979E-03
 .347198E-05 .481377E-05 .587672E-02 .197235E-03 .200468E-03 .200468E-03
 .335542E-05 .449410E-05 .525343E-02 .276635E-03 .195679E-03 .195679E-03
 .452081E-05 .591107E-05 .389025E-02 .292436E-03 .144680E-03 .144680E-03
 .418821E-05 .524819E-05 .323932E-02 .425714E-03 .143992E-03 .143992E-03
 .384423E-05 .457610E-05 .248932E-02 .639364E-03 .139974E-03 .139974E-03
 .436248E-05 .497359E-05 .179692E-02 .774936E-03 .116401E-03 .116401E-03
 .512866E-05 .566196E-05 .138678E-02 .829620E-03 .955440E-04 .955440E-04
 .472265E-05 .502005E-05 .114245E-02 .105735E-02 .943859E-04 .943859E-04
 .578260E-05 .603315E-05 .947511E-03 .100178E-02 .777113E-04 .777113E-04
 .735706E-05 .738339E-05 .690163E-03 .972680E-03 .588729E-04 .588729E-04
 .581581E-05 .589580E-05 .798210E-03 .112609E-02 .726295E-04 .726295E-04
 .604065E-05 .587514E-05 .621053E-03 .127952E-02 .638875E-04 .638875E-04
 .535784E-05 .495092E-05 .492753E-03 .166576E-02 .631309E-04 .631309E-04
 .656746E-05 .585348E-05 .383779E-03 .154478E-02 .500762E-04 .500762E-04
 .675878E-05 .557080E-05 .259645E-03 .174999E-02 .412879E-04 .412879E-04
 .609946E-05 .524159E-05 .328875E-03 .179721E-02 .492718E-04 .492718E-04
 .685547E-05 .538966E-05 .205283E-03 .186226E-02 .368018E-04 .368018E-04
 .817964E-05 .586781E-05 .120133E-03 .170931E-02 .253456E-04 .253456E-04
 .594337E-05 .450694E-05 .182464E-03 .224659E-02 .385503E-04 .385503E-04
 .670511E-05 .486247E-05 .139413E-03 .210276E-02 .315815E-04 .315815E-04
 .567482E-05 .401703E-05 .132539E-03 .257244E-02 .349878E-04 .349878E-04
 .572174E-05 .394018E-05 .115287E-03 .264282E-02 .329827E-04 .329827E-04
 .505121E-05 .342832E-05 .112864E-03 .307269E-02 .359297E-04 .359297E-04
 .409374E-05 .275736E-05 .117513E-03 .384054E-02 .422287E-04 .422287E-04
 .320830E-05 .216417E-05 .126819E-03 .477137E-02 .502763E-04 .502763E-04
 .331980E-05 .222719E-05 .121939E-03 .464630E-02 .483603E-04 .483603E-04
 .436046E-06 .681714E-06 .509988E-02 .530180E-04 .178403E-02 .178403E-02
 .379896E-06 .601735E-06 .418140E-02 .363510E-04 .203357E-02 .203357E-02
 .623575E-06 .962698E-06 .635153E-02 .741949E-04 .117827E-02 .117827E-02
 .720632E-06 .108525E-05 .735743E-02 .110719E-03 .958857E-03 .958857E-03
 .118288E-05 .173800E-05 .996778E-02 .144863E-03 .587310E-03 .587310E-03
 .827487E-06 .121374E-05 .861214E-02 .156812E-03 .808676E-03 .808676E-03
 .221034E-05 .313724E-05 .818493E-02 .185174E-03 .315608E-03 .315608E-03
 .182700E-05 .262449E-05 .920208E-02 .172878E-03 .382295E-03 .382295E-03
 .137816E-05 .197394E-05 .105494E-01 .192470E-03 .490077E-03 .490077E-03
 .242440E-05 .333145E-05 .726940E-02 .247181E-03 .274813E-03 .274813E-03
 .234120E-05 .308111E-05 .573071E-02 .383198E-03 .263464E-03 .263464E-03
 .320169E-05 .411629E-05 .429702E-02 .403494E-03 .190745E-03 .190745E-03
 .292868E-05 .360192E-05 .338318E-02 .595234E-03 .189332E-03 .189332E-03
 .243477E-05 .284418E-05 .258324E-02 .922133E-03 .196561E-03 .196561E-03
 .319870E-05 .364369E-05 .200455E-02 .941516E-03 .149442E-03 .149442E-03
 .351555E-05 .383571E-05 .147910E-02 .112484E-02 .125192E-03 .125192E-03
 .354309E-05 .366158E-05 .105416E-02 .146326E-02 .110726E-03 .110726E-03
 .479166E-05 .493543E-05 .937456E-03 .121855E-02 .874866E-04 .874866E-04
 .442588E-05 .441831E-05 .796188E-03 .147557E-02 .861555E-04 .861555E-04
 .410415E-05 .391450E-05 .631309E-03 .184478E-02 .820556E-04 .820556E-04
 .391323E-05 .358105E-05 .512321E-03 .219962E-02 .777827E-04 .777827E-04
 .464880E-05 .408208E-05 .398344E-03 .213818E-02 .630814E-04 .630814E-04
 .510470E-05 .428842E-05 .312953E-03 .220047E-02 .539622E-04 .539622E-04
 .496089E-05 .395860E-05 .248484E-03 .246271E-02 .496443E-04 .496443E-04
 .433052E-05 .325760E-05 .197738E-03 .304961E-02 .493706E-04 .493706E-04
 .536683E-05 .392943E-05 .160491E-03 .261112E-02 .394015E-04 .394015E-04
 .451452E-05 .324157E-05 .155170E-03 .315745E-02 .436955E-04 .436955E-04
 .479781E-05 .334094E-05 .130523E-03 .311454E-02 .392941E-04 .392941E-04
 .424776E-05 .291848E-05 .127780E-03 .358992E-02 .425268E-04 .425268E-04
 .307580E-05 .210603E-05 .138675E-03 .488639E-02 .539530E-04 .539530E-04
 .362607E-05 .249789E-05 .136349E-03 .415718E-02 .483889E-04 .483889E-04
 .254224E-05 .173863E-05 .145596E-03 .586762E-02 .618598E-04 .618598E-04
 .247557E-05 .167899E-05 .138107E-03 .597244E-02 .603408E-04 .603408E-04
 .420962E-06 .642493E-06 .512697E-02 .865210E-04 .158291E-02 .158291E-02
 .328962E-06 .504473E-06 .428025E-02 .752838E-04 .195219E-02 .195219E-02
 .257656E-06 .396585E-06 .363733E-02 .621078E-04 .237506E-02 .237506E-02
 .285497E-06 .444702E-06 .383283E-02 .468209E-04 .237391E-02 .237391E-02
 .229323E-06 .357832E-06 .334341E-02 .355899E-04 .274259E-02 .274259E-02
 .514290E-06 .770934E-06 .611915E-02 .118123E-03 .127644E-02 .127644E-02
 .604595E-06 .887786E-06 .708211E-02 .160582E-03 .107213E-02 .107213E-02
 .962715E-06 .137379E-05 .947548E-02 .217296E-03 .671538E-03 .671538E-03
 .626937E-06 .889890E-06 .753728E-02 .245456E-03 .977708E-03 .977708E-03
 .169469E-05 .237110E-05 .900744E-02 .236851E-03 .391906E-03 .391906E-03
 .117799E-05 .163679E-05 .914162E-02 .282648E-03 .533457E-03 .533457E-03
 .151128E-05 .202204E-05 .755550E-02 .378482E-03 .401201E-03 .401201E-03
 .177197E-05 .228238E-05 .540351E-02 .514159E-03 .324375E-03 .324375E-03
 .229079E-05 .289544E-05 .440012E-02 .542262E-03 .247599E-03 .247599E-03
 .214566E-05 .261085E-05 .345770E-02 .747179E-03 .241481E-03 .241481E-03
 .157087E-05 .185038E-05 .295930E-02 .105222E-02 .288217E-03 .288217E-03
 .233596E-05 .257313E-05 .176324E-02 .133616E-02 .176503E-03 .176503E-03
 .179310E-05 .202448E-05 .217914E-02 .131482E-02 .232968E-03 .232968E-03
 .268799E-05 .284558E-05 .131692E-02 .154326E-02 .143936E-03 .143936E-03
 .245886E-05 .249914E-05 .104590E-02 .197454E-02 .138798E-03 .138798E-03
 .312702E-05 .307332E-05 .808306E-03 .198117E-02 .107664E-03 .107664E-03
 .282510E-05 .262732E-05 .608768E-03 .261073E-02 .101030E-03 .101030E-03
 .314165E-05 .277438E-05 .452186E-03 .285882E-02 .838013E-04 .838013E-04
 .364515E-05 .304752E-05 .335439E-03 .291936E-02 .677199E-04 .677199E-04
 .359394E-05 .283466E-05 .259197E-03 .331734E-02 .617461E-04 .617461E-04
 .329083E-05 .249793E-05 .222864E-03 .381512E-02 .613294E-04 .613294E-04
 .346362E-05 .251694E-05 .179577E-03 .392137E-02 .547582E-04 .547582E-04
 .389021E-05 .273382E-05 .146982E-03 .374435E-02 .472859E-04 .472859E-04
 .238941E-05 .166618E-05 .162782E-03 .592862E-02 .667929E-04 .667929E-04
 .304743E-05 .214323E-05 .159193E-03 .468003E-02 .570516E-04 .570516E-04
 .182589E-05 .126704E-05 .168572E-03 .773088E-02 .792963E-04 .792963E-04
 .191280E-05 .131471E-05 .157415E-03 .755504E-02 .753784E-04 .753784E-04
 .378907E-06 .565469E-06 .495613E-02 .126672E-03 .161667E-02 .161667E-02
 .309358E-06 .466403E-06 .419146E-02 .103658E-03 .192086E-02 .192086E-02
 .258118E-06 .392349E-06 .364025E-02 .845648E-04 .225407E-02 .225407E-02
 .191419E-06 .289968E-06 .298240E-02 .806729E-04 .278706E-02 .278706E-02
 .163884E-06 .251317E-06 .275435E-02 .493543E-04 .326483E-02 .326483E-02
 .132039E-06 .203049E-06 .233103E-02 .365665E-04 .348741E-02 .348741E-02
 .104892E-06 .161139E-06 .195808E-02 .284719E-04 .345184E-02 .345184E-02
 .401504E-06 .580388E-06 .555631E-02 .199429E-03 .147830E-02 .147830E-02
 .816342E-06 .112635E-05 .782815E-02 .326087E-03 .733908E-03 .733908E-03
 .407217E-06 .560317E-06 .516233E-02 .352699E-03 .135094E-02 .135094E-02
 .584129E-06 .797868E-06 .625067E-02 .379858E-03 .974056E-03 .974056E-03
 .101100E-05 .136450E-05 .742828E-02 .393744E-03 .577266E-03 .577266E-03
 .123143E-05 .156887E-05 .516538E-02 .626999E-03 .430595E-03 .430595E-03
 .102657E-05 .134895E-05 .625351E-02 .505696E-03 .537252E-03 .537252E-03
 .166167E-05 .206013E-05 .413821E-02 .716511E-03 .312670E-03 .312670E-03
 .118642E-05 .143934E-05 .361043E-02 .935281E-03 .394379E-03 .394379E-03
 .100715E-05 .116146E-05 .260409E-02 .137228E-02 .396541E-03 .396541E-03
 .129085E-05 .144043E-05 .210207E-02 .158592E-02 .295151E-03 .295151E-03
 .158873E-05 .171774E-05 .167898E-02 .176442E-02 .228759E-03 .228759E-03
 .196535E-05 .205750E-05 .132198E-02 .191436E-02 .177241E-03 .177241E-03
 .184453E-05 .185080E-05 .103274E-02 .245257E-02 .166468E-03 .166468E-03
 .218699E-05 .211825E-05 .811527E-03 .261627E-02 .134002E-03 .134002E-03
 .182746E-05 .168031E-05 .637609E-03 .355982E-02 .133474E-03 .133474E-03
 .226123E-05 .200961E-05 .505811E-03 .352654E-02 .106427E-03 .106427E-03
 .232325E-05 .195347E-05 .385696E-03 .400090E-02 .924697E-04 .924697E-04
 .291293E-05 .235196E-05 .303610E-03 .375405E-02 .743784E-04 .743784E-04
 .294953E-05 .230715E-05 .262028E-03 .396014E-02 .696619E-04 .696619E-04
 .274561E-05 .210707E-05 .244247E-03 .435638E-02 .707691E-04 .707691E-04
 .283442E-05 .211431E-05 .213431E-03 .446578E-02 .660310E-04 .660310E-04
 .279672E-05 .202882E-05 .188454E-03 .477367E-02 .638248E-04 .638248E-04
 .188457E-05 .135793E-05 .198854E-03 .672894E-02 .821519E-04 .821519E-04
 .245775E-05 .175859E-05 .182463E-03 .549686E-02 .684204E-04 .684204E-04
 .137627E-05 .994587E-06 .209871E-03 .864147E-02 .995458E-04 .995458E-04
 .134318E-05 .939001E-06 .177843E-03 .100485E-01 .965082E-04 .965082E-04
 .116152E-05 .824665E-06 .195275E-03 .108575E-01 .107427E-03 .107427E-03
 .284972E-06 .419680E-06 .407252E-02 .152068E-03 .195952E-02 .195952E-02
 .224666E-06 .335523E-06 .334968E-02 .115494E-03 .239255E-02 .239255E-02
 .126082E-06 .189421E-06 .219888E-02 .787802E-04 .356123E-02 .356123E-02
 .149624E-06 .220700E-06 .248463E-02 .126327E-03 .315991E-02 .315991E-02
 .975803E-07 .148796E-06 .186346E-02 .384151E-04 .393373E-02 .393373E-02
 .102147E-06 .154579E-06 .188438E-02 .553996E-04 .388653E-02 .388653E-02
 .789148E-07 .120276E-06 .163728E-02 .274307E-04 .393409E-02 .393409E-02
 .300916E-06 .420121E-06 .417385E-02 .301069E-03 .175781E-02 .175781E-02
 .251165E-06 .358486E-06 .370660E-02 .228242E-03 .207025E-02 .207025E-02
 .708181E-06 .936822E-06 .593057E-02 .505730E-03 .756351E-03 .756351E-03
 .463738E-06 .614278E-06 .476725E-02 .520254E-03 .111013E-02 .111013E-02
 .337083E-06 .446385E-06 .387744E-02 .522137E-03 .146132E-02 .146132E-02
 .268251E-06 .361913E-06 .352162E-02 .428315E-03 .181697E-02 .181697E-02
 .921817E-06 .113989E-05 .400157E-02 .859294E-03 .509738E-03 .509738E-03
 .856530E-06 .109609E-05 .496723E-02 .665017E-03 .589408E-03 .589408E-03
 .906585E-06 .108325E-05 .317661E-02 .111878E-02 .473507E-03 .473507E-03
 .776929E-06 .904754E-06 .265715E-02 .137330E-02 .505529E-03 .505529E-03
 .873355E-06 .949130E-06 .183695E-02 .205922E-02 .381041E-03 .381041E-03
 .738333E-06 .832078E-06 .220454E-02 .170780E-02 .487235E-03 .487235E-03
 .118730E-05 .127087E-05 .162263E-02 .210014E-02 .281138E-03 .281138E-03
 .132511E-05 .134826E-05 .120255E-02 .263187E-02 .223276E-03 .223276E-03
 .152277E-05 .146493E-05 .841834E-03 .327357E-02 .171557E-03 .171557E-03
 .116338E-05 .105007E-05 .639103E-03 .487569E-02 .176498E-03 .176498E-03
 .162106E-05 .140708E-05 .481774E-03 .470491E-02 .125503E-03 .125503E-03
 .152092E-05 .122239E-05 .335215E-03 .602972E-02 .110283E-03 .110283E-03
 .232371E-05 .183530E-05 .287168E-03 .467450E-02 .825324E-04 .825324E-04
 .241230E-05 .183299E-05 .239972E-03 .493919E-02 .758969E-04 .758969E-04
 .234886E-05 .172962E-05 .210041E-03 .536632E-02 .735613E-04 .735613E-04
 .193703E-05 .147166E-05 .249372E-03 .584693E-02 .871454E-04 .871454E-04
 .148291E-05 .111638E-05 .249112E-03 .723411E-02 .100823E-03 .100823E-03
 .121906E-05 .913422E-06 .248382E-03 .847285E-02 .112106E-03 .112106E-03
 .103332E-05 .764777E-06 .236273E-03 .100316E-01 .120770E-03 .120770E-03
 .821376E-06 .587101E-06 .193363E-03 .144374E-01 .128067E-03 .128067E-03
 .791108E-06 .583468E-06 .230169E-03 .126263E-01 .138413E-03 .138413E-03
 .751251E-06 .543482E-06 .206265E-03 .146035E-01 .136951E-03 .136951E-03
 .198633E-06 .288946E-06 .306797E-02 .171520E-03 .252181E-02 .252181E-02
 .832961E-07 .124127E-06 .156712E-02 .756083E-04 .428760E-02 .428760E-02
 .984030E-07 .144338E-06 .176596E-02 .116909E-03 .403980E-02 .403980E-02
 .147085E-06 .211312E-06 .238904E-02 .189658E-03 .308371E-02 .308371E-02
 .109487E-06 .157025E-06 .187904E-02 .175489E-03 .375147E-02 .375147E-02
 .609444E-07 .921752E-07 .131030E-02 .312618E-04 .446696E-02 .446696E-02
 .645958E-07 .970755E-07 .131233E-02 .468794E-04 .453980E-02 .453980E-02
 .523486E-07 .790721E-07 .120267E-02 .249225E-04 .442957E-02 .442957E-02
 .214147E-06 .295268E-06 .311320E-02 .333576E-03 .224333E-02 .224333E-02
 .173004E-06 .244079E-06 .269664E-02 .248061E-03 .269525E-02 .269525E-02
 .520229E-06 .663905E-06 .412572E-02 .719370E-03 .914920E-03 .914920E-03
 .673524E-06 .857221E-06 .445974E-02 .721716E-03 .721424E-03 .721424E-03
 .347040E-06 .440670E-06 .331896E-02 .754686E-03 .128994E-02 .128994E-02
 .243445E-06 .314830E-06 .287724E-02 .633028E-03 .181990E-02 .181990E-02
 .182676E-06 .242090E-06 .253302E-02 .484370E-03 .240565E-02 .240565E-02
 .739445E-06 .921365E-06 .399022E-02 .845982E-03 .628456E-03 .628456E-03
 .701460E-06 .842862E-06 .315032E-02 .111411E-02 .597170E-03 .597170E-03
 .601427E-06 .690380E-06 .234442E-02 .155405E-02 .610626E-03 .610626E-03
 .969563E-06 .100915E-05 .139938E-02 .262003E-02 .306270E-03 .306270E-03
 .705137E-06 .724915E-06 .132678E-02 .302528E-02 .387886E-03 .387886E-03
 .537545E-06 .580339E-06 .171837E-02 .233289E-02 .570637E-03 .570637E-03
 .888137E-06 .879035E-06 .106554E-02 .351672E-02 .282892E-03 .282892E-03
 .111207E-05 .106725E-05 .876748E-03 .380850E-02 .216825E-03 .216825E-03
 .810558E-06 .751200E-06 .752917E-03 .506403E-02 .249641E-03 .249641E-03
 .734455E-06 .627519E-06 .507607E-03 .744476E-02 .212481E-03 .212481E-03
 .108822E-05 .913608E-06 .435520E-03 .658750E-02 .150817E-03 .150817E-03
 .105135E-05 .832681E-06 .327760E-03 .789902E-02 .135112E-03 .135112E-03
 .124204E-05 .960201E-06 .286140E-03 .764468E-02 .116699E-03 .116699E-03
 .105835E-05 .809064E-06 .275105E-03 .881356E-02 .125722E-03 .125722E-03
 .823441E-06 .634041E-06 .286821E-03 .102363E-01 .147396E-03 .147396E-03
 .583733E-06 .421529E-06 .193640E-03 .186040E-01 .148900E-03 .148900E-03
 .634991E-06 .481997E-06 .262904E-03 .129383E-01 .166118E-03 .166118E-03
 .560123E-06 .413360E-06 .222699E-03 .167429E-01 .164506E-03 .164506E-03
 .578279E-07 .854295E-07 .114068E-02 .726204E-04 .483303E-02 .483303E-02
 .666205E-07 .968875E-07 .125707E-02 .111068E-03 .485944E-02 .485944E-02
 .787164E-07 .112555E-06 .141317E-02 .160318E-03 .451974E-02 .451974E-02
 .121345E-06 .169701E-06 .199522E-02 .252233E-03 .344564E-02 .344564E-02
 .833708E-07 .116074E-06 .143969E-02 .232695E-03 .437327E-02 .437327E-02
 .373935E-07 .560067E-07 .893272E-03 .263582E-04 .497612E-02 .497612E-02
 .456120E-07 .684069E-07 .100329E-02 .345412E-04 .469876E-02 .469876E-02
 .486666E-07 .722036E-07 .999498E-03 .563815E-04 .484885E-02 .484885E-02
 .423934E-07 .631300E-07 .909889E-03 .434747E-04 .481773E-02 .481773E-02
 .262781E-07 .390863E-07 .689911E-03 .211822E-04 .514511E-02 .514511E-02
 .145646E-06 .198326E-06 .224249E-02 .354362E-03 .295495E-02 .295495E-02
 .430463E-06 .528108E-06 .303999E-02 .999656E-03 .972271E-03 .972271E-03
 .585870E-06 .724466E-06 .355223E-02 .924592E-03 .754416E-03 .754416E-03
 .232255E-06 .285606E-06 .228843E-02 .946684E-03 .167225E-02 .167225E-02
 .311771E-06 .375384E-06 .239826E-02 .113488E-02 .122991E-02 .122991E-02
 .156539E-06 .196057E-06 .194364E-02 .760453E-03 .244139E-02 .244139E-02
 .122093E-06 .159318E-06 .178762E-02 .508902E-03 .316421E-02 .316421E-02
 .511144E-06 .607238E-06 .270458E-02 .125205E-02 .766316E-03 .766316E-03
 .431232E-06 .490269E-06 .204593E-02 .170902E-02 .787757E-03 .787757E-03
 .474324E-06 .475089E-06 .111051E-02 .371434E-02 .496799E-03 .496799E-03
 .622767E-06 .599893E-06 .923523E-03 .445456E-02 .347200E-03 .347200E-03
 .358649E-06 .391357E-06 .158372E-02 .224056E-02 .817341E-03 .817341E-03
 .350337E-06 .362840E-06 .122414E-02 .308594E-02 .703822E-03 .703822E-03
 .547830E-06 .491253E-06 .629240E-03 .658762E-02 .302489E-03 .302489E-03
 .455858E-06 .380805E-06 .426673E-03 .960553E-02 .271589E-03 .271589E-03
 .832828E-06 .674369E-06 .372199E-03 .854298E-02 .165703E-03 .165703E-03
 .598514E-06 .476197E-06 .338588E-03 .108836E-01 .195756E-03 .195756E-03
 .394414E-06 .290476E-06 .204004E-03 .224250E-01 .183770E-03 .183770E-03
 .349639E-06 .255360E-06 .184890E-03 .252988E-01 .177035E-03 .177035E-03
 .473042E-06 .362663E-06 .267244E-03 .146367E-01 .199514E-03 .199514E-03
 .401805E-06 .301738E-06 .230231E-03 .184728E-01 .199944E-03 .199944E-03
 .487831E-07 .707331E-07 .954591E-03 .963617E-04 .538722E-02 .538722E-02
 .431051E-07 .631414E-07 .876078E-03 .710874E-04 .527522E-02 .527522E-02
 .604359E-07 .857198E-07 .110880E-02 .156934E-03 .516243E-02 .516243E-02
 .511707E-07 .730953E-07 .969638E-03 .128313E-03 .551428E-02 .551428E-02
 .668253E-07 .936209E-07 .118993E-02 .195627E-03 .493175E-02 .493175E-02
 .955695E-07 .128769E-06 .155191E-02 .348472E-03 .393227E-02 .393227E-02
 .718872E-07 .971827E-07 .120589E-02 .302385E-03 .469084E-02 .469084E-02
 .624259E-07 .855517E-07 .108636E-02 .244947E-03 .515603E-02 .515603E-02
 .241360E-07 .357667E-07 .621801E-03 .240651E-04 .532636E-02 .532636E-02
 .320837E-07 .477110E-07 .744310E-03 .326363E-04 .501447E-02 .501447E-02
 .384276E-07 .566711E-07 .810429E-03 .541925E-04 .509131E-02 .509131E-02
 .331035E-07 .489387E-07 .728999E-03 .432219E-04 .504401E-02 .504401E-02
 .169480E-07 .249527E-07 .483478E-03 .178349E-04 .511943E-02 .511943E-02
 .389516E-06 .459127E-06 .236144E-02 .133723E-02 .954155E-03 .954155E-03
 .170180E-06 .200954E-06 .161861E-02 .120111E-02 .192308E-02 .192308E-02
 .234988E-06 .276218E-06 .187274E-02 .131778E-02 .145399E-02 .145399E-02
 .296222E-06 .337020E-06 .180460E-02 .167469E-02 .109219E-02 .109219E-02
 .984015E-07 .122533E-06 .132577E-02 .700000E-03 .330259E-02 .330259E-02
 .114890E-06 .136045E-06 .127006E-02 .105858E-02 .259823E-02 .259823E-02
 .845347E-07 .109246E-06 .127645E-02 .489781E-03 .396425E-02 .396425E-02
 .321007E-06 .311933E-06 .864198E-03 .448039E-02 .604258E-03 .604258E-03
 .422997E-06 .395640E-06 .755315E-03 .551189E-02 .424074E-03 .424074E-03
 .246308E-06 .262665E-06 .124516E-02 .251111E-02 .103165E-02 .103165E-02
 .257841E-06 .259608E-06 .954891E-03 .359703E-02 .811104E-03 .811104E-03
 .378435E-06 .332843E-06 .530552E-03 .769007E-02 .364450E-03 .364450E-03
 .333556E-06 .280751E-06 .411182E-03 .970608E-02 .340307E-03 .340307E-03
 .423302E-06 .335983E-06 .317767E-03 .125917E-01 .239195E-03 .239195E-03
 .329423E-06 .266264E-06 .332900E-03 .120976E-01 .295855E-03 .295855E-03
 .305975E-06 .229020E-06 .214024E-03 .220382E-01 .219159E-03 .219159E-03
 .289897E-06 .213914E-06 .192594E-03 .266819E-01 .201857E-03 .201857E-03
 .254077E-06 .185673E-06 .173091E-03 .299017E-01 .184648E-03 .184648E-03
 .321413E-06 .248215E-06 .261496E-03 .164315E-01 .252628E-03 .252628E-03
 .428482E-07 .612158E-07 .832021E-03 .113942E-03 .592965E-02 .592965E-02
 .369202E-07 .531362E-07 .743771E-03 .899007E-04 .602948E-02 .602948E-02
 .330273E-07 .481008E-07 .694159E-03 .647171E-04 .563757E-02 .563757E-02
 .545081E-07 .756675E-07 .981477E-03 .196637E-03 .558134E-02 .558134E-02
 .500891E-07 .703740E-07 .927271E-03 .160766E-03 .575920E-02 .575920E-02
 .428426E-07 .602782E-07 .811824E-03 .142865E-03 .623568E-02 .623568E-02
 .685673E-07 .901892E-07 .110124E-02 .385047E-03 .469446E-02 .469446E-02
 .569611E-07 .759429E-07 .959134E-03 .310420E-03 .548205E-02 .548205E-02
 .493144E-07 .668217E-07 .867798E-03 .244107E-03 .610516E-02 .610516E-02
 .228502E-07 .336637E-07 .557269E-03 .306974E-04 .523826E-02 .523826E-02
 .173858E-07 .255428E-07 .471707E-03 .219866E-04 .536369E-02 .536369E-02
 .270162E-07 .397971E-07 .618371E-03 .386344E-04 .516453E-02 .516453E-02
 .322620E-07 .473716E-07 .695788E-03 .517663E-04 .527226E-02 .527226E-02
 .291380E-07 .427919E-07 .643899E-03 .463991E-04 .526271E-02 .526271E-02
 .135026E-07 .197743E-07 .395452E-03 .165422E-04 .491152E-02 .491152E-02
 .197543E-06 .221985E-06 .141978E-02 .174229E-02 .144948E-02 .144948E-02
 .134569E-06 .150529E-06 .112664E-02 .163628E-02 .190706E-02 .190706E-02
 .728003E-07 .912335E-07 .103852E-02 .592739E-03 .409657E-02 .409657E-02
 .872813E-07 .104515E-06 .106043E-02 .892116E-03 .321233E-02 .321233E-02
 .768384E-07 .937185E-07 .100943E-02 .742262E-03 .369799E-02 .369799E-02
 .102896E-06 .116306E-06 .981601E-03 .140282E-02 .239530E-02 .239530E-02
 .864999E-07 .100037E-06 .940029E-03 .112835E-02 .291534E-02 .291534E-02
 .663417E-07 .850349E-07 .101144E-02 .474837E-03 .461064E-02 .461064E-02
 .212706E-06 .202400E-06 .684479E-03 .490355E-02 .756220E-03 .756220E-03
 .281329E-06 .255227E-06 .586701E-03 .654944E-02 .511593E-03 .511593E-03
 .164665E-06 .175605E-06 .102792E-02 .234097E-02 .139104E-02 .139104E-02
 .187130E-06 .189263E-06 .862044E-03 .333190E-02 .104857E-02 .104857E-02
 .288243E-06 .248343E-06 .448429E-03 .861951E-02 .411854E-03 .411854E-03
 .248512E-06 .205208E-06 .352116E-03 .109919E-01 .388835E-03 .388835E-03
 .259991E-06 .206935E-06 .292300E-03 .137984E-01 .321761E-03 .321761E-03
 .239171E-06 .182116E-06 .226533E-03 .197591E-01 .270613E-03 .270613E-03
 .234709E-06 .174550E-06 .196289E-03 .262044E-01 .230697E-03 .230697E-03
 .193411E-06 .143073E-06 .179533E-03 .270391E-01 .224538E-03 .224538E-03
 .208792E-06 .152907E-06 .164751E-03 .286638E-01 .189288E-03 .189288E-03
 .238555E-06 .186088E-06 .258077E-03 .160229E-01 .308352E-03 .308352E-03
 .361085E-07 .510016E-07 .706277E-03 .119953E-03 .667817E-02 .667817E-02
 .300463E-07 .431746E-07 .624650E-03 .782653E-04 .631529E-02 .631529E-02
 .303960E-07 .430718E-07 .615198E-03 .999114E-04 .697738E-02 .697738E-02
 .289221E-07 .422379E-07 .628431E-03 .535787E-04 .551513E-02 .551513E-02
 .261220E-07 .377510E-07 .565110E-03 .616097E-04 .608374E-02 .608374E-02
 .435078E-07 .599532E-07 .798040E-03 .187913E-03 .652458E-02 .652458E-02
 .364095E-07 .504804E-07 .690927E-03 .155100E-03 .715485E-02 .715485E-02
 .532385E-07 .686315E-07 .849598E-03 .405184E-03 .560952E-02 .560952E-02
 .450730E-07 .592935E-07 .764853E-03 .309363E-03 .660516E-02 .660516E-02
 .399690E-07 .535827E-07 .711169E-03 .239669E-03 .722315E-02 .722315E-02
 .228754E-07 .335230E-07 .535707E-03 .375451E-04 .530521E-02 .530521E-02
 .194289E-07 .284009E-07 .473156E-03 .331174E-04 .533624E-02 .533624E-02
 .151144E-07 .221216E-07 .413575E-03 .214197E-04 .517166E-02 .517166E-02
 .166972E-07 .243509E-07 .424106E-03 .290381E-04 .530295E-02 .530295E-02
 .249208E-07 .363852E-07 .560359E-03 .461595E-04 .548826E-02 .548826E-02
 .131199E-07 .191925E-07 .376264E-03 .174255E-04 .481310E-02 .481310E-02
 .120764E-07 .176587E-07 .350835E-03 .158779E-04 .455051E-02 .455051E-02
 .126014E-06 .134353E-06 .883730E-03 .218218E-02 .168208E-02 .168208E-02
 .103825E-06 .112711E-06 .846639E-03 .182393E-02 .206688E-02 .206688E-02
 .582883E-07 .730142E-07 .858709E-03 .536042E-03 .489128E-02 .489128E-02
 .627733E-07 .764785E-07 .852093E-03 .682190E-03 .432954E-02 .432954E-02
 .693509E-07 .817963E-07 .844259E-03 .899715E-03 .365391E-02 .365391E-02
 .841887E-07 .933428E-07 .797227E-03 .146720E-02 .260905E-02 .260905E-02
 .701244E-07 .795099E-07 .753331E-03 .117132E-02 .323791E-02 .323791E-02
 .149708E-06 .144247E-06 .629171E-03 .421516E-02 .102410E-02 .102410E-02
 .203391E-06 .182742E-06 .507808E-03 .668774E-02 .626615E-03 .626615E-03
 .154919E-06 .140958E-06 .494770E-03 .586260E-02 .807679E-03 .807679E-03
 .222115E-06 .191697E-06 .426999E-03 .843426E-02 .503105E-03 .503105E-03
 .130137E-06 .132409E-06 .745914E-03 .293099E-02 .139195E-02 .139195E-02
 .182145E-06 .151507E-06 .345950E-03 .103052E-01 .510489E-03 .510489E-03
 .199415E-06 .158971E-06 .285500E-03 .137174E-01 .394281E-03 .394281E-03
 .202527E-06 .156978E-06 .243540E-03 .169115E-01 .330012E-03 .330012E-03
 .188110E-06 .143130E-06 .215395E-03 .199848E-01 .298698E-03 .298698E-03
 .189972E-06 .142098E-06 .190577E-03 .234824E-01 .250963E-03 .250963E-03
 .177118E-06 .132045E-06 .181578E-03 .238420E-01 .242648E-03 .242648E-03
 .179906E-06 .132400E-06 .164260E-03 .271203E-01 .202290E-03 .202290E-03
 .306716E-07 .426889E-07 .602080E-03 .129854E-03 .775599E-02 .775599E-02
 .258967E-07 .368768E-07 .544453E-03 .804806E-04 .694203E-02 .694203E-02
 .260350E-07 .364365E-07 .531164E-03 .105343E-03 .801713E-02 .801713E-02
 .213698E-07 .308829E-07 .484249E-03 .502404E-04 .599494E-02 .599494E-02
 .228026E-07 .326174E-07 .496662E-03 .660276E-04 .669406E-02 .669406E-02
 .365048E-07 .496570E-07 .672533E-03 .193994E-03 .753001E-02 .753001E-02
 .316055E-07 .430733E-07 .597596E-03 .171106E-03 .835057E-02 .835057E-02
 .416622E-07 .530709E-07 .673962E-03 .388516E-03 .694062E-02 .694062E-02
 .477862E-07 .595470E-07 .719746E-03 .500321E-03 .582369E-02 .582369E-02
 .368089E-07 .479474E-07 .632912E-03 .297045E-03 .795450E-02 .795450E-02
 .335205E-07 .446930E-07 .607017E-03 .224678E-03 .844206E-02 .844206E-02
 .215137E-07 .313573E-07 .500084E-03 .410238E-04 .549471E-02 .549471E-02
 .196659E-07 .285717E-07 .462987E-03 .402975E-04 .557795E-02 .557795E-02
 .181158E-07 .263194E-07 .437055E-03 .365024E-04 .549182E-02 .549182E-02
 .133307E-07 .194954E-07 .376147E-03 .184061E-04 .482998E-02 .482998E-02
 .150280E-07 .219224E-07 .396947E-03 .247779E-04 .512400E-02 .512400E-02
 .159129E-07 .231265E-07 .399198E-03 .307296E-04 .528741E-02 .528741E-02
 .172267E-07 .249661E-07 .417298E-03 .366995E-04 .554355E-02 .554355E-02
 .106696E-06 .111529E-06 .742649E-03 .233145E-02 .176919E-02 .176919E-02
 .839346E-07 .884113E-07 .665973E-03 .200639E-02 .220878E-02 .220878E-02
 .527453E-07 .644606E-07 .744793E-03 .611104E-03 .507914E-02 .507914E-02
 .536159E-07 .633902E-07 .695710E-03 .776521E-03 .463977E-02 .463977E-02
 .603110E-07 .693449E-07 .702777E-03 .994198E-03 .384961E-02 .384961E-02
 .685657E-07 .745475E-07 .649952E-03 .150601E-02 .290360E-02 .290360E-02
 .606279E-07 .677045E-07 .647465E-03 .119893E-02 .351995E-02 .351995E-02
 .113746E-06 .109949E-06 .564916E-03 .376615E-02 .127520E-02 .127520E-02
 .126536E-06 .117995E-06 .509164E-03 .480620E-02 .102881E-02 .102881E-02
 .169568E-06 .147178E-06 .410426E-03 .785648E-02 .631053E-03 .631053E-03
 .138488E-06 .121265E-06 .405110E-03 .708268E-02 .768385E-03 .768385E-03
 .120736E-06 .108511E-06 .432048E-03 .581196E-02 .939426E-03 .939426E-03
 .977317E-07 .984869E-07 .616568E-03 .279263E-02 .166443E-02 .166443E-02
 .143361E-06 .120815E-06 .351323E-03 .902697E-02 .654351E-03 .654351E-03
 .152220E-06 .123033E-06 .301160E-03 .121027E-01 .535894E-03 .535894E-03
 .167241E-06 .130784E-06 .254296E-03 .156718E-01 .403484E-03 .403484E-03
 .156918E-06 .120774E-06 .225368E-03 .173856E-01 .363991E-03 .363991E-03
 .169876E-06 .128200E-06 .196603E-03 .208864E-01 .282598E-03 .282598E-03
 .168502E-06 .126193E-06 .183379E-03 .222316E-01 .254888E-03 .254888E-03
 .269867E-07 .370138E-07 .529726E-03 .140502E-03 .903415E-02 .903415E-02
 .225095E-07 .317746E-07 .479609E-03 .815153E-04 .764594E-02 .764594E-02
 .232236E-07 .321524E-07 .475975E-03 .110150E-03 .902824E-02 .902824E-02
 .186247E-07 .268930E-07 .436048E-03 .440424E-04 .588423E-02 .588423E-02
 .198337E-07 .283159E-07 .444590E-03 .594293E-04 .680639E-02 .680639E-02
 .285265E-07 .381247E-07 .532685E-03 .194254E-03 .978718E-02 .978718E-02
 .347738E-07 .437067E-07 .567255E-03 .381958E-03 .842110E-02 .842110E-02
 .403916E-07 .498196E-07 .614183E-03 .487175E-03 .678286E-02 .678286E-02
 .457400E-07 .552369E-07 .646669E-03 .611806E-03 .569654E-02 .569654E-02
 .315285E-07 .409892E-07 .553722E-03 .270728E-03 .926679E-02 .926679E-02
 .174574E-07 .251401E-07 .411724E-03 .435494E-04 .592329E-02 .592329E-02
 .787327E-07 .790287E-07 .540675E-03 .257005E-02 .197199E-02 .197199E-02
 .673863E-07 .702101E-07 .559520E-03 .191403E-02 .255789E-02 .255789E-02
 .526517E-07 .597315E-07 .613496E-03 .100214E-02 .423800E-02 .423800E-02
 .443845E-07 .515042E-07 .576837E-03 .783314E-03 .544511E-02 .544511E-02
 .557992E-07 .602471E-07 .555407E-03 .139825E-02 .344578E-02 .344578E-02
 .911054E-07 .878015E-07 .503526E-03 .347198E-02 .151004E-02 .151004E-02
 .104797E-06 .972935E-07 .464847E-03 .455688E-02 .117936E-02 .117936E-02
 .117442E-06 .101287E-06 .370486E-03 .733246E-02 .850734E-03 .850734E-03
 .100960E-06 .900178E-07 .397207E-03 .560446E-02 .107581E-02 .107581E-02
 .124353E-06 .102873E-06 .323739E-03 .972586E-02 .703528E-03 .703528E-03
 .127432E-06 .101250E-06 .268503E-03 .128869E-01 .549418E-03 .549418E-03
 .143895E-06 .111687E-06 .234605E-03 .157326E-01 .418374E-03 .418374E-03
 .157485E-06 .119660E-06 .201717E-03 .190829E-01 .310366E-03 .310366E-03
 .251429E-07 .340706E-07 .489784E-03 .151937E-03 .995605E-02 .995605E-02
 .206640E-07 .290495E-07 .444279E-03 .800834E-04 .783037E-02 .783037E-02
 .221051E-07 .305945E-07 .455660E-03 .105942E-03 .875785E-02 .875785E-02
 .233025E-07 .318366E-07 .465191E-03 .129968E-03 .944203E-02 .944203E-02
 .191350E-07 .272347E-07 .428693E-03 .606540E-04 .684006E-02 .684006E-02
 .265798E-07 .352374E-07 .494403E-03 .198655E-03 .104564E-01 .104564E-01
 .287805E-07 .375667E-07 .515538E-03 .243971E-03 .996822E-02 .996822E-02
 .307657E-07 .391587E-07 .523031E-03 .316618E-03 .949586E-02 .949586E-02
 .370049E-07 .450948E-07 .558686E-03 .500744E-03 .731382E-02 .731382E-02
 .334604E-07 .408524E-07 .518268E-03 .458243E-03 .825415E-02 .825415E-02
 .407102E-07 .488523E-07 .581755E-03 .594073E-03 .634643E-02 .634643E-02
 .669284E-07 .669953E-07 .487653E-03 .238241E-02 .224734E-02 .224734E-02
 .766475E-07 .738006E-07 .461160E-03 .318346E-02 .174915E-02 .174915E-02
 .600976E-07 .621732E-07 .507785E-03 .186222E-02 .276770E-02 .276770E-02
 .477707E-07 .532799E-07 .547239E-03 .105000E-02 .446534E-02 .446534E-02
 .385068E-07 .456016E-07 .542318E-03 .623909E-03 .658129E-02 .658129E-02
 .418808E-07 .472276E-07 .513196E-03 .897302E-03 .529906E-02 .529906E-02
 .492650E-07 .531391E-07 .507429E-03 .129922E-02 .386286E-02 .386286E-02
 .548236E-07 .573151E-07 .494706E-03 .165908E-02 .312209E-02 .312209E-02
 .883282E-07 .817728E-07 .429619E-03 .426048E-02 .135121E-02 .135121E-02
 .983478E-07 .836894E-07 .341442E-03 .732973E-02 .961236E-03 .961236E-03
 .892718E-07 .801442E-07 .388627E-03 .508284E-02 .121222E-02 .121222E-02
 .118312E-06 .963413E-07 .294860E-03 .105639E-01 .662189E-03 .662189E-03
 .247078E-07 .332835E-07 .476933E-03 .159595E-03 .998792E-02 .998792E-02
 .207401E-07 .291046E-07 .443896E-03 .825764E-04 .790288E-02 .790288E-02
 .264515E-07 .349974E-07 .490299E-03 .201846E-03 .103419E-01 .103419E-01
 .282852E-07 .366249E-07 .500427E-03 .257999E-03 .100555E-01 .100555E-01
 .306864E-07 .387699E-07 .513834E-03 .335845E-03 .927741E-02 .927741E-02
 .377921E-07 .444856E-07 .525593E-03 .642063E-03 .656133E-02 .656133E-02
 .598159E-07 .603199E-07 .466282E-03 .213500E-02 .253451E-02 .253451E-02
 .680557E-07 .657268E-07 .437091E-03 .291912E-02 .195633E-02 .195633E-02
 .780255E-07 .723541E-07 .409093E-03 .393982E-02 .151411E-02 .151411E-02
 .479454E-07 .518282E-07 .500025E-03 .126064E-02 .399990E-02 .399990E-02
 .540049E-07 .558868E-07 .473399E-03 .173356E-02 .301897E-02 .301897E-02
 .859626E-07 .765261E-07 .372003E-03 .524292E-02 .120783E-02 .120783E-02
 .620993E-07 .612908E-07 .443730E-03 .244966E-02 .225437E-02 .225437E-02
 .729439E-07 .683138E-07 .407575E-03 .358434E-02 .163710E-02 .163710E-02
