   0.00000000    
   0.00000000    
   0.00000000    
   0.00000000    
   0.00000000    
   0.00000000    
   0.00000000    
   0.00000000    
   0.00000000    
   0.00000000    
   0.00000000    
   0.00000000    
   0.00000000    
   0.00000000    
   0.00000000    
   0.00000000    
   0.00000000    
   0.00000000    
   0.00000000    
   0.00000000    
   0.00000000    
   0.00000000    
   0.00000000    
   0.00000000    
   0.00000000    
   0.00000000    
   0.00000000    
   0.00000000    
   0.00000000    
   0.00000000    
   0.00000000    
   0.00000000    
   0.00000000    
   0.00000000    
   0.00000000    
   6.86636248E-43
   5.01260021E-37
   1.34504836E-31
   1.32779850E-26
   4.82194548E-22
   6.44203546E-18
   3.16637111E-14
   5.72569075E-11
   3.80980865E-08
   9.33192860E-06
   8.42418754E-04
   2.81175189E-02
  0.350287229    
   1.67943668    
   3.44487000    
   4.03265619    
   3.44486690    
   1.67943501    
  0.350283891    
   2.81171203E-02
   8.42418754E-04
   9.33192769E-06
   3.80980865E-08
   5.72550549E-11
   3.16626201E-14
   6.44203546E-18
   4.82194548E-22
   1.32779850E-26
   1.34500734E-31
   5.01240918E-37
   6.86636248E-43
   0.00000000    
   0.00000000    
   0.00000000    
   0.00000000    
   0.00000000    
   0.00000000    
   0.00000000    
   0.00000000    
   0.00000000    
   0.00000000    
   0.00000000    
   0.00000000    
   0.00000000    
   0.00000000    
   0.00000000    
   0.00000000    
   0.00000000    
   0.00000000    
   0.00000000    
   0.00000000    
   0.00000000    
   0.00000000    
   0.00000000    
   0.00000000    
   0.00000000    
   0.00000000    
   0.00000000    
   0.00000000    
   0.00000000    
   0.00000000    
   0.00000000    
   0.00000000    
   0.00000000    
   0.00000000    
   0.00000000    
