   0.00000000    
   0.00000000    
   0.00000000    
   0.00000000    
   0.00000000    
   0.00000000    
   0.00000000    
   0.00000000    
   0.00000000    
   0.00000000    
   0.00000000    
   0.00000000    
   0.00000000    
   0.00000000    
   0.00000000    
   0.00000000    
   0.00000000    
   0.00000000    
   0.00000000    
   0.00000000    
   0.00000000    
   1.40129846E-45
   1.78627999E-39
   4.79331148E-34
   4.73190244E-29
   1.71856070E-24
   2.29648086E-20
   1.12937523E-16
   2.04545324E-13
   1.36685663E-10
   3.38722757E-08
   3.15641091E-06
   1.14930735E-04
   1.81428646E-03
   1.57320052E-02
  0.100533932    
  0.518823683    
   2.21887064    
   8.23219013    
   26.5958366    
   76.4561539    
   195.997803    
   452.278351    
   941.489136    
   1773.64771    
   3029.47803    
   4691.88135    
   6598.31445    
   8414.63770    
   9743.48633    
   10226.4355    
   9743.48438    
   8414.63477    
   6598.31104    
   4691.87842    
   3029.47583    
   1773.64636    
   941.488281    
   452.277893    
   195.997559    
   76.4560547    
   26.5957947    
   8.23217678    
   2.21886635    
  0.518822610    
  0.100533679    
   1.57319605E-02
   1.81427959E-03
   1.14930175E-04
   3.15639249E-06
   3.38720128E-08
   1.36684622E-10
   2.04542939E-13
   1.12936001E-16
   2.29644644E-20
   1.71853467E-24
   4.73183112E-29
   4.79323939E-34
   1.78625337E-39
   1.40129846E-45
   0.00000000    
   0.00000000    
   0.00000000    
   0.00000000    
   0.00000000    
   0.00000000    
   0.00000000    
   0.00000000    
   0.00000000    
   0.00000000    
   0.00000000    
   0.00000000    
   0.00000000    
   0.00000000    
   0.00000000    
   0.00000000    
   0.00000000    
   0.00000000    
   0.00000000    
   0.00000000    
