   0.00000000    
   0.00000000    
   0.00000000    
   0.00000000    
   0.00000000    
   0.00000000    
   3.04461359E-26
   2.22310396E-20
   5.96513255E-15
   5.88809279E-10
   2.13775184E-05
  0.285407662    
   1400.26245    
   2519475.50    
   1.65376269E+09
   3.90181585E+11
   3.16946042E+13
   7.68295024E+14
   2.32673813E+15
  -1.44623607E+16
   1.95969978E+17
  -7.10043100E+17
   2.44688341E+18
  -7.23687146E+17
  -2.56281977E+19
   2.02987896E+20
  -9.23579282E+20
   3.47779391E+21
  -1.09378868E+22
   3.06823194E+22
  -7.63670525E+22
   1.72885714E+23
  -3.53183380E+23
   6.56707764E+23
  -1.09370083E+24
   1.61187448E+24
  -1.98248614E+24
   1.73313675E+24
   3.85500202E+22
  -4.63779537E+24
   1.38838036E+25
  -2.97077273E+25
   5.40201602E+25
  -8.77991784E+25
   1.30930110E+26
  -1.81192867E+26
   2.34802204E+26
  -2.85995055E+26
   3.28764292E+26
  -3.57062225E+26
   3.67082533E+26
  -3.57060860E+26
   3.28761710E+26
  -2.85991587E+26
   2.34798183E+26
  -1.81188643E+26
   1.30926034E+26
  -8.77955075E+25
   5.40170427E+25
  -2.97052347E+25
   1.38819093E+25
  -4.63643809E+24
   3.76244539E+22
   1.73373482E+24
  -1.98285263E+24
   1.61208734E+24
  -1.09381778E+24
   6.56768436E+23
  -3.53213031E+23
   1.72899351E+23
  -7.63729432E+22
   3.06846816E+22
  -1.09387684E+22
   3.47809734E+21
  -9.23674773E+20
   2.03015041E+20
  -2.56350762E+19
  -7.22181159E+17
   2.44660716E+18
  -7.10005373E+17
   1.95967040E+17
  -1.44626184E+16
   2.32683933E+15
   7.68277576E+14
   3.16946063E+13
   3.90181519E+11
   1.65376346E+09
   2519392.00    
   1400.21289    
  0.285407662    
   2.13775184E-05
   5.88809279E-10
   5.96495128E-15
   2.22301930E-20
   3.04461359E-26
   0.00000000    
   0.00000000    
   0.00000000    
   0.00000000    
   0.00000000    
   0.00000000    
