   0.00000000    
   0.00000000    
   0.00000000    
   0.00000000    
   0.00000000    
   0.00000000    
   0.00000000    
   0.00000000    
   0.00000000    
   0.00000000    
   0.00000000    
   0.00000000    
   0.00000000    
   0.00000000    
   0.00000000    
   0.00000000    
   0.00000000    
   0.00000000    
   0.00000000    
   0.00000000    
   0.00000000    
   0.00000000    
   0.00000000    
   0.00000000    
   0.00000000    
   0.00000000    
   0.00000000    
   0.00000000    
   0.00000000    
   0.00000000    
   0.00000000    
   4.34402524E-44
   3.17202124E-38
   8.51176855E-33
   8.40260124E-28
   3.05158850E-23
   4.07735367E-19
   2.00460871E-15
   3.62779902E-12
   2.41912268E-09
   5.96038944E-07
   5.46725751E-05
   1.90613873E-03
   2.67472956E-02
  0.175318405    
  0.711036921    
   2.20390916    
   5.20928526    
   9.65517426    
   14.1329432    
   15.9793520    
   14.1329384    
   9.65516758    
   5.20928001    
   2.20390606    
  0.711035669    
  0.175318003    
   2.67472062E-02
   1.90612965E-03
   5.46722586E-05
   5.96034340E-07
   2.41910403E-09
   3.62775738E-12
   2.00458161E-15
   4.07729163E-19
   3.05154212E-23
   8.40247412E-28
   8.51163925E-33
   3.17197276E-38
   4.34402524E-44
   0.00000000    
   0.00000000    
   0.00000000    
   0.00000000    
   0.00000000    
   0.00000000    
   0.00000000    
   0.00000000    
   0.00000000    
   0.00000000    
   0.00000000    
   0.00000000    
   0.00000000    
   0.00000000    
   0.00000000    
   0.00000000    
   0.00000000    
   0.00000000    
   0.00000000    
   0.00000000    
   0.00000000    
   0.00000000    
   0.00000000    
   0.00000000    
   0.00000000    
   0.00000000    
   0.00000000    
   0.00000000    
   0.00000000    
   0.00000000    
