   0.00000000    
   8.09648731E-24
   4.03992173E-23
   1.92180299E-22
   9.05392902E-22
   4.22952916E-21
   1.95852975E-20
   8.98602424E-20
   4.08325276E-19
   1.83668259E-18
   8.17379598E-18
   3.59692541E-17
   1.56421045E-16
   6.71790036E-16
   2.84737029E-15
   1.19014719E-14
   4.90177153E-14
   1.98757487E-13
   7.92693331E-13
   3.10641985E-12
   1.19485958E-11
   4.50576243E-11
   1.66368030E-10
   6.00673011E-10
   2.11762563E-09
   7.27844585E-09
   2.43501646E-08
   7.91582124E-08
   2.49598713E-07
   7.61959427E-07
   2.24766131E-06
   6.39423979E-06
   1.75084388E-05
   4.60520023E-05
   1.16129755E-04
   2.80220411E-04
   6.45812135E-04
   1.41897961E-03
   2.96721421E-03
   5.89507772E-03
   1.11093326E-02
   1.98270660E-02
   3.34610529E-02
   5.33207878E-02
   8.01170692E-02
  0.113359883    
  0.150862873    
  0.188642398    
  0.221438378    
  0.243859217    
  0.251837969    
  0.243859187    
  0.221438333    
  0.188642353    
  0.150862813    
  0.113359824    
   8.01170319E-02
   5.33207543E-02
   3.34610343E-02
   1.98270511E-02
   1.11093232E-02
   5.89507213E-03
   2.96721142E-03
   1.41897809E-03
   6.45811378E-04
   2.80220062E-04
   1.16129588E-04
   4.60519332E-05
   1.75084115E-05
   6.39422933E-06
   2.24765745E-06
   7.61958120E-07
   2.49598259E-07
   7.91580561E-08
   2.43501184E-08
   7.27843075E-09
   2.11762119E-09
   6.00671735E-10
   1.66367670E-10
   4.50575167E-11
   1.19485671E-11
   3.10641248E-12
   7.92691379E-13
   1.98756972E-13
   4.90175832E-14
   1.19014389E-14
   2.84736203E-15
   6.71788024E-16
   1.56420569E-16
   3.59691449E-17
   8.17377116E-18
   1.83667700E-18
   4.08323983E-19
   8.98599581E-20
   1.95852313E-20
   4.22950130E-21
   9.05318989E-22
   1.91833226E-22
   3.87184418E-23
   0.00000000    
