   0.00000000    
   2.81608857E-20
   8.33562246E-20
   2.18573533E-19
   5.63621431E-19
   1.44974590E-18
   3.72762656E-18
   9.58402973E-18
   2.46411016E-17
   6.33536308E-17
   1.62885653E-16
   4.18787886E-16
   1.07672647E-15
   2.76832242E-15
   7.11750774E-15
   1.82994997E-14
   4.70490109E-14
   1.20965575E-13
   3.11009085E-13
   7.99621274E-13
   2.05587001E-12
   5.28575361E-12
   1.35899608E-11
   3.49405296E-11
   8.98340013E-11
   2.30968120E-10
   5.93831595E-10
   1.52677349E-09
   3.92541777E-09
   1.00924629E-08
   2.59482711E-08
   6.67144207E-08
   1.71526423E-07
   4.41003777E-07
   1.13384476E-06
   2.91517676E-06
   7.49507763E-06
   1.92702537E-05
   4.95448730E-05
   1.27382562E-04
   3.27507500E-04
   8.42039590E-04
   2.16492964E-03
   5.56615228E-03
   1.43108591E-02
   3.67888026E-02
   9.41211879E-02
  0.226869196    
  0.407912582    
  0.364873409    
  0.198660150    
  0.364872962    
  0.407912970    
  0.226868734    
   9.41209123E-02
   3.67886983E-02
   1.43108182E-02
   5.56613645E-03
   2.16492335E-03
   8.42037145E-04
   3.27506510E-04
   1.27382169E-04
   4.95447202E-05
   1.92701937E-05
   7.49505398E-06
   2.91516722E-06
   1.13384101E-06
   4.41002328E-07
   1.71525869E-07
   6.67142075E-08
   2.59481894E-08
   1.00924300E-08
   3.92540489E-09
   1.52676849E-09
   5.93829652E-10
   2.30967356E-10
   8.98337099E-11
   3.49404117E-11
   1.35899148E-11
   5.28573582E-12
   2.05586308E-12
   7.99618564E-13
   3.11008001E-13
   1.20965155E-13
   4.70488449E-14
   1.82994353E-14
   7.11748233E-15
   2.76831247E-15
   1.07672255E-15
   4.18786324E-16
   1.62885045E-16
   6.33533925E-17
   2.46410090E-17
   9.58399334E-18
   3.72761292E-18
   1.44974063E-18
   5.63619363E-19
   2.18572757E-19
   8.33559209E-20
   2.81607823E-20
   0.00000000    
