   0.00000000    
   1.43162697E-05
   2.98890081E-05
   4.80487506E-05
   7.02757679E-05
   9.82787242E-05
   1.34077753E-04
   1.80092466E-04
   2.39235655E-04
   3.15012177E-04
   4.11622052E-04
   5.34065708E-04
   6.88249129E-04
   8.81082495E-04
   1.12057198E-03
   1.41589053E-03
   1.77742925E-03
   2.21681199E-03
   2.74687167E-03
   3.38156987E-03
   4.13586618E-03
   5.02550509E-03
   6.06673444E-03
   7.27594038E-03
   8.66919756E-03
   1.02617787E-02
   1.20675210E-02
   1.40981767E-02
   1.63624343E-02
   1.88654773E-02
   2.16091219E-02
   2.45918911E-02
   2.78022587E-02
   3.12094335E-02
   3.47941145E-02
   3.86274569E-02
   4.26859856E-02
   4.62461002E-02
   4.93479855E-02
   5.68936504E-02
   6.32912293E-02
   3.81472073E-02
   8.45692828E-02
  0.170346797    
 -0.318380147    
  0.770319581    
 -0.513446093    
 -0.269148678    
   2.14048839    
  -3.70807791    
   4.60427570    
  -3.70804477    
   2.14043427    
 -0.269091755    
 -0.513491809    
  0.770348251    
 -0.318394274    
  0.170352116    
   8.45679045E-02
   3.81474048E-02
   6.32911772E-02
   5.68936691E-02
   4.93479744E-02
   4.62461002E-02
   4.26860042E-02
   3.86274345E-02
   3.47941369E-02
   3.12094260E-02
   2.78022587E-02
   2.45918967E-02
   2.16091257E-02
   1.88654605E-02
   1.63624492E-02
   1.40981646E-02
   1.20675247E-02
   1.02617759E-02
   8.66919849E-03
   7.27593759E-03
   6.06673351E-03
   5.02550276E-03
   4.13586572E-03
   3.38156917E-03
   2.74687004E-03
   2.21681129E-03
   1.77742855E-03
   1.41588971E-03
   1.12057116E-03
   8.81081796E-04
   6.88248430E-04
   5.34065359E-04
   4.11621644E-04
   3.15011916E-04
   2.39235451E-04
   1.80092306E-04
   1.34077636E-04
   9.82786296E-05
   7.02757025E-05
   4.80487033E-05
   2.98889754E-05
   1.43162524E-05
   0.00000000    
