   0.00000000    
   1.42493161E-34
   9.09672191E-34
   5.65699750E-33
   3.51024977E-32
   2.17457686E-31
   1.34483456E-30
   8.30202120E-30
   5.11540776E-29
   3.14568806E-28
   1.93038578E-27
   1.18199598E-26
   7.22066943E-26
   4.40017541E-25
   2.67442168E-24
   1.62101718E-23
   9.79641046E-23
   5.90179837E-22
   3.54362478E-21
   2.12009541E-20
   1.26355664E-19
   7.49963871E-19
   4.43151673E-18
   2.60599728E-17
   1.52450353E-16
   8.86780021E-16
   5.12636029E-15
   2.94339206E-14
   1.67738856E-13
   9.48023886E-13
   5.30885145E-12
   2.94240084E-11
   1.61197597E-10
   8.71554273E-10
   4.64183803E-09
   2.42963303E-08
   1.24623000E-07
   6.24148868E-07
   3.03802767E-06
   1.42847648E-05
   6.43613384E-05
   2.74849561E-04
   1.09587039E-03
   3.99674615E-03
   1.29849827E-02
   3.65430936E-02
   8.75123292E-02
  0.176865801    
  0.296935022    
  0.408828139    
  0.456390053    
  0.408828050    
  0.296934843    
  0.176865652    
   8.75122324E-02
   3.65430452E-02
   1.29849631E-02
   3.99673870E-03
   1.09586830E-03
   2.74849008E-04
   6.43611929E-05
   1.42847312E-05
   3.03802040E-06
   6.24147276E-07
   1.24622673E-07
   2.42962628E-08
   4.64182470E-09
   8.71551664E-10
   1.61197125E-10
   2.94239182E-11
   5.30883540E-12
   9.48021067E-13
   1.67738328E-13
   2.94338223E-14
   5.12634335E-15
   8.86777057E-16
   1.52449824E-16
   2.60598818E-17
   4.43150102E-18
   7.49961131E-19
   1.26355199E-19
   2.12008750E-20
   3.54361145E-21
   5.90177565E-22
   9.79637259E-23
   1.62101087E-23
   2.67441143E-24
   4.40015815E-25
   7.22064046E-26
   1.18199128E-26
   1.93037807E-27
   3.14567506E-28
   5.11538609E-29
   8.30198584E-30
   1.34482873E-30
   2.17456628E-31
   3.51017542E-32
   5.65330865E-33
   8.86804969E-34
   0.00000000    
