1,314,315,316,278,3
2,315,359,360,316,3
3,359,403,362,360,3
4,403,406,407,362,3
5,406,448,449,407,3
6,448,491,492,449,3
7,278,316,317,279,3
8,316,360,318,317,3
9,360,362,363,318,3
10,362,407,408,363,3
11,407,449,451,408,3
12,449,492,494,451,3
13,279,317,281,280,3
14,317,318,319,281,3
15,318,363,364,319,3
16,363,408,409,364,3
17,408,451,452,409,3
18,451,494,496,452,3
19,280,281,282,246,3
20,281,319,320,282,3
21,319,364,365,320,3
22,364,409,410,365,3
23,409,452,453,410,3
24,452,496,497,453,3
25,491,533,534,492,3
26,533,574,575,534,3
27,574,619,620,575,3
28,492,534,536,494,3
29,534,575,578,536,3
30,575,620,622,578,3
31,494,536,537,496,3
32,536,578,579,537,3
33,578,622,624,579,3
34,496,537,538,497,3
35,537,579,580,538,3
36,579,624,625,580,3
37,622,664,665,624,3
38,664,708,709,665,3
39,708,753,754,709,3
40,624,665,668,625,3
41,665,709,710,668,3
42,709,754,755,710,3
43,966,967,951,950,3
44,967,968,953,951,3
45,968,963,962,953,3
46,963,942,943,962,3
47,942,941,913,943,3
48,941,911,912,913,3
49,911,879,880,912,3
50,879,841,842,880,3
51,841,802,799,842,3
52,802,755,754,799,3
53,950,951,926,925,3
54,951,953,954,926,3
55,953,962,961,954,3
56,962,943,939,961,3
57,943,913,914,939,3
58,913,912,882,914,3
59,912,880,881,882,3
60,880,842,843,881,3
61,842,799,800,843,3
62,799,754,753,800,3
63,925,926,927,895,3
64,926,954,955,927,3
65,954,961,960,955,3
66,961,939,938,960,3
67,939,914,909,938,3
68,914,882,883,909,3
69,882,881,845,883,3
70,881,843,844,845,3
71,843,800,801,844,3
72,800,753,797,801,3
73,884,915,916,885,3
74,915,944,945,916,3
75,944,964,965,945,3
76,964,969,957,965,3
77,885,916,917,886,3
78,916,945,946,917,3
79,945,965,947,946,3
80,965,957,949,947,3
81,886,917,918,887,3
82,917,946,919,918,3
83,946,947,948,919,3
84,947,949,923,948,3
85,887,918,889,888,3
86,918,919,920,889,3
87,919,948,921,920,3
88,948,923,922,921,3
89,888,889,890,851,3
90,889,920,891,890,3
91,920,921,892,891,3
92,921,922,893,892,3
93,714,759,760,715,3
94,759,804,805,760,3
95,804,846,847,805,3
96,846,884,885,847,3
97,715,760,761,716,3
98,760,805,806,761,3
99,805,847,848,806,3
100,847,885,886,848,3
101,716,761,762,717,3
102,761,806,807,762,3
103,806,848,849,807,3
104,848,886,887,849,3
105,22,23,10,9,3
106,23,25,13,10,3
107,25,30,14,13,3
108,30,31,32,14,3
109,31,50,51,32,3
110,50,73,74,51,3
111,73,99,100,74,3
112,99,126,127,100,3
113,126,154,155,127,3
114,154,185,186,155,3
115,185,217,218,186,3
116,217,252,253,218,3
117,252,289,290,253,3
118,289,327,328,290,3
119,327,372,373,328,3
120,372,417,418,373,3
121,417,460,419,418,3
122,460,461,462,419,3
123,461,503,504,462,3
124,503,543,544,504,3
125,543,585,586,544,3
126,585,630,631,586,3
127,630,673,674,631,3
128,673,714,715,674,3
129,9,10,3,2,3
130,10,13,5,3,3
131,13,14,15,5,3
132,14,32,33,15,3
133,32,51,52,33,3
134,51,74,75,52,3
135,74,100,101,75,3
136,100,127,128,101,3
137,127,155,156,128,3
138,155,186,187,156,3
139,186,218,219,187,3
140,218,253,254,219,3
141,253,290,291,254,3
142,290,328,329,291,3
143,328,373,374,329,3
144,373,418,375,374,3
145,418,419,420,375,3
146,419,462,463,420,3
147,462,504,505,463,3
148,504,544,545,505,3
149,544,586,587,545,3
150,586,631,632,587,3
151,631,674,675,632,3
152,674,715,716,675,3
153,2,3,1,4,3
154,3,5,6,1,3
155,5,15,16,6,3
156,15,33,34,16,3
157,33,52,53,34,3
158,52,75,76,53,3
159,75,101,102,76,3
160,101,128,129,102,3
161,128,156,157,129,3
162,156,187,188,157,3
163,187,219,220,188,3
164,219,254,255,220,3
165,254,291,292,255,3
166,291,329,330,292,3
167,329,374,331,330,3
168,374,375,376,331,3
169,375,420,421,376,3
170,420,463,464,421,3
171,463,505,506,464,3
172,505,545,546,506,3
173,545,587,588,546,3
174,587,632,633,588,3
175,632,675,676,633,3
176,675,716,717,676,3
177,70,96,97,71,3
178,96,123,119,97,3
179,123,146,147,119,3
180,146,176,177,147,3
181,176,208,209,177,3
182,71,97,93,72,3
183,97,119,120,93,3
184,119,147,148,120,3
185,147,177,179,148,3
186,177,209,210,179,3
187,72,93,94,68,3
188,93,120,121,94,3
189,120,148,149,121,3
190,148,179,180,149,3
191,179,210,211,180,3
192,110,137,122,111,3
193,137,150,125,122,3
194,111,122,98,95,3
195,122,125,124,98,3
196,95,98,96,70,3
197,98,124,123,96,3
198,19,38,39,28,4
199,38,60,61,39,4
200,60,84,85,61,4
201,84,110,111,85,4
202,28,39,48,45,4
203,39,61,63,48,4
204,61,85,87,63,4
205,85,111,95,87,4
206,58,65,42,41,4
207,65,66,64,42,4
208,66,89,88,64,4
209,89,114,113,88,4
210,114,140,139,113,4
211,140,168,167,139,4
212,168,197,196,167,4
213,197,227,212,196,4
214,227,247,216,212,4
215,247,251,248,216,4
216,251,285,249,248,4
217,285,286,287,249,4
218,41,42,40,20,4
219,42,64,62,40,4
220,64,88,86,62,4
221,88,113,112,86,4
222,113,139,138,112,4
223,139,167,166,138,4
224,167,196,181,166,4
225,196,212,184,181,4
226,212,216,213,184,4
227,216,248,214,213,4
228,248,249,250,214,4
229,249,287,274,250,4
230,20,40,38,19,4
231,40,62,60,38,4
232,62,86,84,60,4
233,86,112,110,84,4
234,112,138,137,110,4
235,138,166,150,137,4
236,166,181,153,150,4
237,181,184,182,153,4
238,184,213,183,182,4
239,213,214,215,183,4
240,214,250,241,215,4
241,250,274,242,241,4
242,286,325,311,287,4
243,325,355,312,311,4
244,355,356,357,312,4
245,356,400,401,357,4
246,400,442,405,401,4
247,442,447,446,405,4
248,447,489,488,446,4
249,489,490,495,488,4
250,490,530,531,495,4
251,530,569,570,531,4
252,569,612,613,570,4
253,612,656,657,613,4
254,287,311,275,274,4
255,311,312,313,275,4
256,312,357,358,313,4
257,357,401,361,358,4
258,401,405,404,361,4
259,405,446,445,404,4
260,446,488,450,445,4
261,488,495,493,450,4
262,495,531,535,493,4
263,531,570,572,535,4
264,570,613,616,572,4
265,613,657,659,616,4
266,274,275,276,242,4
267,275,313,314,276,4
268,313,358,315,314,4
269,358,361,359,315,4
270,361,404,403,359,4
271,404,445,406,403,4
272,445,450,448,406,4
273,450,493,491,448,4
274,493,535,533,491,4
275,535,572,576,533,4
276,572,616,617,576,4
277,616,659,623,617,4
278,798,834,792,792,4
279,792,751,798,798,4
280,751,792,748,748,4
281,748,706,751,751,4
282,706,748,704,704,4
283,704,662,706,706,4
284,662,704,661,661,4
285,661,619,662,662,4
286,619,661,620,620,4
287,756,798,751,751,4
288,751,711,756,756,4
289,711,751,706,706,4
290,706,667,711,711,4
291,667,706,662,662,4
292,662,623,667,667,4
293,662,619,623,623,4
294,747,756,711,711,4
295,711,703,747,747,4
296,703,711,667,667,4
297,667,659,703,703,4
298,667,623,659,659,4
299,701,747,703,703,4
300,703,657,701,701,4
301,703,659,657,657,4
302,656,701,657,657,4
303,834,835,793,792,4
304,835,836,794,793,4
305,792,793,749,748,4
306,793,794,750,749,4
307,748,749,705,704,4
308,749,750,707,705,4
309,704,705,663,661,4
310,705,707,666,663,4
311,661,663,622,620,4
312,663,666,664,622,4
313,851,890,856,855,4
314,890,891,857,856,4
315,891,892,858,857,4
316,892,893,859,858,4
317,893,894,860,859,4
318,894,895,896,860,4
319,895,927,928,896,4
320,927,955,956,928,4
321,955,960,959,956,4
322,960,938,937,959,4
323,938,909,908,937,4
324,909,883,876,908,4
325,883,845,877,876,4
326,855,856,817,816,4
327,856,857,818,817,4
328,857,858,819,818,4
329,858,859,820,819,4
330,859,860,861,820,4
331,860,896,897,861,4
332,896,928,930,897,4
333,928,956,933,930,4
334,956,959,958,933,4
335,959,937,935,958,4
336,937,908,907,935,4
337,908,876,875,907,4
338,876,877,837,875,4
339,816,817,775,774,4
340,817,818,776,775,4
341,818,819,777,776,4
342,819,820,821,777,4
343,820,861,862,821,4
344,861,897,898,862,4
345,897,930,901,898,4
346,930,933,932,901,4
347,933,958,940,932,4
348,958,935,936,940,4
349,935,907,905,936,4
350,907,875,874,905,4
351,875,837,836,874,4
352,774,775,731,730,4
353,775,776,732,731,4
354,776,777,778,732,4
355,777,821,822,778,4
356,821,862,863,822,4
357,862,898,866,863,4
358,898,901,900,866,4
359,901,932,931,900,4
360,932,940,934,931,4
361,940,936,910,934,4
362,936,905,906,910,4
363,905,874,872,906,4
364,874,836,835,872,4
365,730,731,691,690,4
366,731,732,733,691,4
367,732,778,779,733,4
368,778,822,823,779,4
369,822,863,825,823,4
370,863,866,865,825,4
371,866,900,899,865,4
372,900,931,902,899,4
373,931,934,903,902,4
374,934,910,904,903,4
375,910,906,878,904,4
376,906,872,873,878,4
377,872,835,834,873,4
378,605,649,629,606,4
379,649,672,669,629,4
380,606,629,626,584,4
381,629,669,670,626,4
382,584,626,627,581,4
383,626,670,671,627,4
384,581,627,628,582,4
385,627,671,651,628,4
386,582,628,608,583,4
387,628,651,611,608,4
388,583,608,568,565,4
389,608,611,610,568,4
390,565,568,567,529,4
391,568,610,609,567,4
392,529,567,566,528,4
393,567,609,573,566,4
394,528,566,532,527,4
395,566,573,571,532,4
396,266,301,300,265,4
397,301,337,335,300,4
398,265,300,298,264,4
399,300,335,336,298,4
400,264,298,299,262,4
401,298,336,334,299,4
402,262,299,297,263,4
403,299,334,321,297,4
404,263,297,283,261,4
405,297,321,322,283,4
406,261,283,284,247,4
407,283,322,288,284,4
408,7,4,1,1,4
409,1,8,7,7,4
410,8,1,6,6,4
411,6,17,8,8,4
412,17,6,16,16,4
413,16,35,17,17,4
414,35,16,34,34,4
415,34,54,35,35,4
416,54,34,53,53,4
417,18,7,8,8,4
418,8,21,18,18,4
419,21,8,17,17,4
420,17,36,21,21,4
421,36,17,35,35,4
422,35,55,36,36,4
423,35,54,55,55,4
424,37,18,21,21,4
425,21,43,37,37,4
426,43,21,36,36,4
427,36,56,43,43,4
428,36,55,56,56,4
429,57,37,43,43,4
430,43,67,57,57,4
431,43,56,67,67,4
432,81,57,67,67,4
433,53,76,77,54,4
434,76,102,103,77,4
435,102,129,130,103,4
436,129,157,158,130,4
437,157,188,189,158,4
438,188,220,221,189,4
439,220,255,256,221,4
440,255,292,293,256,4
441,292,330,294,293,4
442,330,331,332,294,4
443,331,376,377,332,4
444,376,421,394,377,4
445,54,77,78,55,4
446,77,103,104,78,4
447,103,130,131,104,4
448,130,158,159,131,4
449,158,189,190,159,4
450,189,221,222,190,4
451,221,256,257,222,4
452,256,293,258,257,4
453,293,294,295,258,4
454,294,332,333,295,4
455,332,377,351,333,4
456,377,394,395,351,4
457,55,78,79,56,4
458,78,104,105,79,4
459,104,131,132,105,4
460,131,159,160,132,4
461,159,190,191,160,4
462,190,222,223,191,4
463,222,257,224,223,4
464,257,258,259,224,4
465,258,295,296,259,4
466,295,333,308,296,4
467,333,351,352,308,4
468,351,395,396,352,4
469,56,79,80,67,4
470,79,105,106,80,4
471,105,132,133,106,4
472,132,160,161,133,4
473,160,191,192,161,4
474,191,223,193,192,4
475,223,224,225,193,4
476,224,259,260,225,4
477,259,296,272,260,4
478,296,308,309,272,4
479,308,352,353,309,4
480,352,396,397,353,4
481,67,80,92,81,4
482,80,106,107,92,4
483,106,133,134,107,4
484,133,161,162,134,4
485,161,192,163,162,4
486,192,193,194,163,4
487,193,225,226,194,4
488,225,260,240,226,4
489,260,272,273,240,4
490,272,309,310,273,4
491,309,353,354,310,4
492,353,397,398,354,4
493,394,436,437,395,4
494,436,465,481,437,4
495,465,507,509,481,4
496,507,508,548,509,4
497,395,437,438,396,4
498,437,481,482,438,4
499,481,509,525,482,4
500,509,548,550,525,4
501,396,438,439,397,4
502,438,482,483,439,4
503,482,525,524,483,4
504,525,550,564,524,4
505,397,439,440,398,4
506,439,483,480,440,4
507,483,524,523,480,4
508,524,564,562,523,4
509,697,740,742,743,5
510,740,785,786,742,5
511,785,828,829,786,5
512,743,742,788,744,5
513,742,786,789,788,5
514,786,829,830,789,5
515,744,788,790,745,5
516,788,789,832,790,5
517,789,830,833,832,5
518,745,790,791,746,5
519,790,832,803,791,5
520,832,833,840,803,5
521,746,791,756,747,5
522,791,803,798,756,5
523,803,840,834,798,5
524,671,694,653,651,5
525,694,696,697,653,5
526,651,653,654,611,5
527,653,697,698,654,5
528,611,654,655,652,5
529,654,698,699,655,5
530,652,655,695,660,5
531,655,699,700,695,5
532,660,695,702,658,5
533,695,700,739,702,5
534,658,702,701,656,5
535,702,739,747,701,5
536,740,697,696,696,5
537,696,741,740,740,5
538,741,696,737,737,5
539,737,784,741,741,5
540,784,737,783,783,5
541,783,826,784,784,5
542,826,783,782,782,5
543,782,824,826,826,5
544,824,782,781,781,5
545,781,825,824,824,5
546,825,781,823,823,5
547,785,740,741,741,5
548,741,787,785,785,5
549,787,741,784,784,5
550,784,827,787,787,5
551,827,784,826,826,5
552,826,864,827,827,5
553,864,826,824,824,5
554,824,865,864,864,5
555,824,825,865,865,5
556,828,785,787,787,5
557,787,831,828,828,5
558,831,787,827,827,5
559,827,867,831,831,5
560,867,827,864,864,5
561,864,899,867,867,5
562,864,865,899,899,5
563,868,828,831,831,5
564,831,871,868,868,5
565,871,831,867,867,5
566,867,902,871,871,5
567,867,899,902,902,5
568,869,868,871,871,5
569,871,903,869,869,5
570,871,902,903,903,5
571,904,869,903,903,5
572,200,198,170,170,5
573,170,169,200,200,5
574,169,170,140,140,5
575,140,141,169,169,5
576,141,140,114,114,5
577,114,115,141,141,5
578,115,114,89,89,5
579,89,91,115,115,5
580,91,89,66,66,5
581,66,90,91,91,5
582,90,66,65,65,5
583,65,82,90,90,5
584,82,65,58,58,5
585,201,200,169,169,5
586,169,171,201,201,5
587,171,169,141,141,5
588,141,142,171,171,5
589,142,141,115,115,5
590,115,117,142,142,5
591,117,115,91,91,5
592,91,116,117,117,5
593,116,91,90,90,5
594,90,109,116,116,5
595,90,82,109,109,5
596,202,201,171,171,5
597,171,172,202,202,5
598,172,171,142,142,5
599,142,144,172,172,5
600,144,142,117,117,5
601,117,143,144,144,5
602,143,117,116,116,5
603,116,136,143,143,5
604,116,109,136,136,5
605,203,202,172,172,5
606,172,174,203,203,5
607,174,172,144,144,5
608,144,173,174,174,5
609,173,144,143,143,5
610,143,145,173,173,5
611,143,136,145,145,5
612,205,203,174,174,5
613,174,204,205,205,5
614,204,174,173,173,5
615,173,175,204,204,5
616,173,145,175,175,5
617,235,205,204,204,5
618,204,206,235,235,5
619,204,175,206,206,5
620,238,235,206,206,5
621,162,163,164,134,5
622,163,194,195,164,5
623,194,226,207,195,5
624,226,240,239,207,5
625,134,164,165,135,5
626,164,195,175,165,5
627,195,207,206,175,5
628,207,239,238,206,5
629,339,381,379,337,6
630,381,423,424,379,6
631,423,431,466,424,6
632,431,474,475,466,6
633,474,518,519,475,6
634,518,560,542,519,6
635,560,584,581,542,6
636,337,379,380,335,6
637,379,424,422,380,6
638,424,466,454,422,6
639,466,475,498,454,6
640,475,519,502,498,6
641,519,542,539,502,6
642,542,581,582,539,6
643,335,380,378,336,6
644,380,422,411,378,6
645,422,454,455,411,6
646,454,498,459,455,6
647,498,502,499,459,6
648,502,539,540,499,6
649,539,582,583,540,6
650,336,378,366,334,6
651,378,411,412,366,6
652,411,455,416,412,6
653,455,459,456,416,6
654,459,499,500,456,6
655,499,540,541,500,6
656,540,583,565,541,6
657,334,366,367,321,6
658,366,412,371,367,6
659,412,416,413,371,6
660,416,456,457,413,6
661,456,500,501,457,6
662,500,541,526,501,6
663,541,565,529,526,6
664,321,367,326,322,6
665,367,371,368,326,6
666,371,413,414,368,6
667,413,457,458,414,6
668,457,501,484,458,6
669,501,526,487,484,6
670,526,529,528,487,6
671,322,326,323,288,6
672,326,368,369,323,6
673,368,414,415,369,6
674,414,458,441,415,6
675,458,484,444,441,6
676,484,487,486,444,6
677,487,528,527,486,6
678,288,323,324,285,6
679,323,369,370,324,6
680,369,415,399,370,6
681,415,441,402,399,6
682,441,444,443,402,6
683,444,486,485,443,6
684,486,527,490,485,6
685,285,324,325,286,6
686,324,370,355,325,6
687,370,399,356,355,6
688,399,402,400,356,6
689,402,443,442,400,6
690,443,485,447,442,6
691,485,490,489,447,6
692,310,348,349,307,8
693,348,390,391,349,8
694,390,432,433,391,8
695,432,476,467,433,8
696,476,510,511,467,8
697,510,551,552,511,8
698,551,596,597,552,8
699,307,349,350,347,8
700,349,391,393,350,8
701,391,433,425,393,8
702,433,467,468,425,8
703,467,511,512,468,8
704,511,552,554,512,8
705,552,597,599,554,8
706,347,350,384,342,8
707,350,393,385,384,8
708,393,425,426,385,8
709,425,468,469,426,8
710,468,512,513,469,8
711,512,554,555,513,8
712,554,599,601,555,8
713,342,384,344,343,8
714,384,385,386,344,8
715,385,426,427,386,8
716,426,469,470,427,8
717,469,513,514,470,8
718,513,555,556,514,8
719,555,601,602,556,8
720,343,344,345,305,8
721,344,386,387,345,8
722,386,427,428,387,8
723,427,470,471,428,8
724,470,514,515,471,8
725,514,556,557,515,8
726,556,602,603,557,8
727,305,345,346,340,8
728,345,387,388,346,8
729,387,428,429,388,8
730,428,471,472,429,8
731,471,515,516,472,8
732,515,557,558,516,8
733,557,603,604,558,8
734,340,346,383,382,8
735,346,388,389,383,8
736,388,429,430,389,8
737,429,472,473,430,8
738,472,516,517,473,8
739,516,558,559,517,8
740,558,604,605,559,8
741,854,853,855,855,8
742,855,815,854,854,8
743,815,855,816,816,8
744,816,773,815,815,8
745,773,816,774,774,8
746,774,729,773,773,8
747,729,774,730,730,8
748,730,689,729,729,8
749,689,730,690,690,8
750,690,647,689,689,8
751,647,690,648,648,8
752,648,604,647,647,8
753,604,648,605,605,8
754,814,854,815,815,8
755,815,772,814,814,8
756,772,815,773,773,8
757,773,728,772,772,8
758,728,773,729,729,8
759,729,688,728,728,8
760,688,729,689,689,8
761,689,646,688,688,8
762,646,689,647,647,8
763,647,603,646,646,8
764,647,604,603,603,8
765,771,814,772,772,8
766,772,727,771,771,8
767,727,772,728,728,8
768,728,687,727,727,8
769,687,728,688,688,8
770,688,645,687,687,8
771,645,688,646,646,8
772,646,602,645,645,8
773,646,603,602,602,8
774,725,771,727,727,8
775,727,686,725,725,8
776,686,727,687,687,8
777,687,643,686,686,8
778,643,687,645,645,8
779,645,601,643,643,8
780,645,602,601,601,8
781,683,725,686,686,8
782,686,641,683,683,8
783,641,686,643,643,8
784,643,599,641,641,8
785,643,601,599,599,8
786,639,683,641,641,8
787,641,597,639,639,8
788,641,599,597,597,8
789,596,639,597,597,8
790,480,523,521,479,8
791,523,562,522,521,8
792,562,563,561,522,8
793,563,607,600,561,8
794,607,644,642,600,8
795,644,682,685,642,8
796,682,723,724,685,8
797,723,768,769,724,8
798,768,767,812,769,8
799,767,766,809,812,8
800,766,763,765,809,8
801,479,521,478,477,8
802,521,522,520,478,8
803,522,561,553,520,8
804,561,600,598,553,8
805,600,642,640,598,8
806,642,685,684,640,8
807,685,724,726,684,8
808,724,769,770,726,8
809,769,812,813,770,8
810,812,809,811,813,8
811,809,765,810,811,8
812,477,478,476,432,8
813,478,520,510,476,8
814,520,553,551,510,8
815,553,598,596,551,8
816,598,640,639,596,8
817,640,684,683,639,8
818,684,726,725,683,8
819,726,770,771,725,8
820,770,813,814,771,8
821,813,811,854,814,8
822,811,810,853,854,8
823,421,436,394,394,4
824,421,464,465,436,4
825,464,507,465,465,4
826,464,506,508,507,4
827,506,546,547,508,4
828,508,547,549,548,4
829,548,549,591,591,4
830,548,591,550,550,4
831,550,593,595,564,4
832,564,595,563,562,4
833,593,636,607,595,4
834,595,607,563,563,4
835,636,637,644,607,4
836,638,681,682,644,4
837,637,638,644,644,4
838,681,722,723,682,4
839,722,721,768,723,4
840,721,720,767,768,4
841,720,719,766,767,4
842,719,763,766,766,4
843,718,717,763,719,4
844,676,717,718,718,4
845,676,718,677,677,4
846,633,676,677,677,4
847,633,677,678,678,4
848,677,718,719,720,4
849,678,677,720,721,4
850,717,764,765,763,4
851,764,808,810,765,4
852,808,851,852,810,4
853,852,853,810,810,4
854,852,851,855,855,4
855,852,855,853,853,4
856,717,762,764,764,3
857,762,807,808,764,3
858,807,849,850,808,3
859,808,850,851,851,3
860,849,887,888,850,3
861,850,888,851,851,3
862,550,591,593,593,5
863,591,549,592,593,5
864,592,636,593,593,5
865,546,588,589,547,5
866,547,589,590,549,5
867,549,590,594,592,5
868,592,594,637,636,5
869,588,633,634,589,5
870,589,635,590,590,7
871,589,634,635,635,7
872,634,679,635,635,7
873,635,638,594,594,5
874,635,680,681,638,5
875,635,679,680,680,5
876,680,721,722,681,5
877,679,678,721,680,5
878,633,678,679,634,5
879,922,894,893,893,3
880,923,924,894,922,3
881,949,929,924,923,3
882,957,952,929,949,3
883,969,952,957,957,3
884,924,895,894,894,3
885,929,925,895,924,3
886,952,950,925,929,3
887,952,966,950,950,3
888,969,966,952,952,3
889,839,845,844,801,4
890,877,845,839,838,4
891,837,877,838,838,4
892,836,837,838,795,4
893,795,838,839,796,4
894,796,839,801,797,4
895,836,795,794,794,3
896,794,795,796,750,3
897,750,796,797,752,3
898,797,753,752,752,3
899,752,753,708,708,3
900,750,752,707,707,4
901,707,752,708,708,4
902,707,708,666,666,4
903,666,708,664,664,4
904,576,577,533,533,3
905,576,617,577,577,3
906,617,623,621,577,3
907,623,619,621,621,3
908,577,621,619,574,3
909,577,574,533,533,3
910,840,873,834,834,5
911,870,878,873,840,5
912,870,869,904,878,5
913,840,833,870,870,7
914,833,830,869,870,7
915,830,829,868,869,7
916,828,868,829,829,7
917,611,652,610,610,5
918,691,733,734,692,5
919,691,692,650,650,5
920,733,779,780,734,5
921,779,823,781,780,5
922,780,781,782,735,5
923,735,782,783,758,5
924,758,783,737,737,5
925,736,737,696,694,5
926,757,712,735,758,7
927,758,737,736,757,7
928,757,736,738,738,7
929,712,757,738,713,7
930,713,738,736,694,7
931,671,713,694,694,5
932,669,712,670,670,5
933,713,671,670,670,5
934,712,713,670,670,5
935,693,712,669,669,5
936,672,693,669,669,5
937,690,691,650,648,4
938,648,650,649,605,4
939,650,672,649,649,4
940,650,692,693,672,5
941,560,606,584,584,4
942,517,559,560,518,4
943,692,734,693,693,5
944,734,735,712,693,5
945,734,780,735,735,5
946,746,747,739,739,7
947,745,746,739,700,7
948,744,745,700,699,7
949,743,744,699,698,7
950,697,743,698,698,7
951,610,652,618,609,5
952,609,618,614,573,5
953,573,614,569,571,5
954,527,532,530,490,4
955,532,571,530,530,4
956,571,569,530,530,4
957,614,615,612,569,5
958,615,658,656,612,5
959,660,618,652,652,7
960,618,660,615,615,7
961,660,658,615,615,7
962,618,615,614,614,7
963,559,605,606,560,4
964,473,517,518,474,4
965,430,473,474,431,4
966,389,430,431,423,4
967,383,389,423,381,4
968,382,383,381,339,4
969,338,339,337,301,4
970,305,340,338,302,4
971,302,338,301,301,4
972,240,273,271,271,4
973,273,310,307,307,4
974,273,307,306,271,4
975,307,347,306,306,4
976,347,342,341,306,4
977,342,343,304,341,4
978,343,305,304,304,4
979,304,305,302,269,4
980,269,302,301,266,4
981,247,284,251,251,4
982,284,288,285,251,4
983,215,241,208,208,3
984,241,242,243,208,3
985,242,276,277,243,3
986,276,314,278,277,3
987,208,243,244,209,3
988,243,277,244,244,3
989,277,278,279,244,3
990,209,244,245,210,3
991,244,279,280,245,3
992,210,245,211,211,3
993,280,246,245,245,3
994,124,151,146,123,3
995,125,152,151,124,3
996,150,153,152,125,3
997,153,182,152,152,3
998,182,183,178,152,4
999,152,178,146,151,4
1000,183,176,178,178,4
1001,178,176,146,146,4
1002,183,208,176,176,4
1003,183,215,208,208,4
1004,87,95,70,69,4
1005,69,70,47,47,4
1006,63,87,69,69,4
1007,48,63,69,46,4
1008,46,69,47,47,4
1009,45,48,46,46,4
1010,26,45,46,27,4
1011,27,46,47,29,4
1012,70,71,47,47,3
1013,47,71,72,49,3
1014,49,72,68,68,3
1015,44,49,68,68,3
1016,29,47,49,44,3
1017,24,29,44,44,3
1018,12,27,29,24,3
1019,9,12,24,22,3
1020,2,11,12,9,3
1021,11,26,27,12,3
1022,4,11,2,2,3
1023,7,11,4,4,3
1024,7,19,11,11,3
1025,19,28,26,11,3
1026,28,45,26,26,3
1027,18,20,19,7,3
1028,37,20,18,18,3
1029,37,41,20,20,4
1030,37,58,41,41,4
1031,57,59,58,37,4
1032,81,59,57,57,4
1033,245,246,211,211,3
1034,340,382,339,338,4
1035,81,83,59,59,5
1036,83,82,58,59,5
1037,92,108,83,81,5
1038,108,109,82,83,5
1039,107,118,108,92,5
1040,108,118,109,109,5
1041,118,136,109,109,5
1042,107,135,118,118,5
1043,134,135,107,107,5
1044,135,145,136,118,7
1045,165,175,145,145,7
1046,240,271,270,239,5
1047,271,306,303,270,5
1048,306,341,304,303,5
1049,304,269,268,303,5
1050,269,266,237,268,5
1051,237,266,265,234,5
1052,236,237,234,205,5
1053,235,236,205,205,5
1054,135,165,145,145,7
1055,267,268,237,236,7
1056,267,236,235,238,7
1057,239,270,267,238,7
1058,205,234,203,203,7
1059,234,233,202,203,7
1060,233,231,201,202,7
1061,231,200,201,201,7
1062,232,230,229,229,7
1063,229,230,199,199,7
1064,230,228,199,199,7
1065,229,199,198,198,7
1066,265,264,233,234,5
1067,264,232,231,233,5
1068,264,262,230,232,5
1069,262,263,228,230,5
1070,263,261,228,228,5
1071,228,261,247,227,5
1072,199,228,227,197,5
1073,198,199,197,168,5
1074,170,198,168,168,5
1075,170,168,140,140,5
1076,200,229,198,198,5
1077,231,232,229,200,5
1078,635,594,590,590,5
1079,594,638,637,637,5
1080,268,267,270,303,7
1081,310,354,348,348,8
1082,354,398,392,392,8
1083,354,392,390,348,8
1084,398,440,435,435,8
1085,440,480,479,435,8
1086,435,479,477,434,8
1087,398,435,434,392,8
1088,392,434,432,390,8
1089,477,432,434,434,8